2.147981587381728730e-01
2.459452711754358256e-01
2.610079212325450149e-01
2.744604483753304569e-01
2.886946176724232149e-01
3.040365455759447277e-01
3.204311598775952397e-01
3.377724354940909723e-01
3.559560528706586791e-01
3.748807936278883979e-01
3.944450180387173432e-01
4.145450910477654349e-01
4.350755905304228843e-01
4.559305028221370404e-01
4.770048368641349734e-01
4.981963016365359431e-01
5.194068363300727853e-01
5.405438818429356695e-01
5.615213498606621556e-01
5.822602897336149885e-01
6.026892794008464893e-01
6.227445797199357980e-01
6.423700959532598898e-01
6.615171891288196271e-01
6.801443759450364057e-01
6.982169504645799885e-01
7.157065550839858403e-01
7.325907227806989219e-01
7.488524077385821931e-01
7.644795172589575749e-01
7.794644543860541619e-01
7.938036778611949895e-01
8.074972837889583532e-01
8.205486116627168647e-01
8.329638760715771806e-01
8.447518244198894966e-01
8.559234202691804461e-01
8.664915514064598367e-01
8.764707614079287890e-01
8.858770032668842331e-01
8.947274135592969690e-01
9.030401056054797593e-01
9.108339801308130701e-01
9.181285520152540069e-01
9.249437918356206989e-01
9.312999810341321405e-01
9.372175796813202453e-01
9.427171059332212222e-01
9.478190264056717274e-01
9.525436567983500691e-01
9.569110721953296705e-01
9.609410265461553191e-01
9.646528808918024556e-01
9.680655399442227305e-01
9.711973966580779161e-01
9.740662844507147478e-01
9.766894367336538263e-01
9.790834534181515059e-01
9.812642740509525119e-01
9.832471572262384552e-01
9.850466659078014331e-01
9.866766582831844046e-01
9.881502837601880973e-01
9.894799837067360659e-01
9.906774965283364764e-01
9.917538666737640840e-01
9.927194571593901395e-01
9.935839652059146321e-01
9.943564405880532808e-01
9.950453063078572580e-01
9.956583812155320734e-01
9.962029042175749582e-01
9.966855597303985181e-01
9.971125040579745802e-01
9.974893923940130191e-01
9.978214061723876815e-01
9.981132805135528585e-01
9.983693315391737322e-01
9.985934833517917664e-01
9.987892945007253998e-01
9.989599837792918491e-01
9.991084552215653281e-01
9.992373221890447077e-01
9.993489304586086197e-01
9.994453802428344691e-01
9.995285470920410864e-01
9.996001016441988796e-01
9.996615282040872685e-01
9.997141421467401479e-01
9.997591061523175560e-01
9.997974452900904030e-01
9.998300609782804216e-01
9.998577438541134121e-01
9.998811855947057348e-01
9.999009897343863473e-01
9.999176815278686403e-01
9.999317169114178006e-01
9.999434906159199166e-01
9.999533434866529902e-01
9.999615690646932453e-01
9.999684194843585505e-01
9.999741107400049733e-01
9.999788273739304012e-01
9.999827266352039334e-01
9.999859421569987639e-01
9.999885871975443541e-01
9.999907574871904625e-01
9.999925337213541043e-01
9.999939837363513995e-01
9.999951644023459263e-01
9.999961232649091647e-01
9.999968999640229672e-01
9.999975274567782790e-01
9.999980330675658502e-01
9.999984393872221045e-01
9.999987650404016382e-01
9.999990253384020145e-01
9.999992328327704794e-01
9.999993977832750680e-01
9.999995285522250699e-01
9.999996319356707630e-01
9.999997134406972688e-01
9.999997775168419922e-01
9.999998277486059628e-01
9.999998670150854752e-01
9.999998976219122149e-01
9.999999214099536404e-01
9.999999398445766907e-01
9.999999540887124505e-01
9.999999650624658010e-01
9.999999734915895333e-01
9.999999799467732542e-01
9.999999848753833298e-01
9.999999886270185545e-01
9.999999914740193008e-01
9.999999936278710644e-01
9.999999952522812263e-01
9.999999964735672986e-01
9.999999973888835658e-01
9.999999980727117821e-01
9.999999985819663095e-01
9.999999989599950290e-01
9.999999992397038406e-01
9.999999994459894959e-01
9.999999995976256439e-01
9.999999997087212211e-01
9.999999997898435522e-01
9.999999998488803277e-01
9.999999998916990762e-01
9.999999999226490965e-01
9.999999999449434851e-01
9.999999999609472390e-01
9.999999999723954147e-01
9.999999999805558870e-01
9.999999999863523614e-01
9.999999999904549686e-01
9.999999999933482098e-01
9.999999999953812502e-01
9.999999999968045561e-01
9.999999999977974285e-01
9.999999999984874322e-01
9.999999999989651611e-01
9.999999999992946753e-01
9.999999999995210498e-01
9.999999999996760369e-01
9.999999999997817302e-01
9.999999999998535616e-01
9.999999999999020783e-01
9.999999999999348299e-01
9.999999999999568123e-01
9.999999999999714673e-01
9.999999999999812372e-01
9.999999999999876765e-01
9.999999999999920064e-01
9.999999999999947820e-01
9.999999999999966693e-01
9.999999999999978906e-01
9.999999999999986677e-01
9.999999999999992228e-01
9.999999999999995559e-01
9.999999999999997780e-01
9.999999999999998890e-01
1.000000000000000000e+00
1.000000000000000000e+00
1.000000000000000000e+00
1.000000000000000000e+00
1.000000000000000000e+00
1.000000000000000000e+00
1.000000000000000000e+00
1.000000000000000000e+00
1.000000000000000000e+00
1.000000000000000000e+00
1.000000000000000000e+00
1.000000000000000000e+00
1.000000000000000000e+00
1.000000000000000000e+00
1.000000000000000000e+00
1.000000000000000000e+00
1.000000000000000000e+00
1.000000000000000000e+00
1.000000000000000000e+00
1.000000000000000000e+00
1.000000000000000000e+00
1.000000000000000000e+00
1.000000000000000000e+00
1.000000000000000000e+00
1.000000000000000000e+00
1.000000000000000000e+00
1.000000000000000000e+00
1.000000000000000000e+00
1.000000000000000000e+00
1.000000000000000000e+00
1.000000000000000000e+00
1.000000000000000000e+00
1.000000000000000000e+00
1.000000000000000000e+00
1.000000000000000000e+00
1.000000000000000000e+00
1.000000000000000000e+00
1.000000000000000000e+00
1.000000000000000000e+00
1.000000000000000000e+00
1.000000000000000000e+00
1.000000000000000000e+00
1.000000000000000000e+00
1.000000000000000000e+00
1.000000000000000000e+00
1.000000000000000000e+00
1.000000000000000000e+00
1.000000000000000000e+00
1.000000000000000000e+00
1.000000000000000000e+00
1.000000000000000000e+00
1.000000000000000000e+00
1.000000000000000000e+00
1.000000000000000000e+00
1.000000000000000000e+00
1.000000000000000000e+00
1.000000000000000000e+00
1.000000000000000000e+00
1.000000000000000000e+00
1.000000000000000000e+00
1.000000000000000000e+00
1.000000000000000000e+00
1.000000000000000000e+00
1.000000000000000000e+00
1.000000000000000000e+00
1.000000000000000000e+00
1.000000000000000000e+00
1.000000000000000000e+00
1.000000000000000000e+00
1.000000000000000000e+00
1.000000000000000000e+00
1.000000000000000000e+00
1.000000000000000000e+00
1.000000000000000000e+00
1.000000000000000000e+00
1.000000000000000000e+00
1.000000000000000000e+00
1.000000000000000000e+00
1.000000000000000000e+00
1.000000000000000000e+00
1.000000000000000000e+00
1.000000000000000000e+00
1.000000000000000000e+00
1.000000000000000000e+00
1.000000000000000000e+00
1.000000000000000000e+00
1.000000000000000000e+00
1.000000000000000000e+00
1.000000000000000000e+00
1.000000000000000000e+00
1.000000000000000000e+00
1.000000000000000000e+00
1.000000000000000000e+00
1.000000000000000000e+00
1.000000000000000000e+00
1.000000000000000000e+00
1.000000000000000000e+00
1.000000000000000000e+00
1.000000000000000000e+00
1.000000000000000000e+00
1.000000000000000000e+00
1.000000000000000000e+00
1.000000000000000000e+00
1.000000000000000000e+00
1.000000000000000000e+00
1.000000000000000000e+00
1.000000000000000000e+00
1.000000000000000000e+00
1.000000000000000000e+00
1.000000000000000000e+00
1.000000000000000000e+00
1.000000000000000000e+00
1.000000000000000000e+00
1.000000000000000000e+00
1.000000000000000000e+00
1.000000000000000000e+00
1.000000000000000000e+00
1.000000000000000000e+00
1.000000000000000000e+00
1.000000000000000000e+00
1.000000000000000000e+00
1.000000000000000000e+00
1.000000000000000000e+00
1.000000000000000000e+00
1.000000000000000000e+00
1.000000000000000000e+00
1.000000000000000000e+00
1.000000000000000000e+00
1.000000000000000000e+00
1.000000000000000000e+00
1.000000000000000000e+00
1.000000000000000000e+00
1.000000000000000000e+00
1.000000000000000000e+00
1.000000000000000000e+00
1.000000000000000000e+00
1.000000000000000000e+00
1.000000000000000000e+00
1.000000000000000000e+00
1.000000000000000000e+00
1.000000000000000000e+00
1.000000000000000000e+00
1.000000000000000000e+00
1.000000000000000000e+00
1.000000000000000000e+00
1.000000000000000000e+00
1.000000000000000000e+00
1.000000000000000000e+00
1.000000000000000000e+00
1.000000000000000000e+00
1.000000000000000000e+00
1.000000000000000000e+00
1.000000000000000000e+00
1.000000000000000000e+00
1.000000000000000000e+00
1.000000000000000000e+00
1.000000000000000000e+00
1.000000000000000000e+00
1.000000000000000000e+00
1.000000000000000000e+00
1.000000000000000000e+00
1.000000000000000000e+00
1.000000000000000000e+00
1.000000000000000000e+00
1.000000000000000000e+00
1.000000000000000000e+00
1.000000000000000000e+00
1.000000000000000000e+00
1.000000000000000000e+00
1.000000000000000000e+00
1.000000000000000000e+00
1.000000000000000000e+00
1.000000000000000000e+00
1.000000000000000000e+00
1.000000000000000000e+00
1.000000000000000000e+00
1.000000000000000000e+00
1.000000000000000000e+00
1.000000000000000000e+00
1.000000000000000000e+00
1.000000000000000000e+00
1.000000000000000000e+00
1.000000000000000000e+00
1.000000000000000000e+00
1.000000000000000000e+00
1.000000000000000000e+00
1.000000000000000000e+00
1.000000000000000000e+00
1.000000000000000000e+00
1.000000000000000000e+00
1.000000000000000000e+00
1.000000000000000000e+00
1.000000000000000000e+00
1.000000000000000000e+00
1.000000000000000000e+00
1.000000000000000000e+00
1.000000000000000000e+00
1.000000000000000000e+00
1.000000000000000000e+00
1.000000000000000000e+00
1.000000000000000000e+00
1.000000000000000000e+00
1.000000000000000000e+00
1.000000000000000000e+00
1.000000000000000000e+00
1.000000000000000000e+00
1.000000000000000000e+00
1.000000000000000000e+00
1.000000000000000000e+00
1.000000000000000000e+00
1.000000000000000000e+00
1.000000000000000000e+00
1.000000000000000000e+00
1.000000000000000000e+00
1.000000000000000000e+00
1.000000000000000000e+00
1.000000000000000000e+00
1.000000000000000000e+00
1.000000000000000000e+00
1.000000000000000000e+00
1.000000000000000000e+00
1.000000000000000000e+00
1.000000000000000000e+00
1.000000000000000000e+00
1.000000000000000000e+00
1.000000000000000000e+00
1.000000000000000000e+00
1.000000000000000000e+00
1.000000000000000000e+00
1.000000000000000000e+00
1.000000000000000000e+00
1.000000000000000000e+00
1.000000000000000000e+00
1.000000000000000000e+00
1.000000000000000000e+00
1.000000000000000000e+00
1.000000000000000000e+00
1.000000000000000000e+00
1.000000000000000000e+00
1.000000000000000000e+00
1.000000000000000000e+00
1.000000000000000000e+00
1.000000000000000000e+00
1.000000000000000000e+00
1.000000000000000000e+00
1.000000000000000000e+00
1.000000000000000000e+00
1.000000000000000000e+00
1.000000000000000000e+00
1.000000000000000000e+00
1.000000000000000000e+00
1.000000000000000000e+00
1.000000000000000000e+00
1.000000000000000000e+00
1.000000000000000000e+00
1.000000000000000000e+00
1.000000000000000000e+00
1.000000000000000000e+00
1.000000000000000000e+00
1.000000000000000000e+00
1.000000000000000000e+00
1.000000000000000000e+00
1.000000000000000000e+00
1.000000000000000000e+00
1.000000000000000000e+00
1.000000000000000000e+00
1.000000000000000000e+00
1.000000000000000000e+00
1.000000000000000000e+00
1.000000000000000000e+00
1.000000000000000000e+00
1.000000000000000000e+00
1.000000000000000000e+00
1.000000000000000000e+00
1.000000000000000000e+00
1.000000000000000000e+00
1.000000000000000000e+00
1.000000000000000000e+00
1.000000000000000000e+00
1.000000000000000000e+00
1.000000000000000000e+00
1.000000000000000000e+00
1.000000000000000000e+00
1.000000000000000000e+00
1.000000000000000000e+00
1.000000000000000000e+00
1.000000000000000000e+00
1.000000000000000000e+00
1.000000000000000000e+00
1.000000000000000000e+00
1.000000000000000000e+00
1.000000000000000000e+00
1.000000000000000000e+00
1.000000000000000000e+00
1.000000000000000000e+00
1.000000000000000000e+00
1.000000000000000000e+00
1.000000000000000000e+00
1.000000000000000000e+00
1.000000000000000000e+00
1.000000000000000000e+00
1.000000000000000000e+00
1.000000000000000000e+00
1.000000000000000000e+00
1.000000000000000000e+00
1.000000000000000000e+00
1.000000000000000000e+00
1.000000000000000000e+00
1.000000000000000000e+00
1.000000000000000000e+00
1.000000000000000000e+00
1.000000000000000000e+00
1.000000000000000000e+00
