2.150715835541450183e-01
2.473033300072650098e-01
2.641407842873587097e-01
2.798621187394805254e-01
2.967186775135865484e-01
3.149522761432450579e-01
3.344546573078521212e-01
3.550758816479651636e-01
3.766663543746498477e-01
3.990756595686346664e-01
4.221501289761525055e-01
4.457335260149534739e-01
4.696696022480364996e-01
4.938052820886156824e-01
5.179937334861801634e-01
5.420969438142934083e-01
5.659876496279916402e-01
5.895506083610096981e-01
6.126832770377440562e-01
6.352959979422080350e-01
6.573117995820558779e-01
6.786659147130532643e-01
6.993051034441398750e-01
7.191868533758551951e-01
7.382785130716230659e-01
7.565564012644078185e-01
7.740049225529577193e-01
7.906157109599226684e-01
8.063868153919659942e-01
8.213219354528321636e-01
8.354297118972201508e-01
8.487230729885262281e-01
8.612186358936625430e-01
8.729361608155198349e-01
8.838980546707138064e-01
8.941289206417767366e-01
9.036551497680617162e-01
9.125045508055122934e-01
9.207060148129129207e-01
9.282892112530926054e-01
9.352843127832680681e-01
9.417217463098902508e-01
9.476319682694532842e-01
9.530452624456881017e-01
9.579915589312311130e-01
9.625002730810445772e-01
9.666001634841889789e-01
9.703192081031408733e-01
9.736844978020350316e-01
9.767221465152750026e-01
9.794572173050926089e-01
9.819136635300703686e-01
9.841142843050425526e-01
9.860806933838008881e-01
9.878333005460979699e-01
9.893913045246708338e-01
9.907726964702365802e-01
9.919942729252902991e-01
9.930716572626590022e-01
9.940193285428634562e-01
9.948506567554131763e-01
9.955779434326551547e-01
9.962124666597341749e-01
9.967645295493281488e-01
9.972435113036188792e-01
9.976579200468631559e-01
9.980154466783208722e-01
9.983230190655648650e-01
9.985868559707974379e-01
9.988125201762867444e-01
9.990049703480855525e-01
9.991686112486265481e-01
9.993073419775754251e-01
9.994246019856062313e-01
9.995234146668376951e-01
9.996064283920007565e-01
9.996759548956118957e-01
9.997340049762627467e-01
9.997823215095026361e-01
9.998224098076996524e-01
9.998555653908391960e-01
9.998828992566586304e-01
9.999053607581162018e-01
9.999237582112764366e-01
9.999387773676540192e-01
9.999509978923001308e-01
9.999609079928605260e-01
9.999689173459160862e-01
9.999753684655554586e-01
9.999805466557257771e-01
9.999846886828588355e-01
9.999879902989224911e-01
9.999906127377343745e-01
9.999926882993903643e-01
9.999943251292593427e-01
9.999956112894071714e-01
9.999966182117210334e-01
9.999974036135713673e-01
9.999980139486970288e-01
9.999984864582249777e-01
9.999988508794158681e-01
9.999991308629065934e-01
9.999993451429294300e-01
9.999995084992422401e-01
9.999996325442990219e-01
9.999997263645151735e-01
9.999997970403173841e-01
9.999998500659835754e-01
9.999998896870444520e-01
9.999999191701987034e-01
9.999999410182524029e-01
9.999999571404928345e-01
9.999999689871140740e-01
9.999999776547868757e-01
9.999999839691796621e-01
9.999999885491611673e-01
9.999999918565145585e-01
9.999999942342511217e-01
9.999999959359955337e-01
9.999999971484163641e-01
9.999999980082642237e-01
9.999999986152514619e-01
9.999999990417399731e-01
9.999999993399930620e-01
9.999999995475762349e-01
9.999999996913594424e-01
9.999999997904682747e-01
9.999999998584485628e-01
9.999999999048466703e-01
9.999999999363560210e-01
9.999999999576463239e-01
9.999999999719584309e-01
9.999999999815299967e-01
9.999999999878977919e-01
9.999999999921119764e-01
9.999999999948860907e-01
9.999999999967024156e-01
9.999999999978852472e-01
9.999999999986511900e-01
9.999999999991445732e-01
9.999999999994605426e-01
9.999999999996617150e-01
9.999999999997890576e-01
9.999999999998692157e-01
9.999999999999193978e-01
9.999999999999505951e-01
9.999999999999699130e-01
9.999999999999817923e-01
9.999999999999890088e-01
9.999999999999934497e-01
9.999999999999961142e-01
9.999999999999976685e-01
9.999999999999986677e-01
9.999999999999992228e-01
9.999999999999995559e-01
9.999999999999997780e-01
9.999999999999998890e-01
1.000000000000000000e+00
1.000000000000000000e+00
1.000000000000000000e+00
1.000000000000000000e+00
1.000000000000000000e+00
1.000000000000000000e+00
1.000000000000000000e+00
1.000000000000000000e+00
1.000000000000000000e+00
1.000000000000000000e+00
1.000000000000000000e+00
1.000000000000000000e+00
1.000000000000000000e+00
1.000000000000000000e+00
1.000000000000000000e+00
1.000000000000000000e+00
1.000000000000000000e+00
1.000000000000000000e+00
1.000000000000000000e+00
1.000000000000000000e+00
1.000000000000000000e+00
1.000000000000000000e+00
1.000000000000000000e+00
1.000000000000000000e+00
1.000000000000000000e+00
1.000000000000000000e+00
1.000000000000000000e+00
1.000000000000000000e+00
1.000000000000000000e+00
1.000000000000000000e+00
1.000000000000000000e+00
1.000000000000000000e+00
1.000000000000000000e+00
1.000000000000000000e+00
1.000000000000000000e+00
1.000000000000000000e+00
1.000000000000000000e+00
1.000000000000000000e+00
1.000000000000000000e+00
1.000000000000000000e+00
1.000000000000000000e+00
1.000000000000000000e+00
1.000000000000000000e+00
1.000000000000000000e+00
1.000000000000000000e+00
1.000000000000000000e+00
1.000000000000000000e+00
1.000000000000000000e+00
1.000000000000000000e+00
1.000000000000000000e+00
1.000000000000000000e+00
1.000000000000000000e+00
1.000000000000000000e+00
1.000000000000000000e+00
1.000000000000000000e+00
1.000000000000000000e+00
1.000000000000000000e+00
1.000000000000000000e+00
1.000000000000000000e+00
1.000000000000000000e+00
1.000000000000000000e+00
1.000000000000000000e+00
1.000000000000000000e+00
1.000000000000000000e+00
1.000000000000000000e+00
1.000000000000000000e+00
1.000000000000000000e+00
1.000000000000000000e+00
1.000000000000000000e+00
1.000000000000000000e+00
1.000000000000000000e+00
1.000000000000000000e+00
1.000000000000000000e+00
1.000000000000000000e+00
1.000000000000000000e+00
1.000000000000000000e+00
1.000000000000000000e+00
1.000000000000000000e+00
1.000000000000000000e+00
1.000000000000000000e+00
1.000000000000000000e+00
1.000000000000000000e+00
1.000000000000000000e+00
1.000000000000000000e+00
1.000000000000000000e+00
1.000000000000000000e+00
1.000000000000000000e+00
1.000000000000000000e+00
1.000000000000000000e+00
1.000000000000000000e+00
1.000000000000000000e+00
1.000000000000000000e+00
1.000000000000000000e+00
1.000000000000000000e+00
1.000000000000000000e+00
1.000000000000000000e+00
1.000000000000000000e+00
1.000000000000000000e+00
1.000000000000000000e+00
1.000000000000000000e+00
1.000000000000000000e+00
1.000000000000000000e+00
1.000000000000000000e+00
1.000000000000000000e+00
1.000000000000000000e+00
1.000000000000000000e+00
1.000000000000000000e+00
1.000000000000000000e+00
1.000000000000000000e+00
1.000000000000000000e+00
1.000000000000000000e+00
1.000000000000000000e+00
1.000000000000000000e+00
1.000000000000000000e+00
1.000000000000000000e+00
1.000000000000000000e+00
1.000000000000000000e+00
1.000000000000000000e+00
1.000000000000000000e+00
1.000000000000000000e+00
1.000000000000000000e+00
1.000000000000000000e+00
1.000000000000000000e+00
1.000000000000000000e+00
1.000000000000000000e+00
1.000000000000000000e+00
1.000000000000000000e+00
1.000000000000000000e+00
1.000000000000000000e+00
1.000000000000000000e+00
1.000000000000000000e+00
1.000000000000000000e+00
1.000000000000000000e+00
1.000000000000000000e+00
1.000000000000000000e+00
1.000000000000000000e+00
1.000000000000000000e+00
1.000000000000000000e+00
1.000000000000000000e+00
1.000000000000000000e+00
1.000000000000000000e+00
1.000000000000000000e+00
1.000000000000000000e+00
1.000000000000000000e+00
1.000000000000000000e+00
1.000000000000000000e+00
1.000000000000000000e+00
1.000000000000000000e+00
1.000000000000000000e+00
1.000000000000000000e+00
1.000000000000000000e+00
1.000000000000000000e+00
1.000000000000000000e+00
1.000000000000000000e+00
1.000000000000000000e+00
1.000000000000000000e+00
1.000000000000000000e+00
1.000000000000000000e+00
1.000000000000000000e+00
1.000000000000000000e+00
1.000000000000000000e+00
1.000000000000000000e+00
1.000000000000000000e+00
1.000000000000000000e+00
1.000000000000000000e+00
1.000000000000000000e+00
1.000000000000000000e+00
1.000000000000000000e+00
1.000000000000000000e+00
1.000000000000000000e+00
1.000000000000000000e+00
1.000000000000000000e+00
1.000000000000000000e+00
1.000000000000000000e+00
1.000000000000000000e+00
1.000000000000000000e+00
1.000000000000000000e+00
1.000000000000000000e+00
1.000000000000000000e+00
1.000000000000000000e+00
1.000000000000000000e+00
1.000000000000000000e+00
1.000000000000000000e+00
1.000000000000000000e+00
1.000000000000000000e+00
1.000000000000000000e+00
1.000000000000000000e+00
1.000000000000000000e+00
1.000000000000000000e+00
1.000000000000000000e+00
1.000000000000000000e+00
1.000000000000000000e+00
1.000000000000000000e+00
1.000000000000000000e+00
1.000000000000000000e+00
1.000000000000000000e+00
1.000000000000000000e+00
1.000000000000000000e+00
1.000000000000000000e+00
1.000000000000000000e+00
1.000000000000000000e+00
1.000000000000000000e+00
1.000000000000000000e+00
1.000000000000000000e+00
1.000000000000000000e+00
1.000000000000000000e+00
1.000000000000000000e+00
1.000000000000000000e+00
1.000000000000000000e+00
1.000000000000000000e+00
1.000000000000000000e+00
1.000000000000000000e+00
1.000000000000000000e+00
1.000000000000000000e+00
1.000000000000000000e+00
1.000000000000000000e+00
1.000000000000000000e+00
1.000000000000000000e+00
1.000000000000000000e+00
1.000000000000000000e+00
1.000000000000000000e+00
1.000000000000000000e+00
1.000000000000000000e+00
1.000000000000000000e+00
1.000000000000000000e+00
1.000000000000000000e+00
1.000000000000000000e+00
