2.145892986255360513e-01
2.448962336088341685e-01
2.585633073610521526e-01
2.702211793779857318e-01
2.823774325046407574e-01
2.954266255808473129e-01
3.093532273973360613e-01
3.240796673693679408e-01
3.395287103676212226e-01
3.556283075859211773e-01
3.723084844309753061e-01
3.894989978544127207e-01
4.071283926710118073e-01
4.251239997050770825e-01
4.434124755349147518e-01
4.619206161507185548e-01
4.805762677518020110e-01
4.993092190209456049e-01
5.180520031605302389e-01
5.367405703431299413e-01
5.553148145551098924e-01
5.737189547842040938e-01
5.919017806281240413e-01
6.098167780884441447e-01
6.274221538103738061e-01
6.446807763699278215e-01
6.615600522025163466e-01
6.780317520054935931e-01
6.940718013460669411e-01
7.096600470375895586e-01
7.247800087782831913e-01
7.394186236686051128e-01
7.535659895779522888e-01
7.672151119270321784e-01
7.803616572785788685e-01
7.930037161653668010e-01
8.051415768053936661e-01
8.167775107335984996e-01
8.279155708927818935e-01
8.385614023511530624e-01
8.487220655306256800e-01
8.584058716219535867e-01
8.676222297159894570e-01
8.763815050830148223e-01
8.846948879744048755e-01
8.925742722946187202e-01
9.000321434897072814e-01
9.070814750153181061e-01
9.137356327775392195e-01
9.200082869796074592e-01
9.259133308529017281e-01
9.314648057987491292e-01
9.366768325159328112e-01
9.415635477354619143e-01
9.461390462276711988e-01
9.504173277860222813e-01
9.544122489264201814e-01
9.581374790701192579e-01
9.616064610023293824e-01
9.648323754176351130e-01
9.678281093776717192e-01
9.706062285166456860e-01
9.731789528368147701e-01
9.755581359395572028e-01
9.777552475387750741e-01
9.797813591026892643e-01
9.816471324681433908e-01
9.833628112688483913e-01
9.849382150160009841e-01
9.863827356667764779e-01
9.877053365136303498e-01
9.889145532253896809e-01
9.900184968699492494e-01
9.910248587481375049e-01
9.919409168690591638e-01
9.927735438989833128e-01
9.935292164186305675e-01
9.942140253274863726e-01
9.948336872384686558e-01
9.953935567118388228e-01
9.958986391835726870e-01
9.963536044504026634e-01
9.967628005813071734e-01
9.971302681332427920e-01
9.974597545572888579e-01
9.977547286899958179e-01
9.980183952334957809e-01
9.982537091367565951e-01
9.984633897991410656e-01
9.986499350260984453e-01
9.988156346752882220e-01
9.989625839396486517e-01
9.990926962218227292e-01
9.992077155618879214e-01
9.993092285874708436e-01
9.993986759620213656e-01
9.994773633132586488e-01
9.995464716295617835e-01
9.996070671173502564e-01
9.996601105172855384e-01
9.997064658814217575e-01
9.997469088172501461e-01
9.997821342079351581e-01
9.998127634209388326e-01
9.998393510197001177e-01
9.998623909950964395e-01
9.998823225350927935e-01
9.998995353523023599e-01
9.999143745901737379e-01
9.999271453292070122e-01
9.999381167150166450e-01
9.999475257302284925e-01
9.999555806321502871e-01
9.999624640779174456e-01
9.999683359584135012e-01
9.999733359617212214e-01
9.999775858862028910e-01
9.999811917225529534e-01
9.999842455233375338e-01
9.999868270776508528e-01
9.999890054075920576e-01
9.999908401023170912e-01
9.999923825044565451e-01
9.999936767627302103e-01
9.999947607636353597e-01
9.999956669541537613e-01
9.999964230665129294e-01
9.999970527551615973e-01
9.999975761552791775e-01
9.999980103713373980e-01
9.999983699034745710e-01
9.999986670187293036e-01
9.999989120735092163e-01
9.999991137930466234e-01
9.999992795130137058e-01
9.999994153879339098e-01
9.999995265705328151e-01
9.999996173657206278e-01
9.999996913624853434e-01
9.999997515466021447e-01
9.999998003967230931e-01
9.999998399661068627e-01
9.999998719519710422e-01
9.999998977542031708e-01
9.999999185249471845e-01
9.999999352103836614e-01
9.999999485858508397e-01
9.999999592852972796e-01
9.999999678259225977e-01
9.999999746287437929e-01
9.999999800357198820e-01
9.999999843239767428e-01
9.999999877175950180e-01
9.999999903973550985e-01
9.999999925087738051e-01
9.999999941687167659e-01
9.999999954708249650e-01
9.999999964899577432e-01
9.999999972858218955e-01
9.999999979059283062e-01
9.999999983879950261e-01
9.999999987618958253e-01
9.999999990512357106e-01
9.999999992746224642e-01
9.999999994466897135e-01
9.999999995789182750e-01
9.999999996802936275e-01
9.999999997578316036e-01
9.999999998169966098e-01
9.999999998620345831e-01
9.999999998962364467e-01
9.999999999221467206e-01
9.999999999417279462e-01
9.999999999564900266e-01
9.999999999675917017e-01
9.999999999759200398e-01
9.999999999821523877e-01
9.999999999868045553e-01
9.999999999902684511e-01
9.999999999928411709e-01
9.999999999947470908e-01
9.999999999961554087e-01
9.999999999971933562e-01
9.999999999979564125e-01
9.999999999985158539e-01
9.999999999989249710e-01
9.999999999992233990e-01
9.999999999994404476e-01
9.999999999995979882e-01
9.999999999997120081e-01
9.999999999997942757e-01
9.999999999998534506e-01
9.999999999998959721e-01
9.999999999999263922e-01
9.999999999999480416e-01
9.999999999999634737e-01
9.999999999999744649e-01
9.999999999999822364e-01
9.999999999999876765e-01
9.999999999999915623e-01
9.999999999999942268e-01
9.999999999999961142e-01
9.999999999999974465e-01
9.999999999999983347e-01
9.999999999999990008e-01
9.999999999999994449e-01
9.999999999999997780e-01
1.000000000000000000e+00
1.000000000000000222e+00
1.000000000000000222e+00
1.000000000000000222e+00
1.000000000000000222e+00
1.000000000000000222e+00
1.000000000000000222e+00
1.000000000000000222e+00
1.000000000000000222e+00
1.000000000000000222e+00
1.000000000000000222e+00
1.000000000000000222e+00
1.000000000000000222e+00
1.000000000000000222e+00
1.000000000000000222e+00
1.000000000000000222e+00
1.000000000000000222e+00
1.000000000000000222e+00
1.000000000000000222e+00
1.000000000000000222e+00
1.000000000000000222e+00
1.000000000000000222e+00
1.000000000000000222e+00
1.000000000000000222e+00
1.000000000000000222e+00
1.000000000000000222e+00
1.000000000000000222e+00
1.000000000000000222e+00
1.000000000000000222e+00
1.000000000000000222e+00
1.000000000000000222e+00
1.000000000000000222e+00
1.000000000000000222e+00
1.000000000000000222e+00
1.000000000000000222e+00
1.000000000000000222e+00
1.000000000000000222e+00
1.000000000000000222e+00
1.000000000000000222e+00
1.000000000000000222e+00
1.000000000000000222e+00
1.000000000000000222e+00
1.000000000000000222e+00
1.000000000000000222e+00
1.000000000000000222e+00
1.000000000000000222e+00
1.000000000000000222e+00
1.000000000000000222e+00
1.000000000000000222e+00
1.000000000000000222e+00
1.000000000000000222e+00
1.000000000000000222e+00
1.000000000000000222e+00
1.000000000000000222e+00
1.000000000000000222e+00
1.000000000000000222e+00
1.000000000000000222e+00
1.000000000000000222e+00
1.000000000000000222e+00
1.000000000000000222e+00
1.000000000000000222e+00
1.000000000000000222e+00
1.000000000000000222e+00
1.000000000000000222e+00
1.000000000000000222e+00
1.000000000000000222e+00
1.000000000000000222e+00
1.000000000000000222e+00
1.000000000000000222e+00
1.000000000000000222e+00
1.000000000000000222e+00
1.000000000000000222e+00
1.000000000000000222e+00
1.000000000000000222e+00
1.000000000000000222e+00
1.000000000000000222e+00
1.000000000000000222e+00
1.000000000000000222e+00
1.000000000000000222e+00
1.000000000000000222e+00
1.000000000000000222e+00
1.000000000000000222e+00
1.000000000000000222e+00
1.000000000000000222e+00
1.000000000000000222e+00
1.000000000000000222e+00
1.000000000000000222e+00
1.000000000000000222e+00
1.000000000000000222e+00
1.000000000000000222e+00
1.000000000000000222e+00
1.000000000000000222e+00
1.000000000000000222e+00
1.000000000000000222e+00
1.000000000000000222e+00
1.000000000000000222e+00
1.000000000000000222e+00
1.000000000000000222e+00
1.000000000000000222e+00
1.000000000000000222e+00
1.000000000000000222e+00
1.000000000000000222e+00
1.000000000000000222e+00
1.000000000000000222e+00
1.000000000000000222e+00
1.000000000000000222e+00
1.000000000000000222e+00
1.000000000000000222e+00
1.000000000000000222e+00
1.000000000000000222e+00
1.000000000000000222e+00
1.000000000000000222e+00
1.000000000000000222e+00
1.000000000000000222e+00
1.000000000000000222e+00
1.000000000000000222e+00
1.000000000000000222e+00
1.000000000000000222e+00
1.000000000000000222e+00
1.000000000000000222e+00
1.000000000000000222e+00
1.000000000000000222e+00
1.000000000000000222e+00
1.000000000000000222e+00
1.000000000000000222e+00
1.000000000000000222e+00
1.000000000000000222e+00
1.000000000000000222e+00
1.000000000000000222e+00
1.000000000000000222e+00
1.000000000000000222e+00
1.000000000000000222e+00
1.000000000000000222e+00
1.000000000000000222e+00
1.000000000000000222e+00
1.000000000000000222e+00
1.000000000000000222e+00
1.000000000000000222e+00
1.000000000000000222e+00
1.000000000000000222e+00
1.000000000000000222e+00
1.000000000000000222e+00
1.000000000000000222e+00
1.000000000000000222e+00
1.000000000000000222e+00
1.000000000000000222e+00
1.000000000000000222e+00
1.000000000000000222e+00
1.000000000000000222e+00
1.000000000000000222e+00
1.000000000000000222e+00
1.000000000000000222e+00
1.000000000000000222e+00
1.000000000000000222e+00
1.000000000000000222e+00
1.000000000000000222e+00
1.000000000000000222e+00
1.000000000000000222e+00
1.000000000000000222e+00
1.000000000000000222e+00
1.000000000000000222e+00
1.000000000000000222e+00
1.000000000000000222e+00
1.000000000000000222e+00
1.000000000000000222e+00
1.000000000000000222e+00
1.000000000000000222e+00
1.000000000000000222e+00
1.000000000000000222e+00
1.000000000000000222e+00
1.000000000000000222e+00
1.000000000000000222e+00
1.000000000000000222e+00
1.000000000000000222e+00
1.000000000000000222e+00
1.000000000000000222e+00
1.000000000000000222e+00
1.000000000000000222e+00
1.000000000000000222e+00
1.000000000000000222e+00
1.000000000000000222e+00
1.000000000000000222e+00
1.000000000000000222e+00
1.000000000000000222e+00
1.000000000000000222e+00
1.000000000000000222e+00
1.000000000000000222e+00
1.000000000000000222e+00
1.000000000000000222e+00
1.000000000000000222e+00
1.000000000000000222e+00
1.000000000000000222e+00
1.000000000000000222e+00
1.000000000000000222e+00
1.000000000000000222e+00
1.000000000000000222e+00
1.000000000000000222e+00
1.000000000000000222e+00
1.000000000000000222e+00
1.000000000000000222e+00
1.000000000000000222e+00
1.000000000000000222e+00
1.000000000000000222e+00
1.000000000000000222e+00
1.000000000000000222e+00
1.000000000000000222e+00
1.000000000000000222e+00
1.000000000000000222e+00
1.000000000000000222e+00
1.000000000000000222e+00
1.000000000000000222e+00
1.000000000000000222e+00
1.000000000000000222e+00
1.000000000000000222e+00
1.000000000000000222e+00
1.000000000000000222e+00
1.000000000000000222e+00
1.000000000000000222e+00
1.000000000000000222e+00
1.000000000000000222e+00
1.000000000000000222e+00
1.000000000000000222e+00
1.000000000000000222e+00
1.000000000000000222e+00
1.000000000000000222e+00
1.000000000000000222e+00
1.000000000000000222e+00
1.000000000000000222e+00
1.000000000000000222e+00
1.000000000000000222e+00
1.000000000000000222e+00
1.000000000000000222e+00
1.000000000000000222e+00
1.000000000000000222e+00
1.000000000000000222e+00
1.000000000000000222e+00
1.000000000000000222e+00
1.000000000000000222e+00
1.000000000000000222e+00
1.000000000000000222e+00
1.000000000000000222e+00
1.000000000000000222e+00
1.000000000000000222e+00
1.000000000000000222e+00
1.000000000000000222e+00
1.000000000000000222e+00
1.000000000000000222e+00
1.000000000000000222e+00
1.000000000000000222e+00
1.000000000000000222e+00
1.000000000000000222e+00
1.000000000000000222e+00
1.000000000000000222e+00
1.000000000000000222e+00
1.000000000000000222e+00
1.000000000000000222e+00
1.000000000000000222e+00
1.000000000000000222e+00
1.000000000000000222e+00
1.000000000000000222e+00
1.000000000000000222e+00
1.000000000000000222e+00
1.000000000000000222e+00
1.000000000000000222e+00
1.000000000000000222e+00
1.000000000000000222e+00
1.000000000000000222e+00
1.000000000000000222e+00
1.000000000000000222e+00
1.000000000000000222e+00
1.000000000000000222e+00
1.000000000000000222e+00
1.000000000000000222e+00
1.000000000000000222e+00
1.000000000000000222e+00
1.000000000000000222e+00
1.000000000000000222e+00
1.000000000000000222e+00
1.000000000000000222e+00
1.000000000000000222e+00
1.000000000000000222e+00
1.000000000000000222e+00
1.000000000000000222e+00
1.000000000000000222e+00
1.000000000000000222e+00
1.000000000000000222e+00
1.000000000000000222e+00
1.000000000000000222e+00
1.000000000000000222e+00
1.000000000000000222e+00
1.000000000000000222e+00
1.000000000000000222e+00
1.000000000000000222e+00
1.000000000000000222e+00
1.000000000000000222e+00
1.000000000000000222e+00
1.000000000000000222e+00
1.000000000000000222e+00
1.000000000000000222e+00
1.000000000000000222e+00
1.000000000000000222e+00
1.000000000000000222e+00
1.000000000000000222e+00
1.000000000000000222e+00
1.000000000000000222e+00
1.000000000000000222e+00
1.000000000000000222e+00
1.000000000000000222e+00
1.000000000000000222e+00
1.000000000000000222e+00
1.000000000000000222e+00
1.000000000000000222e+00
1.000000000000000222e+00
1.000000000000000222e+00
1.000000000000000222e+00
1.000000000000000222e+00
1.000000000000000222e+00
1.000000000000000222e+00
1.000000000000000222e+00
1.000000000000000222e+00
1.000000000000000222e+00
1.000000000000000222e+00
1.000000000000000222e+00
1.000000000000000222e+00
1.000000000000000222e+00
1.000000000000000222e+00
1.000000000000000222e+00
1.000000000000000222e+00
1.000000000000000222e+00
1.000000000000000222e+00
1.000000000000000222e+00
1.000000000000000222e+00
1.000000000000000222e+00
1.000000000000000222e+00
1.000000000000000222e+00
1.000000000000000222e+00
1.000000000000000222e+00
1.000000000000000222e+00
1.000000000000000222e+00
1.000000000000000222e+00
1.000000000000000222e+00
1.000000000000000222e+00
1.000000000000000222e+00
1.000000000000000222e+00
1.000000000000000222e+00
1.000000000000000222e+00
1.000000000000000222e+00
1.000000000000000222e+00
1.000000000000000222e+00
1.000000000000000222e+00
1.000000000000000222e+00
1.000000000000000222e+00
1.000000000000000222e+00
1.000000000000000222e+00
1.000000000000000222e+00
1.000000000000000222e+00
1.000000000000000222e+00
1.000000000000000222e+00
1.000000000000000222e+00
1.000000000000000222e+00
1.000000000000000222e+00
1.000000000000000222e+00
1.000000000000000222e+00
1.000000000000000222e+00
1.000000000000000222e+00
1.000000000000000222e+00
1.000000000000000222e+00
1.000000000000000222e+00
1.000000000000000222e+00
1.000000000000000222e+00
1.000000000000000222e+00
1.000000000000000222e+00
1.000000000000000222e+00
1.000000000000000222e+00
1.000000000000000222e+00
1.000000000000000222e+00
1.000000000000000222e+00
1.000000000000000222e+00
1.000000000000000222e+00
1.000000000000000222e+00
1.000000000000000222e+00
1.000000000000000222e+00
1.000000000000000222e+00
1.000000000000000222e+00
1.000000000000000222e+00
1.000000000000000222e+00
1.000000000000000222e+00
1.000000000000000222e+00
1.000000000000000222e+00
1.000000000000000222e+00
1.000000000000000222e+00
1.000000000000000222e+00
1.000000000000000222e+00
1.000000000000000222e+00
1.000000000000000222e+00
1.000000000000000222e+00
1.000000000000000222e+00
1.000000000000000222e+00
1.000000000000000222e+00
1.000000000000000222e+00
1.000000000000000222e+00
1.000000000000000222e+00
1.000000000000000222e+00
1.000000000000000222e+00
1.000000000000000222e+00
1.000000000000000222e+00
1.000000000000000222e+00
1.000000000000000222e+00
1.000000000000000222e+00
1.000000000000000222e+00
1.000000000000000222e+00
1.000000000000000222e+00
1.000000000000000222e+00
1.000000000000000222e+00
1.000000000000000222e+00
1.000000000000000222e+00
1.000000000000000222e+00
1.000000000000000222e+00
1.000000000000000222e+00
1.000000000000000222e+00
1.000000000000000222e+00
1.000000000000000222e+00
1.000000000000000222e+00
