2.159183957489026195e-01
2.514371020674357471e-01
2.735290723620616427e-01
2.959156876761360744e-01
3.204557062522911393e-01
3.471295940267120073e-01
3.756239675492505925e-01
4.055868175299579548e-01
4.366548077686996931e-01
4.684598202455850235e-01
5.006402397166060947e-01
5.328534559685795813e-01
5.647860212958796255e-01
5.961602918237263182e-01
6.267377097952439025e-01
6.563193984879291953e-01
6.847448403304081666e-01
7.118893238100690857e-01
7.376606984724545235e-01
7.619958293685648032e-01
7.848570169004175368e-01
8.062285510320428283e-01
8.261134980027425856e-01
8.445307680237479353e-01
8.615124788598638172e-01
8.771016084734420959e-01
8.913499168713013843e-01
9.043161106386223835e-01
9.160642216320992182e-01
9.266621725391315234e-01
9.361805052994570664e-01
9.446912527116995140e-01
9.522669380811414896e-01
9.589796918951946081e-01
9.649004778550613892e-01
9.700984229714832985e-01
9.746402478453561891e-01
9.785897938159133780e-01
9.820076435533701131e-01
9.849508311062429300e-01
9.874726365842312337e-01
9.896224597354533747e-01
9.914457657945143776e-01
9.929840962293562390e-01
9.942751364591756458e-01
9.953528322828599784e-01
9.962475466546557579e-01
9.969862485616208803e-01
9.975927260745404146e-01
9.980878161314468144e-01
9.984896442373035752e-01
9.988138679895116612e-01
9.990739191315944900e-01
9.992812396633293792e-01
9.994455083643437598e-01
9.995748548932322786e-01
9.996760593835012365e-01
9.997547361537715283e-01
9.998155007701452490e-01
9.998621202355756354e-01
9.998976465308614392e-01
9.999245340946736338e-01
9.999447421091722799e-01
9.999598226591466243e-01
9.999709959639695445e-01
9.999792139519465550e-01
9.999852134654717561e-01
9.999895603624733287e-01
9.999926857243326417e-01
9.999949153015217362e-01
9.999964932334463041e-01
9.999976009751818662e-01
9.999983722565851663e-01
9.999989047931684416e-01
9.999992693665699095e-01
9.999995167978784627e-01
9.999996832510622546e-01
9.999997942271450224e-01
9.999998675428319883e-01
9.999999155298060494e-01
9.999999466423643568e-01
9.999999666206926818e-01
9.999999793240037516e-01
9.999999873210660972e-01
9.999999923043910721e-01
9.999999953776596007e-01
9.999999972530412284e-01
9.999999983851802776e-01
9.999999990611725398e-01
9.999999994603114839e-01
9.999999996933099933e-01
9.999999998277512292e-01
9.999999999044103527e-01
9.999999999475965851e-01
9.999999999716275845e-01
9.999999999848325771e-01
9.999999999919961802e-01
9.999999999958318897e-01
9.999999999978584908e-01
9.999999999989147570e-01
9.999999999994576561e-01
9.999999999997327693e-01
9.999999999998702149e-01
9.999999999999378275e-01
9.999999999999705791e-01
9.999999999999862332e-01
9.999999999999935607e-01
9.999999999999970024e-01
9.999999999999985567e-01
9.999999999999992228e-01
9.999999999999995559e-01
9.999999999999996669e-01
9.999999999999996669e-01
9.999999999999996669e-01
9.999999999999996669e-01
9.999999999999996669e-01
9.999999999999996669e-01
9.999999999999996669e-01
9.999999999999996669e-01
9.999999999999996669e-01
9.999999999999996669e-01
9.999999999999996669e-01
9.999999999999996669e-01
9.999999999999996669e-01
9.999999999999996669e-01
9.999999999999996669e-01
9.999999999999996669e-01
9.999999999999996669e-01
9.999999999999996669e-01
9.999999999999996669e-01
9.999999999999996669e-01
9.999999999999996669e-01
9.999999999999996669e-01
9.999999999999996669e-01
9.999999999999996669e-01
9.999999999999996669e-01
9.999999999999996669e-01
9.999999999999996669e-01
9.999999999999996669e-01
9.999999999999996669e-01
9.999999999999996669e-01
9.999999999999996669e-01
9.999999999999996669e-01
9.999999999999996669e-01
9.999999999999996669e-01
9.999999999999996669e-01
9.999999999999996669e-01
9.999999999999996669e-01
9.999999999999996669e-01
9.999999999999996669e-01
9.999999999999996669e-01
9.999999999999996669e-01
9.999999999999996669e-01
9.999999999999996669e-01
9.999999999999996669e-01
9.999999999999996669e-01
9.999999999999996669e-01
9.999999999999996669e-01
9.999999999999996669e-01
9.999999999999996669e-01
9.999999999999996669e-01
9.999999999999996669e-01
9.999999999999996669e-01
9.999999999999996669e-01
9.999999999999996669e-01
9.999999999999996669e-01
9.999999999999996669e-01
9.999999999999996669e-01
9.999999999999996669e-01
9.999999999999996669e-01
9.999999999999996669e-01
9.999999999999996669e-01
9.999999999999996669e-01
9.999999999999996669e-01
9.999999999999996669e-01
9.999999999999996669e-01
9.999999999999996669e-01
9.999999999999996669e-01
9.999999999999996669e-01
9.999999999999996669e-01
9.999999999999996669e-01
9.999999999999996669e-01
9.999999999999996669e-01
9.999999999999996669e-01
9.999999999999996669e-01
9.999999999999996669e-01
9.999999999999996669e-01
9.999999999999996669e-01
9.999999999999996669e-01
9.999999999999996669e-01
9.999999999999996669e-01
9.999999999999996669e-01
9.999999999999996669e-01
9.999999999999996669e-01
9.999999999999996669e-01
9.999999999999996669e-01
9.999999999999996669e-01
9.999999999999996669e-01
9.999999999999996669e-01
9.999999999999996669e-01
9.999999999999996669e-01
9.999999999999996669e-01
9.999999999999996669e-01
9.999999999999996669e-01
9.999999999999996669e-01
9.999999999999996669e-01
9.999999999999996669e-01
9.999999999999996669e-01
9.999999999999996669e-01
9.999999999999996669e-01
9.999999999999996669e-01
9.999999999999996669e-01
9.999999999999996669e-01
9.999999999999996669e-01
9.999999999999996669e-01
9.999999999999996669e-01
9.999999999999996669e-01
9.999999999999996669e-01
9.999999999999996669e-01
9.999999999999996669e-01
9.999999999999996669e-01
9.999999999999996669e-01
