2.140462184499403175e-01
2.420908031146563333e-01
2.518549961945268922e-01
2.584017469191209337e-01
2.646004130942666843e-01
2.710676003327706640e-01
2.779081715099239180e-01
2.851137653938818350e-01
2.926576194750842297e-01
3.005144754623533809e-01
3.086630070755751465e-01
3.170849527465194329e-01
3.257640493419118322e-01
3.346852507899061857e-01
3.438342053357109629e-01
3.531969117097967237e-01
3.627594954884000855e-01
3.725080684066212622e-01
3.824286469485529416e-01
3.925071143952797992e-01
4.027292150984227437e-01
4.130805725541222828e-01
4.235467246910382122e-01
4.341131710872968008e-01
4.447654278242003101e-01
4.554890864898494818e-01
4.662698745264894917e-01
4.770937147032554004e-01
4.879467820069138262e-01
4.988155566853206824e-01
5.096868725566087166e-01
5.205479600156797115e-01
5.313864834326769149e-01
5.421905728505265198e-01
5.529488500556084540e-01
5.636504492226720453e-01
5.742850324278182539e-01
5.848428003871324332e-01
5.953144988184257969e-01
6.056914208441418479e-01
6.159654058588923675e-01
6.261288352788549894e-01
6.361746255754021639e-01
6.460962189743466588e-01
6.558875721771346701e-01
6.655431434328332729e-01
6.750578782611312834e-01
6.844271940977879609e-01
6.936469641057624314e-01
7.027135003681568293e-01
7.116235366534825468e-01
7.203742109198301158e-01
7.289630477024261479e-01
7.373879405088353822e-01
7.456471343277084607e-01
7.537392083404313992e-01
7.616630589102169058e-01
7.694178829099931338e-01
7.770031614387780117e-01
7.844186439659583954e-01
7.916643329339025925e-01
7.987404688415116194e-01
8.056475158245389734e-01
8.123861477426816968e-01
8.189572347784621620e-01
8.253618305486962736e-01
8.316011597257856325e-01
8.376766061631120142e-01
8.435897015163770218e-01
8.493421143507532411e-01
8.549356397221478110e-01
8.603721892196626309e-01
8.656537814554312593e-01
8.707825329873734033e-01
8.757606496600027768e-01
8.805904183482125003e-01
8.852741990889246848e-01
8.898144175855901006e-01
8.942135580707456510e-01
8.984741565121546758e-01
9.025987941484505672e-01
9.065900913406632622e-01
9.104507017265125457e-01
9.141833066648895612e-01
9.177906099585098065e-01
9.212753328432908839e-01
9.246402092335839207e-01
9.278879812129567917e-01
9.310213947607870466e-01
9.340431957054604606e-01
9.369561258954963723e-01
9.397629195804121371e-01
9.424662999936092023e-01
9.450689761300011815e-01
9.475736397115128717e-01
9.499829623339529627e-01
9.522995927891108048e-01
9.545261545562382377e-01
9.566652434573612585e-01
9.587194254711191022e-01
9.606912347000525765e-01
9.625831714864623301e-01
9.643977006721292655e-01
9.661372499973421846e-01
9.678042086348036532e-01
9.694009258540972063e-01
9.709297098124912706e-01
9.723928264679330136e-01
9.737924986101510472e-01
9.751309050058384331e-01
9.764101796539342848e-01
9.776324111470564571e-01
9.787996421351720100e-01
9.799138688876168901e-01
9.809770409496009202e-01
9.819910608893568371e-01
9.829577841321123222e-01
9.838790188770873968e-01
9.847565260937419795e-01
9.855920195935241601e-01
9.863871661733980556e-01
9.871435858274608677e-01
9.878628520229942866e-01
9.885464920373354669e-01
9.891959873519938773e-01
9.898127741004917324e-01
9.903982435664544504e-01
9.909537427285376454e-01
9.914805748488375592e-01
9.919800001014973390e-01
9.924532362382936235e-01
9.929014592880598400e-01
9.933258042868842175e-01
9.937273660360989025e-01
9.941071998851648273e-01
9.944663225366440207e-01
9.948057128705419805e-01
9.951263127853974266e-01
9.954290280535910140e-01
9.957147291884436147e-01
9.959842523207718124e-01
9.962384000826705055e-01
9.964779424963905452e-01
9.967036178662835866e-01
9.969161336718849187e-01
9.971161674603081781e-01
9.973043677362259940e-01
9.974813548478097536e-01
9.976477218671027103e-01
9.978040354633969100e-01
9.979508367682811132e-01
9.980886422311215922e-01
9.982179444638317189e-01
9.983392130738745207e-01
9.984528954845334203e-01
9.985594177415707540e-01
9.986591853054788137e-01
9.987525838286076540e-01
9.988399799165331716e-01
9.989217218731039072e-01
9.989981404286782940e-01
9.990695494511322439e-01
9.991362466392855746e-01
9.991985141984569552e-01
9.992566194979195515e-01
9.993108157100859534e-01
9.993613424313054772e-01
9.994084262842082289e-01
9.994522815015790540e-01
9.994931104917886833e-01
9.995311043858534639e-01
9.995664435662331426e-01
9.995992981775125852e-01
9.996298286191489524e-01
9.996581860204949432e-01
9.996845126983384677e-01
9.997089425972250920e-01
9.997316017128516918e-01
9.997526084988432871e-01
9.997720742572416830e-01
9.997901035130519753e-01
9.998067943732078522e-01
9.998222388703290608e-01
9.998365232916538448e-01
9.998497284935402574e-01
9.998619302019349231e-01
9.998731992992148099e-01
9.998836020978111305e-01
9.998932006010267104e-01
9.999020527514598244e-01
9.999102126674468405e-01
9.999177308679351173e-01
9.999246544861954966e-01
9.999310274727801762e-01
9.999368907881271973e-01
9.999422825852082308e-01
9.999472383826112365e-01
9.999517912284406895e-01
9.999559718554148491e-01
9.999598088275276631e-01
9.999633286786385744e-01
9.999665560433429468e-01
9.999695137804669454e-01
9.999722230895231601e-01
9.999747036204527095e-01
9.999769735769692414e-01
9.999790498138134698e-01
9.999809479282134594e-01
9.999826823458387581e-01
9.999842664015257121e-01
9.999857124150404175e-01
9.999870317621381011e-01
9.999882349411658433e-01
9.999893316354472317e-01
9.999903307716772050e-01
9.999912405745466915e-01
9.999920686178062068e-01
9.999928218719706940e-01
9.999935067488556761e-01
9.999941291431296841e-01
9.999946944710570440e-01
9.999952077065972222e-01
9.999956734150203808e-01
9.999960957841889098e-01
9.999964786536488237e-01
9.999968255416670226e-01
9.999971396703429827e-01
9.999974239889174443e-01
9.999976811953934508e-01
9.999979137565800924e-01
9.999981239266605426e-01
9.999983137643837505e-01
9.999984851489708282e-01
9.999986397948231742e-01
9.999987792651140461e-01
9.999989049843402977e-01
9.999990182499065572e-01
9.999991202428101245e-01
9.999992120374894267e-01
9.999992946108962055e-01
9.999993688508479472e-01
9.999994355637118471e-01
9.999994954814698245e-01
9.999995492682107745e-01
9.999995975260922432e-01
9.999996408008112736e-01
9.999996795866227250e-01
9.999997143309385939e-01
9.999997454385410878e-01
9.999997732754394297e-01
9.999997981723985907e-01
9.999998204281655978e-01
9.999998403124172874e-01
9.999998580684522631e-01
9.999998739156480410e-01
9.999998880517012578e-01
9.999999006546701485e-01
9.999999118848349466e-01
9.999999218863915296e-01
9.999999307889921862e-01
9.999999387091463854e-01
9.999999457514938683e-01
9.999999520099609462e-01
9.999999575688091058e-01
9.999999625035866924e-01
9.999999668819916643e-01
9.999999707646525238e-01
9.999999742058356400e-01
9.999999772540851817e-01
9.999999799528018762e-01
9.999999823407655919e-01
9.999999844526076265e-01
9.999999863192365890e-01
9.999999879682229809e-01
9.999999894241454745e-01
9.999999907089028861e-01
9.999999918419953948e-01
9.999999928407770078e-01
9.999999937206829337e-01
9.999999944954338638e-01
9.999999951772192697e-01
9.999999957768621606e-01
9.999999963039665207e-01
9.999999967670498702e-01
9.999999971736616144e-01
9.999999975304891819e-01
9.999999978434530590e-01
9.999999981177917219e-01
9.999999983581374652e-01
9.999999985685841253e-01
9.999999987527475875e-01
9.999999989138196321e-01
9.999999990546161177e-01
9.999999991776198360e-01
9.999999992850184816e-01
9.999999993787386243e-01
9.999999994604759079e-01
9.999999995317219170e-01
9.999999995937879360e-01
9.999999996478259323e-01
9.999999996948473191e-01
9.999999997357398307e-01
9.999999997712818445e-01
9.999999998021558145e-01
9.999999998289592629e-01
9.999999998522155487e-01
9.999999998723824168e-01
9.999999998898602138e-01
9.999999999049986599e-01
9.999999999181032884e-01
9.999999999294407749e-01
9.999999999392436001e-01
9.999999999477146018e-01
9.999999999550305274e-01
9.999999999613451429e-01
9.999999999667922301e-01
9.999999999714882515e-01
9.999999999755344593e-01
9.999999999790186722e-01
9.999999999820171626e-01
9.999999999845960996e-01
9.999999999868128819e-01
9.999999999887172475e-01
9.999999999903522729e-01
9.999999999917551508e-01
9.999999999929581884e-01
9.999999999939892525e-01
9.999999999948723239e-01
9.999999999956282748e-01
9.999999999962749797e-01
9.999999999968278708e-01
9.999999999973002707e-01
9.999999999977037257e-01
9.999999999980480059e-01
9.999999999983416599e-01
9.999999999985920152e-01
9.999999999988052890e-01
9.999999999989868105e-01
9.999999999991412425e-01
9.999999999992725819e-01
9.999999999993841593e-01
9.999999999994789723e-01
9.999999999995594635e-01
9.999999999996277422e-01
9.999999999996855848e-01
9.999999999997345457e-01
9.999999999997760680e-01
9.999999999998111511e-01
9.999999999998407940e-01
9.999999999998658851e-01
9.999999999998870903e-01
9.999999999999049649e-01
9.999999999999200639e-01
9.999999999999328315e-01
9.999999999999434896e-01
9.999999999999524825e-01
9.999999999999600320e-01
9.999999999999663602e-01
9.999999999999716893e-01
9.999999999999762412e-01
9.999999999999800160e-01
9.999999999999832356e-01
9.999999999999859002e-01
9.999999999999881206e-01
9.999999999999900080e-01
9.999999999999915623e-01
9.999999999999928946e-01
9.999999999999940048e-01
9.999999999999948930e-01
9.999999999999956701e-01
9.999999999999963363e-01
9.999999999999968914e-01
9.999999999999973355e-01
9.999999999999976685e-01
9.999999999999980016e-01
9.999999999999982236e-01
9.999999999999984457e-01
9.999999999999986677e-01
9.999999999999987788e-01
9.999999999999988898e-01
9.999999999999990008e-01
9.999999999999991118e-01
9.999999999999992228e-01
9.999999999999992228e-01
9.999999999999992228e-01
9.999999999999992228e-01
9.999999999999992228e-01
9.999999999999992228e-01
9.999999999999992228e-01
9.999999999999992228e-01
9.999999999999992228e-01
9.999999999999992228e-01
9.999999999999992228e-01
9.999999999999992228e-01
9.999999999999992228e-01
9.999999999999992228e-01
9.999999999999992228e-01
9.999999999999992228e-01
9.999999999999992228e-01
9.999999999999992228e-01
9.999999999999992228e-01
9.999999999999992228e-01
9.999999999999992228e-01
9.999999999999992228e-01
9.999999999999992228e-01
9.999999999999992228e-01
9.999999999999992228e-01
9.999999999999992228e-01
9.999999999999992228e-01
9.999999999999992228e-01
9.999999999999992228e-01
9.999999999999992228e-01
9.999999999999992228e-01
9.999999999999992228e-01
9.999999999999992228e-01
9.999999999999992228e-01
9.999999999999992228e-01
9.999999999999992228e-01
9.999999999999992228e-01
9.999999999999992228e-01
9.999999999999992228e-01
9.999999999999992228e-01
9.999999999999992228e-01
9.999999999999992228e-01
9.999999999999992228e-01
9.999999999999992228e-01
9.999999999999992228e-01
9.999999999999992228e-01
9.999999999999992228e-01
9.999999999999992228e-01
9.999999999999992228e-01
9.999999999999992228e-01
9.999999999999992228e-01
9.999999999999992228e-01
9.999999999999992228e-01
9.999999999999992228e-01
9.999999999999992228e-01
9.999999999999992228e-01
9.999999999999992228e-01
9.999999999999992228e-01
9.999999999999992228e-01
9.999999999999992228e-01
9.999999999999992228e-01
9.999999999999992228e-01
9.999999999999992228e-01
9.999999999999992228e-01
9.999999999999992228e-01
9.999999999999992228e-01
9.999999999999992228e-01
9.999999999999992228e-01
9.999999999999992228e-01
9.999999999999992228e-01
9.999999999999992228e-01
9.999999999999992228e-01
9.999999999999992228e-01
9.999999999999992228e-01
9.999999999999992228e-01
9.999999999999992228e-01
9.999999999999992228e-01
9.999999999999992228e-01
9.999999999999992228e-01
9.999999999999992228e-01
9.999999999999992228e-01
9.999999999999992228e-01
9.999999999999992228e-01
9.999999999999992228e-01
9.999999999999992228e-01
9.999999999999992228e-01
9.999999999999992228e-01
9.999999999999992228e-01
9.999999999999992228e-01
9.999999999999992228e-01
9.999999999999992228e-01
9.999999999999992228e-01
9.999999999999992228e-01
9.999999999999992228e-01
9.999999999999992228e-01
9.999999999999992228e-01
9.999999999999992228e-01
9.999999999999992228e-01
9.999999999999992228e-01
9.999999999999992228e-01
9.999999999999992228e-01
9.999999999999992228e-01
9.999999999999992228e-01
9.999999999999992228e-01
9.999999999999992228e-01
9.999999999999992228e-01
9.999999999999992228e-01
9.999999999999992228e-01
9.999999999999992228e-01
9.999999999999992228e-01
9.999999999999992228e-01
9.999999999999992228e-01
9.999999999999992228e-01
9.999999999999992228e-01
9.999999999999992228e-01
9.999999999999992228e-01
9.999999999999992228e-01
9.999999999999992228e-01
9.999999999999992228e-01
9.999999999999992228e-01
9.999999999999992228e-01
9.999999999999992228e-01
9.999999999999992228e-01
9.999999999999992228e-01
9.999999999999992228e-01
9.999999999999992228e-01
9.999999999999992228e-01
9.999999999999992228e-01
9.999999999999992228e-01
9.999999999999992228e-01
9.999999999999992228e-01
9.999999999999992228e-01
9.999999999999992228e-01
9.999999999999992228e-01
9.999999999999992228e-01
9.999999999999992228e-01
9.999999999999992228e-01
9.999999999999992228e-01
9.999999999999992228e-01
9.999999999999992228e-01
9.999999999999992228e-01
9.999999999999992228e-01
9.999999999999992228e-01
9.999999999999992228e-01
9.999999999999992228e-01
9.999999999999992228e-01
9.999999999999992228e-01
9.999999999999992228e-01
9.999999999999992228e-01
9.999999999999992228e-01
9.999999999999992228e-01
9.999999999999992228e-01
9.999999999999992228e-01
9.999999999999992228e-01
9.999999999999992228e-01
9.999999999999992228e-01
9.999999999999992228e-01
9.999999999999992228e-01
9.999999999999992228e-01
9.999999999999992228e-01
9.999999999999992228e-01
9.999999999999992228e-01
9.999999999999992228e-01
9.999999999999992228e-01
9.999999999999992228e-01
9.999999999999992228e-01
9.999999999999992228e-01
9.999999999999992228e-01
9.999999999999992228e-01
9.999999999999992228e-01
9.999999999999992228e-01
9.999999999999992228e-01
9.999999999999992228e-01
9.999999999999992228e-01
9.999999999999992228e-01
9.999999999999992228e-01
9.999999999999992228e-01
9.999999999999992228e-01
9.999999999999992228e-01
9.999999999999992228e-01
9.999999999999992228e-01
9.999999999999992228e-01
9.999999999999992228e-01
9.999999999999992228e-01
9.999999999999992228e-01
9.999999999999992228e-01
9.999999999999992228e-01
9.999999999999992228e-01
9.999999999999992228e-01
9.999999999999992228e-01
9.999999999999992228e-01
9.999999999999992228e-01
9.999999999999992228e-01
9.999999999999992228e-01
9.999999999999992228e-01
9.999999999999992228e-01
9.999999999999992228e-01
9.999999999999992228e-01
9.999999999999992228e-01
9.999999999999992228e-01
9.999999999999992228e-01
9.999999999999992228e-01
9.999999999999992228e-01
9.999999999999992228e-01
9.999999999999992228e-01
9.999999999999992228e-01
9.999999999999992228e-01
9.999999999999992228e-01
9.999999999999992228e-01
9.999999999999992228e-01
9.999999999999992228e-01
9.999999999999992228e-01
9.999999999999992228e-01
9.999999999999992228e-01
9.999999999999992228e-01
9.999999999999992228e-01
9.999999999999992228e-01
9.999999999999992228e-01
9.999999999999992228e-01
9.999999999999992228e-01
9.999999999999992228e-01
9.999999999999992228e-01
9.999999999999992228e-01
9.999999999999992228e-01
9.999999999999992228e-01
9.999999999999992228e-01
9.999999999999992228e-01
9.999999999999992228e-01
9.999999999999992228e-01
9.999999999999992228e-01
9.999999999999992228e-01
9.999999999999992228e-01
9.999999999999992228e-01
9.999999999999992228e-01
9.999999999999992228e-01
9.999999999999992228e-01
9.999999999999992228e-01
9.999999999999992228e-01
9.999999999999992228e-01
9.999999999999992228e-01
9.999999999999992228e-01
9.999999999999992228e-01
9.999999999999992228e-01
9.999999999999992228e-01
9.999999999999992228e-01
9.999999999999992228e-01
9.999999999999992228e-01
9.999999999999992228e-01
9.999999999999992228e-01
9.999999999999992228e-01
9.999999999999992228e-01
9.999999999999992228e-01
9.999999999999992228e-01
9.999999999999992228e-01
9.999999999999992228e-01
9.999999999999992228e-01
9.999999999999992228e-01
9.999999999999992228e-01
9.999999999999992228e-01
9.999999999999992228e-01
9.999999999999992228e-01
9.999999999999992228e-01
9.999999999999992228e-01
9.999999999999992228e-01
9.999999999999992228e-01
9.999999999999992228e-01
9.999999999999992228e-01
9.999999999999992228e-01
9.999999999999992228e-01
9.999999999999992228e-01
9.999999999999992228e-01
9.999999999999992228e-01
9.999999999999992228e-01
9.999999999999992228e-01
9.999999999999992228e-01
9.999999999999992228e-01
9.999999999999992228e-01
9.999999999999992228e-01
9.999999999999992228e-01
9.999999999999992228e-01
9.999999999999992228e-01
9.999999999999992228e-01
9.999999999999992228e-01
9.999999999999992228e-01
9.999999999999992228e-01
9.999999999999992228e-01
9.999999999999992228e-01
9.999999999999992228e-01
9.999999999999992228e-01
9.999999999999992228e-01
9.999999999999992228e-01
9.999999999999992228e-01
9.999999999999992228e-01
9.999999999999992228e-01
9.999999999999992228e-01
9.999999999999992228e-01
9.999999999999992228e-01
9.999999999999992228e-01
9.999999999999992228e-01
9.999999999999992228e-01
9.999999999999992228e-01
9.999999999999992228e-01
9.999999999999992228e-01
9.999999999999992228e-01
9.999999999999992228e-01
9.999999999999992228e-01
9.999999999999992228e-01
9.999999999999992228e-01
9.999999999999992228e-01
9.999999999999992228e-01
9.999999999999992228e-01
9.999999999999992228e-01
9.999999999999992228e-01
9.999999999999992228e-01
9.999999999999992228e-01
9.999999999999992228e-01
9.999999999999992228e-01
9.999999999999992228e-01
9.999999999999992228e-01
9.999999999999992228e-01
9.999999999999992228e-01
9.999999999999992228e-01
9.999999999999992228e-01
9.999999999999992228e-01
9.999999999999992228e-01
9.999999999999992228e-01
9.999999999999992228e-01
9.999999999999992228e-01
9.999999999999992228e-01
9.999999999999992228e-01
9.999999999999992228e-01
9.999999999999992228e-01
9.999999999999992228e-01
9.999999999999992228e-01
9.999999999999992228e-01
9.999999999999992228e-01
9.999999999999992228e-01
9.999999999999992228e-01
9.999999999999992228e-01
9.999999999999992228e-01
9.999999999999992228e-01
9.999999999999992228e-01
9.999999999999992228e-01
9.999999999999992228e-01
9.999999999999992228e-01
9.999999999999992228e-01
9.999999999999992228e-01
9.999999999999992228e-01
9.999999999999992228e-01
9.999999999999992228e-01
9.999999999999992228e-01
9.999999999999992228e-01
9.999999999999992228e-01
9.999999999999992228e-01
9.999999999999992228e-01
9.999999999999992228e-01
9.999999999999992228e-01
9.999999999999992228e-01
9.999999999999992228e-01
9.999999999999992228e-01
9.999999999999992228e-01
9.999999999999992228e-01
9.999999999999992228e-01
9.999999999999992228e-01
9.999999999999992228e-01
9.999999999999992228e-01
9.999999999999992228e-01
9.999999999999992228e-01
9.999999999999992228e-01
9.999999999999992228e-01
9.999999999999992228e-01
9.999999999999992228e-01
9.999999999999992228e-01
9.999999999999992228e-01
9.999999999999992228e-01
9.999999999999992228e-01
9.999999999999992228e-01
9.999999999999992228e-01
9.999999999999992228e-01
9.999999999999992228e-01
9.999999999999992228e-01
9.999999999999992228e-01
9.999999999999992228e-01
9.999999999999992228e-01
9.999999999999992228e-01
9.999999999999992228e-01
9.999999999999992228e-01
9.999999999999992228e-01
9.999999999999992228e-01
9.999999999999992228e-01
9.999999999999992228e-01
9.999999999999992228e-01
9.999999999999992228e-01
9.999999999999992228e-01
9.999999999999992228e-01
9.999999999999992228e-01
9.999999999999992228e-01
9.999999999999992228e-01
9.999999999999992228e-01
9.999999999999992228e-01
9.999999999999992228e-01
9.999999999999992228e-01
9.999999999999992228e-01
9.999999999999992228e-01
9.999999999999992228e-01
9.999999999999992228e-01
9.999999999999992228e-01
9.999999999999992228e-01
9.999999999999992228e-01
9.999999999999992228e-01
9.999999999999992228e-01
9.999999999999992228e-01
9.999999999999992228e-01
9.999999999999992228e-01
9.999999999999992228e-01
9.999999999999992228e-01
9.999999999999992228e-01
9.999999999999992228e-01
9.999999999999992228e-01
9.999999999999992228e-01
9.999999999999992228e-01
9.999999999999992228e-01
9.999999999999992228e-01
9.999999999999992228e-01
9.999999999999992228e-01
9.999999999999992228e-01
9.999999999999992228e-01
9.999999999999992228e-01
9.999999999999992228e-01
9.999999999999992228e-01
9.999999999999992228e-01
9.999999999999992228e-01
9.999999999999992228e-01
9.999999999999992228e-01
9.999999999999992228e-01
9.999999999999992228e-01
9.999999999999992228e-01
9.999999999999992228e-01
9.999999999999992228e-01
9.999999999999992228e-01
9.999999999999992228e-01
9.999999999999992228e-01
9.999999999999992228e-01
9.999999999999992228e-01
9.999999999999992228e-01
9.999999999999992228e-01
9.999999999999992228e-01
9.999999999999992228e-01
9.999999999999992228e-01
9.999999999999992228e-01
9.999999999999992228e-01
9.999999999999992228e-01
9.999999999999992228e-01
9.999999999999992228e-01
9.999999999999992228e-01
9.999999999999992228e-01
9.999999999999992228e-01
9.999999999999992228e-01
9.999999999999992228e-01
9.999999999999992228e-01
9.999999999999992228e-01
9.999999999999992228e-01
9.999999999999992228e-01
9.999999999999992228e-01
9.999999999999992228e-01
9.999999999999992228e-01
9.999999999999992228e-01
9.999999999999992228e-01
9.999999999999992228e-01
9.999999999999992228e-01
9.999999999999992228e-01
9.999999999999992228e-01
9.999999999999992228e-01
9.999999999999992228e-01
9.999999999999992228e-01
9.999999999999992228e-01
9.999999999999992228e-01
9.999999999999992228e-01
9.999999999999992228e-01
9.999999999999992228e-01
9.999999999999992228e-01
9.999999999999992228e-01
9.999999999999992228e-01
9.999999999999992228e-01
9.999999999999992228e-01
9.999999999999992228e-01
9.999999999999992228e-01
9.999999999999992228e-01
9.999999999999992228e-01
9.999999999999992228e-01
9.999999999999992228e-01
9.999999999999992228e-01
9.999999999999992228e-01
9.999999999999992228e-01
9.999999999999992228e-01
9.999999999999992228e-01
9.999999999999992228e-01
9.999999999999992228e-01
9.999999999999992228e-01
9.999999999999992228e-01
9.999999999999992228e-01
9.999999999999992228e-01
9.999999999999992228e-01
9.999999999999992228e-01
9.999999999999992228e-01
9.999999999999992228e-01
9.999999999999992228e-01
9.999999999999992228e-01
9.999999999999992228e-01
9.999999999999992228e-01
9.999999999999992228e-01
9.999999999999992228e-01
9.999999999999992228e-01
9.999999999999992228e-01
9.999999999999992228e-01
9.999999999999992228e-01
9.999999999999992228e-01
9.999999999999992228e-01
9.999999999999992228e-01
9.999999999999992228e-01
9.999999999999992228e-01
9.999999999999992228e-01
9.999999999999992228e-01
9.999999999999992228e-01
9.999999999999992228e-01
9.999999999999992228e-01
9.999999999999992228e-01
9.999999999999992228e-01
9.999999999999992228e-01
9.999999999999992228e-01
9.999999999999992228e-01
9.999999999999992228e-01
9.999999999999992228e-01
9.999999999999992228e-01
9.999999999999992228e-01
9.999999999999992228e-01
9.999999999999992228e-01
9.999999999999992228e-01
9.999999999999992228e-01
9.999999999999992228e-01
9.999999999999992228e-01
9.999999999999992228e-01
9.999999999999992228e-01
9.999999999999992228e-01
9.999999999999992228e-01
9.999999999999992228e-01
9.999999999999992228e-01
9.999999999999992228e-01
9.999999999999992228e-01
9.999999999999992228e-01
9.999999999999992228e-01
9.999999999999992228e-01
9.999999999999992228e-01
9.999999999999992228e-01
9.999999999999992228e-01
9.999999999999992228e-01
9.999999999999992228e-01
9.999999999999992228e-01
9.999999999999992228e-01
9.999999999999992228e-01
9.999999999999992228e-01
9.999999999999992228e-01
9.999999999999992228e-01
9.999999999999992228e-01
9.999999999999992228e-01
9.999999999999992228e-01
9.999999999999992228e-01
9.999999999999992228e-01
9.999999999999992228e-01
9.999999999999992228e-01
9.999999999999992228e-01
9.999999999999992228e-01
9.999999999999992228e-01
9.999999999999992228e-01
9.999999999999992228e-01
9.999999999999992228e-01
9.999999999999992228e-01
9.999999999999992228e-01
9.999999999999992228e-01
9.999999999999992228e-01
9.999999999999992228e-01
9.999999999999992228e-01
9.999999999999992228e-01
9.999999999999992228e-01
9.999999999999992228e-01
9.999999999999992228e-01
9.999999999999992228e-01
9.999999999999992228e-01
9.999999999999992228e-01
9.999999999999992228e-01
9.999999999999992228e-01
9.999999999999992228e-01
9.999999999999992228e-01
9.999999999999992228e-01
9.999999999999992228e-01
9.999999999999992228e-01
9.999999999999992228e-01
9.999999999999992228e-01
9.999999999999992228e-01
9.999999999999992228e-01
9.999999999999992228e-01
9.999999999999992228e-01
9.999999999999992228e-01
9.999999999999992228e-01
9.999999999999992228e-01
9.999999999999992228e-01
9.999999999999992228e-01
9.999999999999992228e-01
9.999999999999992228e-01
9.999999999999992228e-01
9.999999999999992228e-01
9.999999999999992228e-01
9.999999999999992228e-01
9.999999999999992228e-01
9.999999999999992228e-01
9.999999999999992228e-01
9.999999999999992228e-01
9.999999999999992228e-01
9.999999999999992228e-01
9.999999999999992228e-01
9.999999999999992228e-01
9.999999999999992228e-01
9.999999999999992228e-01
9.999999999999992228e-01
9.999999999999992228e-01
9.999999999999992228e-01
9.999999999999992228e-01
9.999999999999992228e-01
9.999999999999992228e-01
9.999999999999992228e-01
9.999999999999992228e-01
9.999999999999992228e-01
9.999999999999992228e-01
9.999999999999992228e-01
9.999999999999992228e-01
9.999999999999992228e-01
9.999999999999992228e-01
9.999999999999992228e-01
9.999999999999992228e-01
9.999999999999992228e-01
9.999999999999992228e-01
9.999999999999992228e-01
9.999999999999992228e-01
9.999999999999992228e-01
9.999999999999992228e-01
9.999999999999992228e-01
9.999999999999992228e-01
9.999999999999992228e-01
9.999999999999992228e-01
9.999999999999992228e-01
9.999999999999992228e-01
9.999999999999992228e-01
9.999999999999992228e-01
9.999999999999992228e-01
9.999999999999992228e-01
9.999999999999992228e-01
9.999999999999992228e-01
9.999999999999992228e-01
9.999999999999992228e-01
9.999999999999992228e-01
9.999999999999992228e-01
9.999999999999992228e-01
9.999999999999992228e-01
9.999999999999992228e-01
9.999999999999992228e-01
9.999999999999992228e-01
9.999999999999992228e-01
9.999999999999992228e-01
9.999999999999992228e-01
9.999999999999992228e-01
9.999999999999992228e-01
9.999999999999992228e-01
9.999999999999992228e-01
9.999999999999992228e-01
9.999999999999992228e-01
9.999999999999992228e-01
9.999999999999992228e-01
9.999999999999992228e-01
9.999999999999992228e-01
9.999999999999992228e-01
9.999999999999992228e-01
9.999999999999992228e-01
9.999999999999992228e-01
9.999999999999992228e-01
9.999999999999992228e-01
9.999999999999992228e-01
9.999999999999992228e-01
9.999999999999992228e-01
9.999999999999992228e-01
9.999999999999992228e-01
9.999999999999992228e-01
9.999999999999992228e-01
9.999999999999992228e-01
9.999999999999992228e-01
9.999999999999992228e-01
9.999999999999992228e-01
9.999999999999992228e-01
9.999999999999992228e-01
9.999999999999992228e-01
9.999999999999992228e-01
9.999999999999992228e-01
9.999999999999992228e-01
9.999999999999992228e-01
9.999999999999992228e-01
9.999999999999992228e-01
9.999999999999992228e-01
9.999999999999992228e-01
9.999999999999992228e-01
9.999999999999992228e-01
9.999999999999992228e-01
9.999999999999992228e-01
9.999999999999992228e-01
9.999999999999992228e-01
9.999999999999992228e-01
9.999999999999992228e-01
9.999999999999992228e-01
9.999999999999992228e-01
9.999999999999992228e-01
9.999999999999992228e-01
9.999999999999992228e-01
9.999999999999992228e-01
9.999999999999992228e-01
9.999999999999992228e-01
9.999999999999992228e-01
9.999999999999992228e-01
9.999999999999992228e-01
9.999999999999992228e-01
9.999999999999992228e-01
9.999999999999992228e-01
9.999999999999992228e-01
9.999999999999992228e-01
9.999999999999992228e-01
9.999999999999992228e-01
9.999999999999992228e-01
9.999999999999992228e-01
9.999999999999992228e-01
9.999999999999992228e-01
9.999999999999992228e-01
9.999999999999992228e-01
9.999999999999992228e-01
9.999999999999992228e-01
9.999999999999992228e-01
9.999999999999992228e-01
9.999999999999992228e-01
9.999999999999992228e-01
9.999999999999992228e-01
9.999999999999992228e-01
9.999999999999992228e-01
9.999999999999992228e-01
9.999999999999992228e-01
9.999999999999992228e-01
9.999999999999992228e-01
9.999999999999992228e-01
9.999999999999992228e-01
9.999999999999992228e-01
9.999999999999992228e-01
9.999999999999992228e-01
9.999999999999992228e-01
9.999999999999992228e-01
9.999999999999992228e-01
9.999999999999992228e-01
9.999999999999992228e-01
9.999999999999992228e-01
9.999999999999992228e-01
9.999999999999992228e-01
9.999999999999992228e-01
9.999999999999992228e-01
9.999999999999992228e-01
9.999999999999992228e-01
9.999999999999992228e-01
9.999999999999992228e-01
9.999999999999992228e-01
9.999999999999992228e-01
9.999999999999992228e-01
9.999999999999992228e-01
9.999999999999992228e-01
9.999999999999992228e-01
9.999999999999992228e-01
9.999999999999992228e-01
9.999999999999992228e-01
9.999999999999992228e-01
9.999999999999992228e-01
9.999999999999992228e-01
9.999999999999992228e-01
9.999999999999992228e-01
9.999999999999992228e-01
9.999999999999992228e-01
9.999999999999992228e-01
9.999999999999992228e-01
9.999999999999992228e-01
9.999999999999992228e-01
9.999999999999992228e-01
9.999999999999992228e-01
9.999999999999992228e-01
9.999999999999992228e-01
9.999999999999992228e-01
9.999999999999992228e-01
9.999999999999992228e-01
9.999999999999992228e-01
9.999999999999992228e-01
9.999999999999992228e-01
9.999999999999992228e-01
9.999999999999992228e-01
9.999999999999992228e-01
9.999999999999992228e-01
9.999999999999992228e-01
9.999999999999992228e-01
9.999999999999992228e-01
9.999999999999992228e-01
9.999999999999992228e-01
9.999999999999992228e-01
9.999999999999992228e-01
9.999999999999992228e-01
9.999999999999992228e-01
9.999999999999992228e-01
9.999999999999992228e-01
9.999999999999992228e-01
9.999999999999992228e-01
9.999999999999992228e-01
9.999999999999992228e-01
9.999999999999992228e-01
9.999999999999992228e-01
9.999999999999992228e-01
9.999999999999992228e-01
9.999999999999992228e-01
9.999999999999992228e-01
9.999999999999992228e-01
9.999999999999992228e-01
9.999999999999992228e-01
9.999999999999992228e-01
9.999999999999992228e-01
9.999999999999992228e-01
9.999999999999992228e-01
9.999999999999992228e-01
9.999999999999992228e-01
9.999999999999992228e-01
9.999999999999992228e-01
9.999999999999992228e-01
9.999999999999992228e-01
9.999999999999992228e-01
9.999999999999992228e-01
9.999999999999992228e-01
9.999999999999992228e-01
9.999999999999992228e-01
9.999999999999992228e-01
9.999999999999992228e-01
9.999999999999992228e-01
9.999999999999992228e-01
9.999999999999992228e-01
9.999999999999992228e-01
9.999999999999992228e-01
9.999999999999992228e-01
9.999999999999992228e-01
9.999999999999992228e-01
9.999999999999992228e-01
9.999999999999992228e-01
9.999999999999992228e-01
9.999999999999992228e-01
9.999999999999992228e-01
9.999999999999992228e-01
9.999999999999992228e-01
9.999999999999992228e-01
9.999999999999992228e-01
9.999999999999992228e-01
9.999999999999992228e-01
9.999999999999992228e-01
9.999999999999992228e-01
9.999999999999992228e-01
9.999999999999992228e-01
9.999999999999992228e-01
9.999999999999992228e-01
9.999999999999992228e-01
9.999999999999992228e-01
9.999999999999992228e-01
9.999999999999992228e-01
9.999999999999992228e-01
9.999999999999992228e-01
9.999999999999992228e-01
9.999999999999992228e-01
9.999999999999992228e-01
9.999999999999992228e-01
9.999999999999992228e-01
9.999999999999992228e-01
9.999999999999992228e-01
9.999999999999992228e-01
9.999999999999992228e-01
9.999999999999992228e-01
9.999999999999992228e-01
9.999999999999992228e-01
9.999999999999992228e-01
9.999999999999992228e-01
9.999999999999992228e-01
9.999999999999992228e-01
9.999999999999992228e-01
9.999999999999992228e-01
9.999999999999992228e-01
9.999999999999992228e-01
9.999999999999992228e-01
9.999999999999992228e-01
9.999999999999992228e-01
9.999999999999992228e-01
9.999999999999992228e-01
9.999999999999992228e-01
9.999999999999992228e-01
9.999999999999992228e-01
9.999999999999992228e-01
9.999999999999992228e-01
9.999999999999992228e-01
9.999999999999992228e-01
9.999999999999992228e-01
9.999999999999992228e-01
9.999999999999992228e-01
9.999999999999992228e-01
9.999999999999992228e-01
9.999999999999992228e-01
9.999999999999992228e-01
9.999999999999992228e-01
9.999999999999992228e-01
9.999999999999992228e-01
9.999999999999992228e-01
9.999999999999992228e-01
9.999999999999992228e-01
9.999999999999992228e-01
9.999999999999992228e-01
9.999999999999992228e-01
9.999999999999992228e-01
9.999999999999992228e-01
9.999999999999992228e-01
9.999999999999992228e-01
9.999999999999992228e-01
9.999999999999992228e-01
9.999999999999992228e-01
9.999999999999992228e-01
9.999999999999992228e-01
9.999999999999992228e-01
9.999999999999992228e-01
9.999999999999992228e-01
9.999999999999992228e-01
9.999999999999992228e-01
9.999999999999992228e-01
9.999999999999992228e-01
9.999999999999992228e-01
9.999999999999992228e-01
9.999999999999992228e-01
9.999999999999992228e-01
9.999999999999992228e-01
9.999999999999992228e-01
9.999999999999992228e-01
9.999999999999992228e-01
9.999999999999992228e-01
9.999999999999992228e-01
9.999999999999992228e-01
9.999999999999992228e-01
9.999999999999992228e-01
9.999999999999992228e-01
9.999999999999992228e-01
9.999999999999992228e-01
9.999999999999992228e-01
9.999999999999992228e-01
9.999999999999992228e-01
9.999999999999992228e-01
9.999999999999992228e-01
9.999999999999992228e-01
9.999999999999992228e-01
9.999999999999992228e-01
9.999999999999992228e-01
9.999999999999992228e-01
9.999999999999992228e-01
9.999999999999992228e-01
9.999999999999992228e-01
9.999999999999992228e-01
9.999999999999992228e-01
9.999999999999992228e-01
9.999999999999992228e-01
9.999999999999992228e-01
9.999999999999992228e-01
9.999999999999992228e-01
9.999999999999992228e-01
9.999999999999992228e-01
9.999999999999992228e-01
9.999999999999992228e-01
9.999999999999992228e-01
9.999999999999992228e-01
9.999999999999992228e-01
9.999999999999992228e-01
9.999999999999992228e-01
9.999999999999992228e-01
9.999999999999992228e-01
9.999999999999992228e-01
9.999999999999992228e-01
9.999999999999992228e-01
9.999999999999992228e-01
9.999999999999992228e-01
9.999999999999992228e-01
9.999999999999992228e-01
9.999999999999992228e-01
9.999999999999992228e-01
9.999999999999992228e-01
9.999999999999992228e-01
9.999999999999992228e-01
9.999999999999992228e-01
9.999999999999992228e-01
9.999999999999992228e-01
9.999999999999992228e-01
9.999999999999992228e-01
9.999999999999992228e-01
9.999999999999992228e-01
9.999999999999992228e-01
9.999999999999992228e-01
9.999999999999992228e-01
9.999999999999992228e-01
9.999999999999992228e-01
9.999999999999992228e-01
9.999999999999992228e-01
9.999999999999992228e-01
9.999999999999992228e-01
9.999999999999992228e-01
9.999999999999992228e-01
9.999999999999992228e-01
9.999999999999992228e-01
9.999999999999992228e-01
9.999999999999992228e-01
9.999999999999992228e-01
9.999999999999992228e-01
9.999999999999992228e-01
9.999999999999992228e-01
9.999999999999992228e-01
9.999999999999992228e-01
9.999999999999992228e-01
9.999999999999992228e-01
9.999999999999992228e-01
9.999999999999992228e-01
9.999999999999992228e-01
9.999999999999992228e-01
9.999999999999992228e-01
9.999999999999992228e-01
9.999999999999992228e-01
9.999999999999992228e-01
9.999999999999992228e-01
9.999999999999992228e-01
9.999999999999992228e-01
9.999999999999992228e-01
9.999999999999992228e-01
9.999999999999992228e-01
9.999999999999992228e-01
9.999999999999992228e-01
9.999999999999992228e-01
9.999999999999992228e-01
9.999999999999992228e-01
9.999999999999992228e-01
9.999999999999992228e-01
9.999999999999992228e-01
9.999999999999992228e-01
9.999999999999992228e-01
9.999999999999992228e-01
9.999999999999992228e-01
9.999999999999992228e-01
9.999999999999992228e-01
9.999999999999992228e-01
9.999999999999992228e-01
9.999999999999992228e-01
9.999999999999992228e-01
9.999999999999992228e-01
9.999999999999992228e-01
9.999999999999992228e-01
9.999999999999992228e-01
9.999999999999992228e-01
9.999999999999992228e-01
9.999999999999992228e-01
9.999999999999992228e-01
9.999999999999992228e-01
9.999999999999992228e-01
9.999999999999992228e-01
9.999999999999992228e-01
9.999999999999992228e-01
9.999999999999992228e-01
9.999999999999992228e-01
9.999999999999992228e-01
9.999999999999992228e-01
9.999999999999992228e-01
9.999999999999992228e-01
9.999999999999992228e-01
9.999999999999992228e-01
9.999999999999992228e-01
9.999999999999992228e-01
9.999999999999992228e-01
9.999999999999992228e-01
9.999999999999992228e-01
9.999999999999992228e-01
9.999999999999992228e-01
9.999999999999992228e-01
9.999999999999992228e-01
9.999999999999992228e-01
9.999999999999992228e-01
9.999999999999992228e-01
9.999999999999992228e-01
9.999999999999992228e-01
9.999999999999992228e-01
9.999999999999992228e-01
9.999999999999992228e-01
9.999999999999992228e-01
9.999999999999992228e-01
9.999999999999992228e-01
9.999999999999992228e-01
9.999999999999992228e-01
9.999999999999992228e-01
9.999999999999992228e-01
9.999999999999992228e-01
9.999999999999992228e-01
9.999999999999992228e-01
9.999999999999992228e-01
9.999999999999992228e-01
9.999999999999992228e-01
9.999999999999992228e-01
9.999999999999992228e-01
9.999999999999992228e-01
9.999999999999992228e-01
9.999999999999992228e-01
9.999999999999992228e-01
9.999999999999992228e-01
9.999999999999992228e-01
9.999999999999992228e-01
9.999999999999992228e-01
9.999999999999992228e-01
9.999999999999992228e-01
9.999999999999992228e-01
9.999999999999992228e-01
9.999999999999992228e-01
9.999999999999992228e-01
9.999999999999992228e-01
9.999999999999992228e-01
9.999999999999992228e-01
9.999999999999992228e-01
9.999999999999992228e-01
9.999999999999992228e-01
9.999999999999992228e-01
9.999999999999992228e-01
9.999999999999992228e-01
9.999999999999992228e-01
9.999999999999992228e-01
9.999999999999992228e-01
9.999999999999992228e-01
9.999999999999992228e-01
9.999999999999992228e-01
9.999999999999992228e-01
9.999999999999992228e-01
9.999999999999992228e-01
9.999999999999992228e-01
9.999999999999992228e-01
9.999999999999992228e-01
9.999999999999992228e-01
9.999999999999992228e-01
9.999999999999992228e-01
9.999999999999992228e-01
9.999999999999992228e-01
9.999999999999992228e-01
9.999999999999992228e-01
9.999999999999992228e-01
9.999999999999992228e-01
9.999999999999992228e-01
9.999999999999992228e-01
9.999999999999992228e-01
9.999999999999992228e-01
9.999999999999992228e-01
9.999999999999992228e-01
9.999999999999992228e-01
9.999999999999992228e-01
9.999999999999992228e-01
9.999999999999992228e-01
9.999999999999992228e-01
9.999999999999992228e-01
9.999999999999992228e-01
9.999999999999992228e-01
9.999999999999992228e-01
9.999999999999992228e-01
9.999999999999992228e-01
9.999999999999992228e-01
9.999999999999992228e-01
9.999999999999992228e-01
9.999999999999992228e-01
9.999999999999992228e-01
9.999999999999992228e-01
9.999999999999992228e-01
9.999999999999992228e-01
9.999999999999992228e-01
9.999999999999992228e-01
9.999999999999992228e-01
9.999999999999992228e-01
9.999999999999992228e-01
9.999999999999992228e-01
9.999999999999992228e-01
9.999999999999992228e-01
9.999999999999992228e-01
9.999999999999992228e-01
9.999999999999992228e-01
9.999999999999992228e-01
9.999999999999992228e-01
9.999999999999992228e-01
9.999999999999992228e-01
9.999999999999992228e-01
9.999999999999992228e-01
9.999999999999992228e-01
9.999999999999992228e-01
9.999999999999992228e-01
9.999999999999992228e-01
9.999999999999992228e-01
9.999999999999992228e-01
9.999999999999992228e-01
9.999999999999992228e-01
9.999999999999992228e-01
9.999999999999992228e-01
9.999999999999992228e-01
9.999999999999992228e-01
9.999999999999992228e-01
9.999999999999992228e-01
9.999999999999992228e-01
9.999999999999992228e-01
9.999999999999992228e-01
9.999999999999992228e-01
9.999999999999992228e-01
9.999999999999992228e-01
9.999999999999992228e-01
9.999999999999992228e-01
9.999999999999992228e-01
9.999999999999992228e-01
9.999999999999992228e-01
9.999999999999992228e-01
9.999999999999992228e-01
9.999999999999992228e-01
9.999999999999992228e-01
9.999999999999992228e-01
9.999999999999992228e-01
9.999999999999992228e-01
9.999999999999992228e-01
9.999999999999992228e-01
9.999999999999992228e-01
9.999999999999992228e-01
9.999999999999992228e-01
9.999999999999992228e-01
9.999999999999992228e-01
9.999999999999992228e-01
9.999999999999992228e-01
9.999999999999992228e-01
9.999999999999992228e-01
9.999999999999992228e-01
9.999999999999992228e-01
9.999999999999992228e-01
9.999999999999992228e-01
9.999999999999992228e-01
9.999999999999992228e-01
9.999999999999992228e-01
9.999999999999992228e-01
9.999999999999992228e-01
9.999999999999992228e-01
9.999999999999992228e-01
9.999999999999992228e-01
9.999999999999992228e-01
9.999999999999992228e-01
9.999999999999992228e-01
9.999999999999992228e-01
9.999999999999992228e-01
9.999999999999992228e-01
9.999999999999992228e-01
9.999999999999992228e-01
9.999999999999992228e-01
9.999999999999992228e-01
9.999999999999992228e-01
9.999999999999992228e-01
9.999999999999992228e-01
9.999999999999992228e-01
9.999999999999992228e-01
9.999999999999992228e-01
9.999999999999992228e-01
9.999999999999992228e-01
9.999999999999992228e-01
9.999999999999992228e-01
9.999999999999992228e-01
9.999999999999992228e-01
9.999999999999992228e-01
9.999999999999992228e-01
9.999999999999992228e-01
9.999999999999992228e-01
9.999999999999992228e-01
9.999999999999992228e-01
9.999999999999992228e-01
9.999999999999992228e-01
9.999999999999992228e-01
9.999999999999992228e-01
9.999999999999992228e-01
9.999999999999992228e-01
9.999999999999992228e-01
9.999999999999992228e-01
9.999999999999992228e-01
9.999999999999992228e-01
9.999999999999992228e-01
9.999999999999992228e-01
9.999999999999992228e-01
9.999999999999992228e-01
9.999999999999992228e-01
9.999999999999992228e-01
9.999999999999992228e-01
9.999999999999992228e-01
9.999999999999992228e-01
9.999999999999992228e-01
9.999999999999992228e-01
9.999999999999992228e-01
9.999999999999992228e-01
9.999999999999992228e-01
9.999999999999992228e-01
9.999999999999992228e-01
9.999999999999992228e-01
9.999999999999992228e-01
9.999999999999992228e-01
9.999999999999992228e-01
9.999999999999992228e-01
9.999999999999992228e-01
9.999999999999992228e-01
9.999999999999992228e-01
9.999999999999992228e-01
9.999999999999992228e-01
9.999999999999992228e-01
9.999999999999992228e-01
9.999999999999992228e-01
9.999999999999992228e-01
9.999999999999992228e-01
9.999999999999992228e-01
9.999999999999992228e-01
9.999999999999992228e-01
9.999999999999992228e-01
9.999999999999992228e-01
9.999999999999992228e-01
9.999999999999992228e-01
9.999999999999992228e-01
9.999999999999992228e-01
9.999999999999992228e-01
9.999999999999992228e-01
9.999999999999992228e-01
9.999999999999992228e-01
9.999999999999992228e-01
9.999999999999992228e-01
9.999999999999992228e-01
9.999999999999992228e-01
9.999999999999992228e-01
9.999999999999992228e-01
9.999999999999992228e-01
9.999999999999992228e-01
9.999999999999992228e-01
9.999999999999992228e-01
9.999999999999992228e-01
9.999999999999992228e-01
9.999999999999992228e-01
9.999999999999992228e-01
9.999999999999992228e-01
9.999999999999992228e-01
9.999999999999992228e-01
9.999999999999992228e-01
9.999999999999992228e-01
9.999999999999992228e-01
9.999999999999992228e-01
9.999999999999992228e-01
9.999999999999992228e-01
9.999999999999992228e-01
9.999999999999992228e-01
9.999999999999992228e-01
9.999999999999992228e-01
9.999999999999992228e-01
9.999999999999992228e-01
9.999999999999992228e-01
9.999999999999992228e-01
9.999999999999992228e-01
9.999999999999992228e-01
9.999999999999992228e-01
9.999999999999992228e-01
9.999999999999992228e-01
9.999999999999992228e-01
9.999999999999992228e-01
9.999999999999992228e-01
9.999999999999992228e-01
9.999999999999992228e-01
9.999999999999992228e-01
9.999999999999992228e-01
9.999999999999992228e-01
9.999999999999992228e-01
9.999999999999992228e-01
9.999999999999992228e-01
9.999999999999992228e-01
9.999999999999992228e-01
9.999999999999992228e-01
9.999999999999992228e-01
9.999999999999992228e-01
9.999999999999992228e-01
9.999999999999992228e-01
9.999999999999992228e-01
9.999999999999992228e-01
9.999999999999992228e-01
9.999999999999992228e-01
9.999999999999992228e-01
9.999999999999992228e-01
9.999999999999992228e-01
9.999999999999992228e-01
9.999999999999992228e-01
9.999999999999992228e-01
9.999999999999992228e-01
9.999999999999992228e-01
9.999999999999992228e-01
9.999999999999992228e-01
9.999999999999992228e-01
9.999999999999992228e-01
9.999999999999992228e-01
9.999999999999992228e-01
9.999999999999992228e-01
9.999999999999992228e-01
9.999999999999992228e-01
9.999999999999992228e-01
9.999999999999992228e-01
9.999999999999992228e-01
9.999999999999992228e-01
9.999999999999992228e-01
9.999999999999992228e-01
9.999999999999992228e-01
9.999999999999992228e-01
9.999999999999992228e-01
9.999999999999992228e-01
9.999999999999992228e-01
9.999999999999992228e-01
9.999999999999992228e-01
9.999999999999992228e-01
9.999999999999992228e-01
9.999999999999992228e-01
9.999999999999992228e-01
9.999999999999992228e-01
9.999999999999992228e-01
9.999999999999992228e-01
9.999999999999992228e-01
9.999999999999992228e-01
9.999999999999992228e-01
9.999999999999992228e-01
9.999999999999992228e-01
9.999999999999992228e-01
9.999999999999992228e-01
9.999999999999992228e-01
9.999999999999992228e-01
9.999999999999992228e-01
9.999999999999992228e-01
9.999999999999992228e-01
9.999999999999992228e-01
9.999999999999992228e-01
9.999999999999992228e-01
9.999999999999992228e-01
9.999999999999992228e-01
9.999999999999992228e-01
9.999999999999992228e-01
9.999999999999992228e-01
9.999999999999992228e-01
9.999999999999992228e-01
9.999999999999992228e-01
9.999999999999992228e-01
9.999999999999992228e-01
9.999999999999992228e-01
9.999999999999992228e-01
9.999999999999992228e-01
9.999999999999992228e-01
9.999999999999992228e-01
9.999999999999992228e-01
9.999999999999992228e-01
9.999999999999992228e-01
9.999999999999992228e-01
9.999999999999992228e-01
9.999999999999992228e-01
9.999999999999992228e-01
9.999999999999992228e-01
9.999999999999992228e-01
9.999999999999992228e-01
9.999999999999992228e-01
