2.139948956338789954e-01
2.418160498543094061e-01
2.511763255907632497e-01
2.571805485756242793e-01
2.627396878554365545e-01
2.684980353223440641e-01
2.745758437782311878e-01
2.809728291787583210e-01
2.876668229584450343e-01
2.946357401809339693e-01
3.018609297817532733e-01
3.093266872087914732e-01
3.170193462945750662e-01
3.249265683518215431e-01
3.330368514778433431e-01
3.413391979010338972e-01
3.498228875975318841e-01
3.584773245220020388e-01
3.672919342742544946e-01
3.762560994732960240e-01
3.853591234775338714e-01
3.945902157122685994e-01
4.039384935088554673e-01
4.133929964462259021e-01
4.229427099489369013e-01
4.325765954679821057e-01
4.422836250254675861e-01
4.520528182835897857e-01
4.618732806251142353e-01
4.717342410190816793e-01
4.816250886982267887e-01
4.915354078970111673e-01
5.014550100932895216e-01
5.113739633639945437e-01
5.212826186073840073e-01
5.311716325030557684e-01
5.410319871780238099e-01
5.508550066247678290e-01
5.606323699775106473e-01
5.703561217982597853e-01
5.800186795565276388e-01
5.896128385081615964e-01
5.991317741912535189e-01
6.085690427623631216e-01
6.179185793957809869e-01
6.271746949635919055e-01
6.363320712059882256e-01
6.453857545905720139e-01
6.543311490470496983e-01
6.631640077503998532e-01
6.718804241117836140e-01
6.804768221225732105e-01
6.889499461831942728e-01
6.972968505352408197e-01
7.055148884026920530e-01
7.136017009361419472e-01
7.215552060428206405e-01
7.293735871748704414e-01
7.370552821388521858e-01
7.445989719807877272e-01
7.520035699931690854e-01
7.592682108832480292e-01
7.663922401355235392e-01
7.733752035956221738e-01
7.802168372976662214e-01
7.869170575527105749e-01
7.934759513118377905e-01
7.998937668140014834e-01
8.061709045256453265e-01
8.123079083764646047e-01
8.183054572933778914e-01
8.241643570327972235e-01
8.298855323096049341e-01
8.354700192198178943e-01
8.409189579527296399e-01
8.462335857873357625e-01
8.514152303670474708e-01
8.564653032460571858e-01
8.613852937002260957e-01
8.661767627949921167e-01
8.708413377025384650e-01
8.753807062602960709e-01
8.797966117627753491e-01
8.840908479787114027e-01
8.882652543855582561e-01
8.923217116134730675e-01
8.962621370910748286e-01
9.000884808854472396e-01
9.038027217290638404e-01
9.074068632265475109e-01
9.109029302344265888e-01
9.142929654073127521e-01
9.175790259041942676e-01
9.207631802488127626e-01
9.238475053383670144e-01
9.268340835950562573e-01
9.297250002552452930e-01
9.325223407912913709e-01
9.352281884613248275e-01
9.378446219825147256e-01
9.403737133235818835e-01
9.428175256125350678e-01
9.451781111558141824e-01
9.474575095652105761e-01
9.496577459891138995e-01
9.517808294447978046e-01
9.538287512486063324e-01
9.558034835410393892e-01
9.577069779038615005e-01
9.595411640664677222e-01
9.613079486988426181e-01
9.630092142885382511e-01
9.646468180991736308e-01
9.662225912080322221e-01
9.677383376203911869e-01
9.691958334582730927e-01
9.705968262213535702e-01
9.719430341178021404e-01
9.732361454628645214e-01
9.744778181430265862e-01
9.756696791436250127e-01
9.768133241377909837e-01
9.779103171346348322e-01
9.789621901845938501e-01
9.799704431398837956e-01
9.809365434680068496e-01
9.818619261162845335e-01
9.827479934253958715e-01
9.835961150899168448e-01
9.844076281638692860e-01
9.851838371093045721e-01
9.859260138859619049e-01
9.866353980800597334e-01
9.873131970702961890e-01
9.879605862291566121e-01
9.885787091576467844e-01
9.891686779515952432e-01
9.897315734976936952e-01
9.902684457974713084e-01
9.907803143174294114e-01
9.912681683635928831e-01
9.917329674787689342e-01
9.921756418608373984e-01
9.925970928004339555e-01
9.929981931364255665e-01
9.933797877276164812e-01
9.937426939391643677e-01
9.940877021422286353e-01
9.944155762254150988e-01
9.947270541166268742e-01
9.950228483139762492e-01
9.953036464244574555e-01
9.955701117091279029e-01
9.958228836335931700e-01
9.960625784226371238e-01
9.962897896178873891e-01
9.965050886374554606e-01
9.967090253365364916e-01
9.969021285680045308e-01
9.970849067420849421e-01
9.972578483842339248e-01
9.974214226904033476e-01
9.975760800789135185e-01
9.977222527382046957e-01
9.978603551697828866e-01
9.979907847257201148e-01
9.981139221401127415e-01
9.982301320539453959e-01
9.983397635328498110e-01
9.984431505772876081e-01
9.985406126247277081e-01
9.986324550434271252e-01
9.987189696174610942e-01
9.988004350226853401e-01
9.988771172933482712e-01
9.989492702791052947e-01
9.990171360922196486e-01
9.990809455447647869e-01
9.991409185756751077e-01
9.991972646675193470e-01
9.992501832528981609e-01
9.992998641103943980e-01
9.993464877500286558e-01
9.993902257881968065e-01
9.994312413120873817e-01
9.994696892335985794e-01
9.995057166327943055e-01
9.995394630909559819e-01
9.995710610133053953e-01
9.996006359414890685e-01
9.996283068559298490e-01
9.996541864681648404e-01
9.996783815033016829e-01
9.997009929727367350e-01
9.997221164372890323e-01
9.997418422609137822e-01
9.997602558551669238e-01
9.997774379146012746e-01
9.997934646432796724e-01
9.998084079725989559e-01
9.998223357706202963e-01
9.998353120431093810e-01
9.998473971264902893e-01
9.998586478729221128e-01
9.998691178277079317e-01
9.998788573992484219e-01
9.998879140217525885e-01
9.998963323109187895e-01
9.999041542127994342e-01
9.999114191460611867e-01
9.999181641378523944e-01
9.999244239534877954e-01
9.999302312201581167e-01
9.999356165448703981e-01
9.999406086268223248e-01
9.999452343644109620e-01
9.999495189570727360e-01
9.999534860021490612e-01
9.999571575869667939e-01
9.999605543763213644e-01
9.999636956955435529e-01
9.999665996093290987e-01
9.999692829965054486e-01
9.999717616209043980e-01
9.999740501985068253e-01
9.999761624610200572e-01
9.999781112160438523e-01
9.999799084039773245e-01
9.999815651518129123e-01
9.999830918239606126e-01
9.999844980702404795e-01
9.999857928711751720e-01
9.999869845807132229e-01
9.999880809665054882e-01
9.999890892478553450e-01
9.999900161314576597e-01
9.999908678450369903e-01
9.999916501689924964e-01
9.999923684661508050e-01
9.999930277097260900e-01
9.999936325095806211e-01
9.999941871368769331e-01
9.999946955472073240e-01
9.999951614022838386e-01
9.999955880902668959e-01
9.999959787448091664e-01
9.999963362628857544e-01
9.999966633214791845e-01
9.999969623931860285e-01
9.999972357608054585e-01
9.999974855309701205e-01
9.999977136468759520e-01
9.999979219001632336e-01
9.999981119420010556e-01
9.999982852934220512e-01
9.999984433549541363e-01
9.999985874155922216e-01
9.999987186611503098e-01
9.999988381820338335e-01
9.999989469804675402e-01
9.999990459772150064e-01
9.999991360178208666e-01
9.999992178784083974e-01
9.999992922710596588e-01
9.999993598488070567e-01
9.999994212102614188e-01
9.999994769039011189e-01
9.999995274320447880e-01
9.999995732545294835e-01
9.999996147921138556e-01
9.999996524296260736e-01
9.999996865188738315e-01
9.999997173813323093e-01
9.999997453106274081e-01
9.999997705748271404e-01
9.999997934185556048e-01
9.999998140649426492e-01
9.999998327174203228e-01
9.999998495613781069e-01
9.999998647656862527e-01
9.999998784840982147e-01
9.999998908565406186e-01
9.999999020102985359e-01
9.999999120611051673e-01
9.999999211141422650e-01
9.999999292649589533e-01
9.999999366003140544e-01
9.999999431989490262e-01
9.999999491322962841e-01
9.999999544651280159e-01
9.999999592561503725e-01
9.999999635585471447e-01
9.999999674204774758e-01
9.999999708855302760e-01
9.999999739931401121e-01
9.999999767789666816e-01
9.999999792752413130e-01
9.999999815110832690e-01
9.999999835127881820e-01
9.999999853040906217e-01
9.999999869064041258e-01
9.999999883390390254e-01
9.999999896194008420e-01
9.999999907631712537e-01
9.999999917844720754e-01
9.999999926960144725e-01
9.999999935092349634e-01
9.999999942344178772e-01
9.999999948808077077e-01
9.999999954567100335e-01
9.999999959695836660e-01
9.999999964261234719e-01
9.999999968323363131e-01
9.999999971936088805e-01
9.999999975147695341e-01
9.999999978001443690e-01
9.999999980536072863e-01
9.999999982786259567e-01
9.999999984783027873e-01
9.999999986554122255e-01
9.999999988124340655e-01
9.999999989515839793e-01
9.999999990748403844e-01
9.999999991839693125e-01
9.999999992805463922e-01
9.999999993659764996e-01
9.999999994415119664e-01
9.999999995082685667e-01
9.999999995672396169e-01
9.999999996193094098e-01
9.999999996652646495e-01
9.999999997058048873e-01
9.999999997415517372e-01
9.999999997730575352e-01
9.999999998008127777e-01
9.999999998252526723e-01
9.999999998467633544e-01
9.999999998656871059e-01
9.999999998823274616e-01
9.999999998969530957e-01
9.999999999098020398e-01
9.999999999210849033e-01
9.999999999309879817e-01
9.999999999396759209e-01
9.999999999472943824e-01
9.999999999539718187e-01
9.999999999598218059e-01
9.999999999649443749e-01
9.999999999694280106e-01
9.999999999733504286e-01
9.999999999767803516e-01
9.999999999797781758e-01
9.999999999823971919e-01
9.999999999846841403e-01
9.999999999866800993e-01
9.999999999884213731e-01
9.999999999899397141e-01
9.999999999912629889e-01
9.999999999924158445e-01
9.999999999934195971e-01
9.999999999942932316e-01
9.999999999950531793e-01
9.999999999957139840e-01
9.999999999962881914e-01
9.999999999967870146e-01
9.999999999972201126e-01
9.999999999975959231e-01
9.999999999979219956e-01
9.999999999982046583e-01
9.999999999984495735e-01
9.999999999986617372e-01
9.999999999988453681e-01
9.999999999990043520e-01
9.999999999991417976e-01
9.999999999992605915e-01
9.999999999993632871e-01
9.999999999994519939e-01
9.999999999995285993e-01
9.999999999995946576e-01
9.999999999996516120e-01
9.999999999997006839e-01
9.999999999997429834e-01
9.999999999997793987e-01
9.999999999998107070e-01
9.999999999998376854e-01
9.999999999998608891e-01
9.999999999998808731e-01
9.999999999998979705e-01
9.999999999999126254e-01
9.999999999999252820e-01
9.999999999999360512e-01
9.999999999999453770e-01
9.999999999999533706e-01
9.999999999999601430e-01
9.999999999999659162e-01
9.999999999999709122e-01
9.999999999999751310e-01
9.999999999999787947e-01
9.999999999999819034e-01
9.999999999999845679e-01
9.999999999999867883e-01
9.999999999999886757e-01
9.999999999999903411e-01
9.999999999999917843e-01
9.999999999999930056e-01
9.999999999999940048e-01
9.999999999999948930e-01
9.999999999999956701e-01
9.999999999999963363e-01
9.999999999999968914e-01
9.999999999999973355e-01
9.999999999999976685e-01
9.999999999999980016e-01
9.999999999999982236e-01
9.999999999999984457e-01
9.999999999999986677e-01
9.999999999999988898e-01
9.999999999999990008e-01
9.999999999999991118e-01
9.999999999999992228e-01
9.999999999999993339e-01
9.999999999999994449e-01
9.999999999999995559e-01
9.999999999999995559e-01
9.999999999999995559e-01
9.999999999999995559e-01
9.999999999999995559e-01
9.999999999999995559e-01
9.999999999999995559e-01
9.999999999999995559e-01
9.999999999999995559e-01
9.999999999999995559e-01
9.999999999999995559e-01
9.999999999999995559e-01
9.999999999999995559e-01
9.999999999999995559e-01
9.999999999999995559e-01
9.999999999999995559e-01
9.999999999999995559e-01
9.999999999999995559e-01
9.999999999999995559e-01
9.999999999999995559e-01
9.999999999999995559e-01
9.999999999999995559e-01
9.999999999999995559e-01
9.999999999999995559e-01
9.999999999999995559e-01
9.999999999999995559e-01
9.999999999999995559e-01
9.999999999999995559e-01
9.999999999999995559e-01
9.999999999999995559e-01
9.999999999999995559e-01
9.999999999999995559e-01
9.999999999999995559e-01
9.999999999999995559e-01
9.999999999999995559e-01
9.999999999999995559e-01
9.999999999999995559e-01
9.999999999999995559e-01
9.999999999999995559e-01
9.999999999999995559e-01
9.999999999999995559e-01
9.999999999999995559e-01
9.999999999999995559e-01
9.999999999999995559e-01
9.999999999999995559e-01
9.999999999999995559e-01
9.999999999999995559e-01
9.999999999999995559e-01
9.999999999999995559e-01
9.999999999999995559e-01
9.999999999999995559e-01
9.999999999999995559e-01
9.999999999999995559e-01
9.999999999999995559e-01
9.999999999999995559e-01
9.999999999999995559e-01
9.999999999999995559e-01
9.999999999999995559e-01
9.999999999999995559e-01
9.999999999999995559e-01
9.999999999999995559e-01
9.999999999999995559e-01
9.999999999999995559e-01
9.999999999999995559e-01
9.999999999999995559e-01
9.999999999999995559e-01
9.999999999999995559e-01
9.999999999999995559e-01
9.999999999999995559e-01
9.999999999999995559e-01
9.999999999999995559e-01
9.999999999999995559e-01
9.999999999999995559e-01
9.999999999999995559e-01
9.999999999999995559e-01
9.999999999999995559e-01
9.999999999999995559e-01
9.999999999999995559e-01
9.999999999999995559e-01
9.999999999999995559e-01
9.999999999999995559e-01
9.999999999999995559e-01
9.999999999999995559e-01
9.999999999999995559e-01
9.999999999999995559e-01
9.999999999999995559e-01
9.999999999999995559e-01
9.999999999999995559e-01
9.999999999999995559e-01
9.999999999999995559e-01
9.999999999999995559e-01
9.999999999999995559e-01
9.999999999999995559e-01
9.999999999999995559e-01
9.999999999999995559e-01
9.999999999999995559e-01
9.999999999999995559e-01
9.999999999999995559e-01
9.999999999999995559e-01
9.999999999999995559e-01
9.999999999999995559e-01
9.999999999999995559e-01
9.999999999999995559e-01
9.999999999999995559e-01
9.999999999999995559e-01
9.999999999999995559e-01
9.999999999999995559e-01
9.999999999999995559e-01
9.999999999999995559e-01
9.999999999999995559e-01
9.999999999999995559e-01
9.999999999999995559e-01
9.999999999999995559e-01
9.999999999999995559e-01
9.999999999999995559e-01
9.999999999999995559e-01
9.999999999999995559e-01
9.999999999999995559e-01
9.999999999999995559e-01
9.999999999999995559e-01
9.999999999999995559e-01
9.999999999999995559e-01
9.999999999999995559e-01
9.999999999999995559e-01
9.999999999999995559e-01
9.999999999999995559e-01
9.999999999999995559e-01
9.999999999999995559e-01
9.999999999999995559e-01
9.999999999999995559e-01
9.999999999999995559e-01
9.999999999999995559e-01
9.999999999999995559e-01
9.999999999999995559e-01
9.999999999999995559e-01
9.999999999999995559e-01
9.999999999999995559e-01
9.999999999999995559e-01
9.999999999999995559e-01
9.999999999999995559e-01
9.999999999999995559e-01
9.999999999999995559e-01
9.999999999999995559e-01
9.999999999999995559e-01
9.999999999999995559e-01
9.999999999999995559e-01
9.999999999999995559e-01
9.999999999999995559e-01
9.999999999999995559e-01
9.999999999999995559e-01
9.999999999999995559e-01
9.999999999999995559e-01
9.999999999999995559e-01
9.999999999999995559e-01
9.999999999999995559e-01
9.999999999999995559e-01
9.999999999999995559e-01
9.999999999999995559e-01
9.999999999999995559e-01
9.999999999999995559e-01
9.999999999999995559e-01
9.999999999999995559e-01
9.999999999999995559e-01
9.999999999999995559e-01
9.999999999999995559e-01
9.999999999999995559e-01
9.999999999999995559e-01
9.999999999999995559e-01
9.999999999999995559e-01
9.999999999999995559e-01
9.999999999999995559e-01
9.999999999999995559e-01
9.999999999999995559e-01
9.999999999999995559e-01
9.999999999999995559e-01
9.999999999999995559e-01
9.999999999999995559e-01
9.999999999999995559e-01
9.999999999999995559e-01
9.999999999999995559e-01
9.999999999999995559e-01
9.999999999999995559e-01
9.999999999999995559e-01
9.999999999999995559e-01
9.999999999999995559e-01
9.999999999999995559e-01
9.999999999999995559e-01
9.999999999999995559e-01
9.999999999999995559e-01
9.999999999999995559e-01
9.999999999999995559e-01
9.999999999999995559e-01
9.999999999999995559e-01
9.999999999999995559e-01
9.999999999999995559e-01
9.999999999999995559e-01
9.999999999999995559e-01
9.999999999999995559e-01
9.999999999999995559e-01
9.999999999999995559e-01
9.999999999999995559e-01
9.999999999999995559e-01
9.999999999999995559e-01
9.999999999999995559e-01
9.999999999999995559e-01
9.999999999999995559e-01
9.999999999999995559e-01
9.999999999999995559e-01
9.999999999999995559e-01
9.999999999999995559e-01
9.999999999999995559e-01
9.999999999999995559e-01
9.999999999999995559e-01
9.999999999999995559e-01
9.999999999999995559e-01
9.999999999999995559e-01
9.999999999999995559e-01
9.999999999999995559e-01
9.999999999999995559e-01
9.999999999999995559e-01
9.999999999999995559e-01
9.999999999999995559e-01
9.999999999999995559e-01
9.999999999999995559e-01
9.999999999999995559e-01
9.999999999999995559e-01
9.999999999999995559e-01
9.999999999999995559e-01
9.999999999999995559e-01
9.999999999999995559e-01
9.999999999999995559e-01
9.999999999999995559e-01
9.999999999999995559e-01
9.999999999999995559e-01
9.999999999999995559e-01
9.999999999999995559e-01
9.999999999999995559e-01
9.999999999999995559e-01
9.999999999999995559e-01
9.999999999999995559e-01
9.999999999999995559e-01
9.999999999999995559e-01
9.999999999999995559e-01
9.999999999999995559e-01
9.999999999999995559e-01
9.999999999999995559e-01
9.999999999999995559e-01
9.999999999999995559e-01
9.999999999999995559e-01
9.999999999999995559e-01
9.999999999999995559e-01
9.999999999999995559e-01
9.999999999999995559e-01
9.999999999999995559e-01
9.999999999999995559e-01
9.999999999999995559e-01
9.999999999999995559e-01
9.999999999999995559e-01
9.999999999999995559e-01
9.999999999999995559e-01
9.999999999999995559e-01
9.999999999999995559e-01
9.999999999999995559e-01
9.999999999999995559e-01
9.999999999999995559e-01
9.999999999999995559e-01
9.999999999999995559e-01
9.999999999999995559e-01
9.999999999999995559e-01
9.999999999999995559e-01
9.999999999999995559e-01
9.999999999999995559e-01
9.999999999999995559e-01
9.999999999999995559e-01
9.999999999999995559e-01
9.999999999999995559e-01
9.999999999999995559e-01
9.999999999999995559e-01
9.999999999999995559e-01
9.999999999999995559e-01
9.999999999999995559e-01
9.999999999999995559e-01
9.999999999999995559e-01
9.999999999999995559e-01
9.999999999999995559e-01
9.999999999999995559e-01
9.999999999999995559e-01
9.999999999999995559e-01
9.999999999999995559e-01
9.999999999999995559e-01
9.999999999999995559e-01
9.999999999999995559e-01
9.999999999999995559e-01
9.999999999999995559e-01
9.999999999999995559e-01
9.999999999999995559e-01
9.999999999999995559e-01
9.999999999999995559e-01
9.999999999999995559e-01
9.999999999999995559e-01
9.999999999999995559e-01
9.999999999999995559e-01
9.999999999999995559e-01
9.999999999999995559e-01
9.999999999999995559e-01
9.999999999999995559e-01
9.999999999999995559e-01
9.999999999999995559e-01
9.999999999999995559e-01
9.999999999999995559e-01
9.999999999999995559e-01
9.999999999999995559e-01
9.999999999999995559e-01
9.999999999999995559e-01
9.999999999999995559e-01
9.999999999999995559e-01
9.999999999999995559e-01
9.999999999999995559e-01
9.999999999999995559e-01
9.999999999999995559e-01
9.999999999999995559e-01
9.999999999999995559e-01
9.999999999999995559e-01
9.999999999999995559e-01
9.999999999999995559e-01
9.999999999999995559e-01
9.999999999999995559e-01
9.999999999999995559e-01
9.999999999999995559e-01
9.999999999999995559e-01
9.999999999999995559e-01
9.999999999999995559e-01
9.999999999999995559e-01
9.999999999999995559e-01
9.999999999999995559e-01
9.999999999999995559e-01
9.999999999999995559e-01
9.999999999999995559e-01
9.999999999999995559e-01
9.999999999999995559e-01
9.999999999999995559e-01
9.999999999999995559e-01
9.999999999999995559e-01
9.999999999999995559e-01
9.999999999999995559e-01
9.999999999999995559e-01
9.999999999999995559e-01
9.999999999999995559e-01
9.999999999999995559e-01
9.999999999999995559e-01
9.999999999999995559e-01
9.999999999999995559e-01
9.999999999999995559e-01
9.999999999999995559e-01
9.999999999999995559e-01
9.999999999999995559e-01
9.999999999999995559e-01
9.999999999999995559e-01
9.999999999999995559e-01
9.999999999999995559e-01
9.999999999999995559e-01
9.999999999999995559e-01
9.999999999999995559e-01
9.999999999999995559e-01
9.999999999999995559e-01
9.999999999999995559e-01
9.999999999999995559e-01
9.999999999999995559e-01
9.999999999999995559e-01
9.999999999999995559e-01
9.999999999999995559e-01
9.999999999999995559e-01
9.999999999999995559e-01
9.999999999999995559e-01
9.999999999999995559e-01
9.999999999999995559e-01
9.999999999999995559e-01
9.999999999999995559e-01
9.999999999999995559e-01
9.999999999999995559e-01
9.999999999999995559e-01
9.999999999999995559e-01
9.999999999999995559e-01
9.999999999999995559e-01
9.999999999999995559e-01
9.999999999999995559e-01
9.999999999999995559e-01
9.999999999999995559e-01
9.999999999999995559e-01
9.999999999999995559e-01
9.999999999999995559e-01
9.999999999999995559e-01
9.999999999999995559e-01
9.999999999999995559e-01
9.999999999999995559e-01
9.999999999999995559e-01
9.999999999999995559e-01
9.999999999999995559e-01
9.999999999999995559e-01
9.999999999999995559e-01
9.999999999999995559e-01
9.999999999999995559e-01
9.999999999999995559e-01
9.999999999999995559e-01
9.999999999999995559e-01
9.999999999999995559e-01
9.999999999999995559e-01
9.999999999999995559e-01
9.999999999999995559e-01
9.999999999999995559e-01
9.999999999999995559e-01
9.999999999999995559e-01
9.999999999999995559e-01
9.999999999999995559e-01
9.999999999999995559e-01
9.999999999999995559e-01
9.999999999999995559e-01
9.999999999999995559e-01
9.999999999999995559e-01
9.999999999999995559e-01
9.999999999999995559e-01
9.999999999999995559e-01
9.999999999999995559e-01
9.999999999999995559e-01
9.999999999999995559e-01
9.999999999999995559e-01
9.999999999999995559e-01
9.999999999999995559e-01
9.999999999999995559e-01
9.999999999999995559e-01
9.999999999999995559e-01
9.999999999999995559e-01
9.999999999999995559e-01
9.999999999999995559e-01
9.999999999999995559e-01
9.999999999999995559e-01
9.999999999999995559e-01
9.999999999999995559e-01
9.999999999999995559e-01
9.999999999999995559e-01
9.999999999999995559e-01
9.999999999999995559e-01
9.999999999999995559e-01
9.999999999999995559e-01
9.999999999999995559e-01
9.999999999999995559e-01
9.999999999999995559e-01
9.999999999999995559e-01
9.999999999999995559e-01
9.999999999999995559e-01
9.999999999999995559e-01
9.999999999999995559e-01
9.999999999999995559e-01
9.999999999999995559e-01
9.999999999999995559e-01
9.999999999999995559e-01
9.999999999999995559e-01
9.999999999999995559e-01
9.999999999999995559e-01
9.999999999999995559e-01
9.999999999999995559e-01
9.999999999999995559e-01
9.999999999999995559e-01
9.999999999999995559e-01
9.999999999999995559e-01
9.999999999999995559e-01
9.999999999999995559e-01
9.999999999999995559e-01
9.999999999999995559e-01
9.999999999999995559e-01
9.999999999999995559e-01
9.999999999999995559e-01
9.999999999999995559e-01
9.999999999999995559e-01
9.999999999999995559e-01
9.999999999999995559e-01
9.999999999999995559e-01
9.999999999999995559e-01
9.999999999999995559e-01
9.999999999999995559e-01
9.999999999999995559e-01
9.999999999999995559e-01
9.999999999999995559e-01
9.999999999999995559e-01
9.999999999999995559e-01
9.999999999999995559e-01
9.999999999999995559e-01
9.999999999999995559e-01
9.999999999999995559e-01
9.999999999999995559e-01
9.999999999999995559e-01
9.999999999999995559e-01
9.999999999999995559e-01
9.999999999999995559e-01
9.999999999999995559e-01
9.999999999999995559e-01
9.999999999999995559e-01
9.999999999999995559e-01
9.999999999999995559e-01
9.999999999999995559e-01
9.999999999999995559e-01
9.999999999999995559e-01
9.999999999999995559e-01
9.999999999999995559e-01
9.999999999999995559e-01
9.999999999999995559e-01
9.999999999999995559e-01
9.999999999999995559e-01
9.999999999999995559e-01
9.999999999999995559e-01
9.999999999999995559e-01
9.999999999999995559e-01
9.999999999999995559e-01
9.999999999999995559e-01
9.999999999999995559e-01
9.999999999999995559e-01
9.999999999999995559e-01
9.999999999999995559e-01
9.999999999999995559e-01
9.999999999999995559e-01
9.999999999999995559e-01
9.999999999999995559e-01
9.999999999999995559e-01
9.999999999999995559e-01
9.999999999999995559e-01
9.999999999999995559e-01
9.999999999999995559e-01
9.999999999999995559e-01
9.999999999999995559e-01
9.999999999999995559e-01
9.999999999999995559e-01
9.999999999999995559e-01
9.999999999999995559e-01
9.999999999999995559e-01
9.999999999999995559e-01
9.999999999999995559e-01
9.999999999999995559e-01
9.999999999999995559e-01
9.999999999999995559e-01
9.999999999999995559e-01
9.999999999999995559e-01
9.999999999999995559e-01
9.999999999999995559e-01
9.999999999999995559e-01
9.999999999999995559e-01
9.999999999999995559e-01
9.999999999999995559e-01
9.999999999999995559e-01
9.999999999999995559e-01
9.999999999999995559e-01
9.999999999999995559e-01
9.999999999999995559e-01
9.999999999999995559e-01
9.999999999999995559e-01
9.999999999999995559e-01
9.999999999999995559e-01
9.999999999999995559e-01
9.999999999999995559e-01
9.999999999999995559e-01
9.999999999999995559e-01
9.999999999999995559e-01
9.999999999999995559e-01
9.999999999999995559e-01
9.999999999999995559e-01
9.999999999999995559e-01
9.999999999999995559e-01
9.999999999999995559e-01
9.999999999999995559e-01
9.999999999999995559e-01
9.999999999999995559e-01
9.999999999999995559e-01
9.999999999999995559e-01
9.999999999999995559e-01
9.999999999999995559e-01
9.999999999999995559e-01
9.999999999999995559e-01
9.999999999999995559e-01
9.999999999999995559e-01
9.999999999999995559e-01
9.999999999999995559e-01
9.999999999999995559e-01
9.999999999999995559e-01
9.999999999999995559e-01
9.999999999999995559e-01
9.999999999999995559e-01
9.999999999999995559e-01
9.999999999999995559e-01
9.999999999999995559e-01
9.999999999999995559e-01
9.999999999999995559e-01
9.999999999999995559e-01
9.999999999999995559e-01
9.999999999999995559e-01
9.999999999999995559e-01
9.999999999999995559e-01
9.999999999999995559e-01
9.999999999999995559e-01
9.999999999999995559e-01
9.999999999999995559e-01
9.999999999999995559e-01
9.999999999999995559e-01
9.999999999999995559e-01
9.999999999999995559e-01
9.999999999999995559e-01
9.999999999999995559e-01
9.999999999999995559e-01
9.999999999999995559e-01
9.999999999999995559e-01
9.999999999999995559e-01
9.999999999999995559e-01
9.999999999999995559e-01
9.999999999999995559e-01
9.999999999999995559e-01
9.999999999999995559e-01
9.999999999999995559e-01
9.999999999999995559e-01
9.999999999999995559e-01
9.999999999999995559e-01
9.999999999999995559e-01
9.999999999999995559e-01
9.999999999999995559e-01
9.999999999999995559e-01
9.999999999999995559e-01
9.999999999999995559e-01
9.999999999999995559e-01
9.999999999999995559e-01
9.999999999999995559e-01
9.999999999999995559e-01
9.999999999999995559e-01
9.999999999999995559e-01
9.999999999999995559e-01
9.999999999999995559e-01
9.999999999999995559e-01
9.999999999999995559e-01
9.999999999999995559e-01
9.999999999999995559e-01
9.999999999999995559e-01
9.999999999999995559e-01
9.999999999999995559e-01
9.999999999999995559e-01
9.999999999999995559e-01
9.999999999999995559e-01
9.999999999999995559e-01
9.999999999999995559e-01
9.999999999999995559e-01
9.999999999999995559e-01
9.999999999999995559e-01
9.999999999999995559e-01
9.999999999999995559e-01
9.999999999999995559e-01
9.999999999999995559e-01
9.999999999999995559e-01
9.999999999999995559e-01
9.999999999999995559e-01
9.999999999999995559e-01
9.999999999999995559e-01
9.999999999999995559e-01
9.999999999999995559e-01
9.999999999999995559e-01
9.999999999999995559e-01
9.999999999999995559e-01
9.999999999999995559e-01
9.999999999999995559e-01
9.999999999999995559e-01
9.999999999999995559e-01
9.999999999999995559e-01
9.999999999999995559e-01
9.999999999999995559e-01
9.999999999999995559e-01
9.999999999999995559e-01
9.999999999999995559e-01
9.999999999999995559e-01
9.999999999999995559e-01
9.999999999999995559e-01
9.999999999999995559e-01
9.999999999999995559e-01
9.999999999999995559e-01
9.999999999999995559e-01
9.999999999999995559e-01
9.999999999999995559e-01
9.999999999999995559e-01
9.999999999999995559e-01
9.999999999999995559e-01
9.999999999999995559e-01
9.999999999999995559e-01
9.999999999999995559e-01
9.999999999999995559e-01
9.999999999999995559e-01
9.999999999999995559e-01
9.999999999999995559e-01
9.999999999999995559e-01
9.999999999999995559e-01
9.999999999999995559e-01
9.999999999999995559e-01
9.999999999999995559e-01
9.999999999999995559e-01
9.999999999999995559e-01
9.999999999999995559e-01
9.999999999999995559e-01
9.999999999999995559e-01
9.999999999999995559e-01
9.999999999999995559e-01
9.999999999999995559e-01
9.999999999999995559e-01
9.999999999999995559e-01
9.999999999999995559e-01
9.999999999999995559e-01
9.999999999999995559e-01
9.999999999999995559e-01
9.999999999999995559e-01
9.999999999999995559e-01
9.999999999999995559e-01
9.999999999999995559e-01
9.999999999999995559e-01
9.999999999999995559e-01
9.999999999999995559e-01
9.999999999999995559e-01
9.999999999999995559e-01
9.999999999999995559e-01
9.999999999999995559e-01
9.999999999999995559e-01
9.999999999999995559e-01
9.999999999999995559e-01
9.999999999999995559e-01
9.999999999999995559e-01
9.999999999999995559e-01
9.999999999999995559e-01
9.999999999999995559e-01
9.999999999999995559e-01
9.999999999999995559e-01
9.999999999999995559e-01
9.999999999999995559e-01
9.999999999999995559e-01
9.999999999999995559e-01
9.999999999999995559e-01
9.999999999999995559e-01
9.999999999999995559e-01
9.999999999999995559e-01
9.999999999999995559e-01
9.999999999999995559e-01
9.999999999999995559e-01
9.999999999999995559e-01
9.999999999999995559e-01
9.999999999999995559e-01
9.999999999999995559e-01
9.999999999999995559e-01
9.999999999999995559e-01
9.999999999999995559e-01
9.999999999999995559e-01
9.999999999999995559e-01
9.999999999999995559e-01
9.999999999999995559e-01
9.999999999999995559e-01
9.999999999999995559e-01
9.999999999999995559e-01
9.999999999999995559e-01
9.999999999999995559e-01
9.999999999999995559e-01
9.999999999999995559e-01
9.999999999999995559e-01
9.999999999999995559e-01
9.999999999999995559e-01
9.999999999999995559e-01
9.999999999999995559e-01
9.999999999999995559e-01
9.999999999999995559e-01
9.999999999999995559e-01
9.999999999999995559e-01
9.999999999999995559e-01
9.999999999999995559e-01
9.999999999999995559e-01
9.999999999999995559e-01
9.999999999999995559e-01
9.999999999999995559e-01
9.999999999999995559e-01
9.999999999999995559e-01
9.999999999999995559e-01
9.999999999999995559e-01
9.999999999999995559e-01
9.999999999999995559e-01
9.999999999999995559e-01
9.999999999999995559e-01
9.999999999999995559e-01
9.999999999999995559e-01
9.999999999999995559e-01
9.999999999999995559e-01
9.999999999999995559e-01
9.999999999999995559e-01
9.999999999999995559e-01
9.999999999999995559e-01
9.999999999999995559e-01
9.999999999999995559e-01
9.999999999999995559e-01
9.999999999999995559e-01
9.999999999999995559e-01
9.999999999999995559e-01
9.999999999999995559e-01
9.999999999999995559e-01
9.999999999999995559e-01
9.999999999999995559e-01
9.999999999999995559e-01
9.999999999999995559e-01
9.999999999999995559e-01
9.999999999999995559e-01
9.999999999999995559e-01
9.999999999999995559e-01
9.999999999999995559e-01
9.999999999999995559e-01
9.999999999999995559e-01
9.999999999999995559e-01
9.999999999999995559e-01
9.999999999999995559e-01
9.999999999999995559e-01
9.999999999999995559e-01
9.999999999999995559e-01
9.999999999999995559e-01
9.999999999999995559e-01
9.999999999999995559e-01
9.999999999999995559e-01
9.999999999999995559e-01
9.999999999999995559e-01
9.999999999999995559e-01
9.999999999999995559e-01
9.999999999999995559e-01
9.999999999999995559e-01
9.999999999999995559e-01
9.999999999999995559e-01
9.999999999999995559e-01
9.999999999999995559e-01
9.999999999999995559e-01
9.999999999999995559e-01
9.999999999999995559e-01
9.999999999999995559e-01
9.999999999999995559e-01
9.999999999999995559e-01
9.999999999999995559e-01
9.999999999999995559e-01
9.999999999999995559e-01
9.999999999999995559e-01
9.999999999999995559e-01
9.999999999999995559e-01
9.999999999999995559e-01
9.999999999999995559e-01
9.999999999999995559e-01
9.999999999999995559e-01
9.999999999999995559e-01
9.999999999999995559e-01
9.999999999999995559e-01
9.999999999999995559e-01
9.999999999999995559e-01
9.999999999999995559e-01
9.999999999999995559e-01
9.999999999999995559e-01
9.999999999999995559e-01
9.999999999999995559e-01
9.999999999999995559e-01
9.999999999999995559e-01
9.999999999999995559e-01
9.999999999999995559e-01
9.999999999999995559e-01
9.999999999999995559e-01
9.999999999999995559e-01
9.999999999999995559e-01
9.999999999999995559e-01
9.999999999999995559e-01
9.999999999999995559e-01
9.999999999999995559e-01
9.999999999999995559e-01
9.999999999999995559e-01
9.999999999999995559e-01
9.999999999999995559e-01
9.999999999999995559e-01
9.999999999999995559e-01
9.999999999999995559e-01
9.999999999999995559e-01
9.999999999999995559e-01
9.999999999999995559e-01
9.999999999999995559e-01
9.999999999999995559e-01
9.999999999999995559e-01
9.999999999999995559e-01
9.999999999999995559e-01
9.999999999999995559e-01
9.999999999999995559e-01
9.999999999999995559e-01
9.999999999999995559e-01
9.999999999999995559e-01
9.999999999999995559e-01
9.999999999999995559e-01
9.999999999999995559e-01
9.999999999999995559e-01
9.999999999999995559e-01
9.999999999999995559e-01
9.999999999999995559e-01
9.999999999999995559e-01
9.999999999999995559e-01
9.999999999999995559e-01
9.999999999999995559e-01
9.999999999999995559e-01
9.999999999999995559e-01
9.999999999999995559e-01
9.999999999999995559e-01
9.999999999999995559e-01
9.999999999999995559e-01
9.999999999999995559e-01
9.999999999999995559e-01
9.999999999999995559e-01
9.999999999999995559e-01
9.999999999999995559e-01
9.999999999999995559e-01
9.999999999999995559e-01
9.999999999999995559e-01
9.999999999999995559e-01
9.999999999999995559e-01
9.999999999999995559e-01
9.999999999999995559e-01
9.999999999999995559e-01
9.999999999999995559e-01
9.999999999999995559e-01
9.999999999999995559e-01
9.999999999999995559e-01
9.999999999999995559e-01
9.999999999999995559e-01
9.999999999999995559e-01
9.999999999999995559e-01
9.999999999999995559e-01
9.999999999999995559e-01
9.999999999999995559e-01
9.999999999999995559e-01
9.999999999999995559e-01
9.999999999999995559e-01
9.999999999999995559e-01
9.999999999999995559e-01
9.999999999999995559e-01
9.999999999999995559e-01
9.999999999999995559e-01
9.999999999999995559e-01
9.999999999999995559e-01
9.999999999999995559e-01
9.999999999999995559e-01
9.999999999999995559e-01
9.999999999999995559e-01
9.999999999999995559e-01
9.999999999999995559e-01
9.999999999999995559e-01
9.999999999999995559e-01
9.999999999999995559e-01
9.999999999999995559e-01
9.999999999999995559e-01
9.999999999999995559e-01
9.999999999999995559e-01
9.999999999999995559e-01
9.999999999999995559e-01
9.999999999999995559e-01
9.999999999999995559e-01
9.999999999999995559e-01
9.999999999999995559e-01
9.999999999999995559e-01
9.999999999999995559e-01
9.999999999999995559e-01
9.999999999999995559e-01
9.999999999999995559e-01
9.999999999999995559e-01
9.999999999999995559e-01
9.999999999999995559e-01
9.999999999999995559e-01
9.999999999999995559e-01
9.999999999999995559e-01
9.999999999999995559e-01
9.999999999999995559e-01
9.999999999999995559e-01
9.999999999999995559e-01
9.999999999999995559e-01
9.999999999999995559e-01
9.999999999999995559e-01
9.999999999999995559e-01
9.999999999999995559e-01
9.999999999999995559e-01
9.999999999999995559e-01
9.999999999999995559e-01
9.999999999999995559e-01
9.999999999999995559e-01
9.999999999999995559e-01
9.999999999999995559e-01
9.999999999999995559e-01
9.999999999999995559e-01
9.999999999999995559e-01
9.999999999999995559e-01
9.999999999999995559e-01
9.999999999999995559e-01
9.999999999999995559e-01
9.999999999999995559e-01
9.999999999999995559e-01
9.999999999999995559e-01
9.999999999999995559e-01
9.999999999999995559e-01
9.999999999999995559e-01
9.999999999999995559e-01
9.999999999999995559e-01
9.999999999999995559e-01
9.999999999999995559e-01
9.999999999999995559e-01
9.999999999999995559e-01
9.999999999999995559e-01
9.999999999999995559e-01
9.999999999999995559e-01
9.999999999999995559e-01
9.999999999999995559e-01
9.999999999999995559e-01
9.999999999999995559e-01
9.999999999999995559e-01
9.999999999999995559e-01
9.999999999999995559e-01
9.999999999999995559e-01
9.999999999999995559e-01
9.999999999999995559e-01
9.999999999999995559e-01
9.999999999999995559e-01
9.999999999999995559e-01
9.999999999999995559e-01
9.999999999999995559e-01
9.999999999999995559e-01
9.999999999999995559e-01
9.999999999999995559e-01
9.999999999999995559e-01
9.999999999999995559e-01
9.999999999999995559e-01
9.999999999999995559e-01
9.999999999999995559e-01
9.999999999999995559e-01
9.999999999999995559e-01
9.999999999999995559e-01
9.999999999999995559e-01
9.999999999999995559e-01
9.999999999999995559e-01
9.999999999999995559e-01
9.999999999999995559e-01
9.999999999999995559e-01
9.999999999999995559e-01
9.999999999999995559e-01
9.999999999999995559e-01
9.999999999999995559e-01
9.999999999999995559e-01
9.999999999999995559e-01
9.999999999999995559e-01
9.999999999999995559e-01
9.999999999999995559e-01
9.999999999999995559e-01
9.999999999999995559e-01
9.999999999999995559e-01
9.999999999999995559e-01
9.999999999999995559e-01
9.999999999999995559e-01
9.999999999999995559e-01
9.999999999999995559e-01
9.999999999999995559e-01
9.999999999999995559e-01
9.999999999999995559e-01
9.999999999999995559e-01
9.999999999999995559e-01
9.999999999999995559e-01
9.999999999999995559e-01
9.999999999999995559e-01
9.999999999999995559e-01
9.999999999999995559e-01
9.999999999999995559e-01
9.999999999999995559e-01
9.999999999999995559e-01
9.999999999999995559e-01
9.999999999999995559e-01
9.999999999999995559e-01
9.999999999999995559e-01
9.999999999999995559e-01
9.999999999999995559e-01
9.999999999999995559e-01
9.999999999999995559e-01
9.999999999999995559e-01
9.999999999999995559e-01
9.999999999999995559e-01
9.999999999999995559e-01
9.999999999999995559e-01
9.999999999999995559e-01
9.999999999999995559e-01
9.999999999999995559e-01
9.999999999999995559e-01
9.999999999999995559e-01
9.999999999999995559e-01
9.999999999999995559e-01
9.999999999999995559e-01
9.999999999999995559e-01
9.999999999999995559e-01
9.999999999999995559e-01
9.999999999999995559e-01
9.999999999999995559e-01
9.999999999999995559e-01
9.999999999999995559e-01
9.999999999999995559e-01
9.999999999999995559e-01
9.999999999999995559e-01
9.999999999999995559e-01
9.999999999999995559e-01
9.999999999999995559e-01
9.999999999999995559e-01
9.999999999999995559e-01
9.999999999999995559e-01
9.999999999999995559e-01
9.999999999999995559e-01
9.999999999999995559e-01
9.999999999999995559e-01
9.999999999999995559e-01
9.999999999999995559e-01
9.999999999999995559e-01
9.999999999999995559e-01
9.999999999999995559e-01
9.999999999999995559e-01
9.999999999999995559e-01
9.999999999999995559e-01
9.999999999999995559e-01
9.999999999999995559e-01
9.999999999999995559e-01
9.999999999999995559e-01
9.999999999999995559e-01
9.999999999999995559e-01
9.999999999999995559e-01
9.999999999999995559e-01
9.999999999999995559e-01
9.999999999999995559e-01
9.999999999999995559e-01
9.999999999999995559e-01
9.999999999999995559e-01
9.999999999999995559e-01
9.999999999999995559e-01
9.999999999999995559e-01
9.999999999999995559e-01
9.999999999999995559e-01
9.999999999999995559e-01
9.999999999999995559e-01
9.999999999999995559e-01
9.999999999999995559e-01
9.999999999999995559e-01
9.999999999999995559e-01
9.999999999999995559e-01
9.999999999999995559e-01
9.999999999999995559e-01
9.999999999999995559e-01
9.999999999999995559e-01
9.999999999999995559e-01
9.999999999999995559e-01
9.999999999999995559e-01
9.999999999999995559e-01
9.999999999999995559e-01
9.999999999999995559e-01
9.999999999999995559e-01
9.999999999999995559e-01
9.999999999999995559e-01
9.999999999999995559e-01
9.999999999999995559e-01
9.999999999999995559e-01
9.999999999999995559e-01
9.999999999999995559e-01
9.999999999999995559e-01
9.999999999999995559e-01
9.999999999999995559e-01
9.999999999999995559e-01
9.999999999999995559e-01
9.999999999999995559e-01
9.999999999999995559e-01
9.999999999999995559e-01
9.999999999999995559e-01
9.999999999999995559e-01
9.999999999999995559e-01
9.999999999999995559e-01
9.999999999999995559e-01
9.999999999999995559e-01
9.999999999999995559e-01
9.999999999999995559e-01
9.999999999999995559e-01
9.999999999999995559e-01
9.999999999999995559e-01
9.999999999999995559e-01
9.999999999999995559e-01
9.999999999999995559e-01
9.999999999999995559e-01
9.999999999999995559e-01
9.999999999999995559e-01
9.999999999999995559e-01
9.999999999999995559e-01
9.999999999999995559e-01
9.999999999999995559e-01
9.999999999999995559e-01
9.999999999999995559e-01
9.999999999999995559e-01
9.999999999999995559e-01
9.999999999999995559e-01
9.999999999999995559e-01
9.999999999999995559e-01
9.999999999999995559e-01
9.999999999999995559e-01
9.999999999999995559e-01
9.999999999999995559e-01
9.999999999999995559e-01
9.999999999999995559e-01
9.999999999999995559e-01
9.999999999999995559e-01
9.999999999999995559e-01
9.999999999999995559e-01
9.999999999999995559e-01
9.999999999999995559e-01
9.999999999999995559e-01
9.999999999999995559e-01
9.999999999999995559e-01
9.999999999999995559e-01
9.999999999999995559e-01
9.999999999999995559e-01
9.999999999999995559e-01
9.999999999999995559e-01
9.999999999999995559e-01
9.999999999999995559e-01
9.999999999999995559e-01
9.999999999999995559e-01
9.999999999999995559e-01
9.999999999999995559e-01
9.999999999999995559e-01
9.999999999999995559e-01
9.999999999999995559e-01
9.999999999999995559e-01
9.999999999999995559e-01
9.999999999999995559e-01
9.999999999999995559e-01
9.999999999999995559e-01
9.999999999999995559e-01
9.999999999999995559e-01
9.999999999999995559e-01
9.999999999999995559e-01
9.999999999999995559e-01
9.999999999999995559e-01
9.999999999999995559e-01
9.999999999999995559e-01
9.999999999999995559e-01
9.999999999999995559e-01
9.999999999999995559e-01
9.999999999999995559e-01
9.999999999999995559e-01
9.999999999999995559e-01
9.999999999999995559e-01
9.999999999999995559e-01
9.999999999999995559e-01
9.999999999999995559e-01
9.999999999999995559e-01
9.999999999999995559e-01
9.999999999999995559e-01
9.999999999999995559e-01
9.999999999999995559e-01
9.999999999999995559e-01
9.999999999999995559e-01
9.999999999999995559e-01
9.999999999999995559e-01
9.999999999999995559e-01
9.999999999999995559e-01
9.999999999999995559e-01
9.999999999999995559e-01
9.999999999999995559e-01
9.999999999999995559e-01
9.999999999999995559e-01
9.999999999999995559e-01
9.999999999999995559e-01
9.999999999999995559e-01
9.999999999999995559e-01
9.999999999999995559e-01
9.999999999999995559e-01
9.999999999999995559e-01
9.999999999999995559e-01
9.999999999999995559e-01
9.999999999999995559e-01
9.999999999999995559e-01
9.999999999999995559e-01
9.999999999999995559e-01
9.999999999999995559e-01
9.999999999999995559e-01
9.999999999999995559e-01
9.999999999999995559e-01
9.999999999999995559e-01
9.999999999999995559e-01
9.999999999999995559e-01
9.999999999999995559e-01
9.999999999999995559e-01
9.999999999999995559e-01
9.999999999999995559e-01
9.999999999999995559e-01
9.999999999999995559e-01
9.999999999999995559e-01
9.999999999999995559e-01
9.999999999999995559e-01
9.999999999999995559e-01
9.999999999999995559e-01
9.999999999999995559e-01
9.999999999999995559e-01
9.999999999999995559e-01
9.999999999999995559e-01
9.999999999999995559e-01
9.999999999999995559e-01
9.999999999999995559e-01
9.999999999999995559e-01
9.999999999999995559e-01
9.999999999999995559e-01
9.999999999999995559e-01
9.999999999999995559e-01
9.999999999999995559e-01
9.999999999999995559e-01
9.999999999999995559e-01
9.999999999999995559e-01
9.999999999999995559e-01
9.999999999999995559e-01
9.999999999999995559e-01
9.999999999999995559e-01
9.999999999999995559e-01
9.999999999999995559e-01
9.999999999999995559e-01
9.999999999999995559e-01
9.999999999999995559e-01
9.999999999999995559e-01
9.999999999999995559e-01
9.999999999999995559e-01
9.999999999999995559e-01
9.999999999999995559e-01
9.999999999999995559e-01
9.999999999999995559e-01
9.999999999999995559e-01
9.999999999999995559e-01
9.999999999999995559e-01
9.999999999999995559e-01
9.999999999999995559e-01
9.999999999999995559e-01
9.999999999999995559e-01
9.999999999999995559e-01
9.999999999999995559e-01
9.999999999999995559e-01
9.999999999999995559e-01
9.999999999999995559e-01
9.999999999999995559e-01
9.999999999999995559e-01
9.999999999999995559e-01
9.999999999999995559e-01
9.999999999999995559e-01
9.999999999999995559e-01
9.999999999999995559e-01
9.999999999999995559e-01
9.999999999999995559e-01
9.999999999999995559e-01
9.999999999999995559e-01
9.999999999999995559e-01
9.999999999999995559e-01
9.999999999999995559e-01
9.999999999999995559e-01
9.999999999999995559e-01
9.999999999999995559e-01
9.999999999999995559e-01
9.999999999999995559e-01
9.999999999999995559e-01
9.999999999999995559e-01
9.999999999999995559e-01
9.999999999999995559e-01
9.999999999999995559e-01
9.999999999999995559e-01
9.999999999999995559e-01
9.999999999999995559e-01
9.999999999999995559e-01
9.999999999999995559e-01
9.999999999999995559e-01
9.999999999999995559e-01
9.999999999999995559e-01
9.999999999999995559e-01
9.999999999999995559e-01
9.999999999999995559e-01
9.999999999999995559e-01
9.999999999999995559e-01
9.999999999999995559e-01
9.999999999999995559e-01
9.999999999999995559e-01
9.999999999999995559e-01
9.999999999999995559e-01
9.999999999999995559e-01
9.999999999999995559e-01
9.999999999999995559e-01
9.999999999999995559e-01
9.999999999999995559e-01
9.999999999999995559e-01
9.999999999999995559e-01
9.999999999999995559e-01
9.999999999999995559e-01
9.999999999999995559e-01
9.999999999999995559e-01
9.999999999999995559e-01
9.999999999999995559e-01
9.999999999999995559e-01
9.999999999999995559e-01
9.999999999999995559e-01
9.999999999999995559e-01
9.999999999999995559e-01
9.999999999999995559e-01
9.999999999999995559e-01
9.999999999999995559e-01
9.999999999999995559e-01
9.999999999999995559e-01
9.999999999999995559e-01
9.999999999999995559e-01
9.999999999999995559e-01
9.999999999999995559e-01
9.999999999999995559e-01
9.999999999999995559e-01
9.999999999999995559e-01
9.999999999999995559e-01
9.999999999999995559e-01
9.999999999999995559e-01
9.999999999999995559e-01
9.999999999999995559e-01
9.999999999999995559e-01
9.999999999999995559e-01
9.999999999999995559e-01
9.999999999999995559e-01
9.999999999999995559e-01
9.999999999999995559e-01
9.999999999999995559e-01
9.999999999999995559e-01
9.999999999999995559e-01
9.999999999999995559e-01
9.999999999999995559e-01
9.999999999999995559e-01
9.999999999999995559e-01
9.999999999999995559e-01
9.999999999999995559e-01
9.999999999999995559e-01
9.999999999999995559e-01
9.999999999999995559e-01
9.999999999999995559e-01
9.999999999999995559e-01
9.999999999999995559e-01
9.999999999999995559e-01
9.999999999999995559e-01
9.999999999999995559e-01
9.999999999999995559e-01
9.999999999999995559e-01
9.999999999999995559e-01
9.999999999999995559e-01
9.999999999999995559e-01
9.999999999999995559e-01
9.999999999999995559e-01
9.999999999999995559e-01
9.999999999999995559e-01
9.999999999999995559e-01
9.999999999999995559e-01
9.999999999999995559e-01
9.999999999999995559e-01
9.999999999999995559e-01
9.999999999999995559e-01
9.999999999999995559e-01
9.999999999999995559e-01
9.999999999999995559e-01
9.999999999999995559e-01
9.999999999999995559e-01
9.999999999999995559e-01
9.999999999999995559e-01
9.999999999999995559e-01
9.999999999999995559e-01
9.999999999999995559e-01
9.999999999999995559e-01
9.999999999999995559e-01
9.999999999999995559e-01
9.999999999999995559e-01
9.999999999999995559e-01
9.999999999999995559e-01
9.999999999999995559e-01
9.999999999999995559e-01
9.999999999999995559e-01
9.999999999999995559e-01
9.999999999999995559e-01
9.999999999999995559e-01
9.999999999999995559e-01
9.999999999999995559e-01
9.999999999999995559e-01
9.999999999999995559e-01
9.999999999999995559e-01
9.999999999999995559e-01
9.999999999999995559e-01
9.999999999999995559e-01
9.999999999999995559e-01
9.999999999999995559e-01
9.999999999999995559e-01
9.999999999999995559e-01
9.999999999999995559e-01
9.999999999999995559e-01
9.999999999999995559e-01
9.999999999999995559e-01
9.999999999999995559e-01
9.999999999999995559e-01
9.999999999999995559e-01
9.999999999999995559e-01
9.999999999999995559e-01
9.999999999999995559e-01
9.999999999999995559e-01
9.999999999999995559e-01
9.999999999999995559e-01
9.999999999999995559e-01
9.999999999999995559e-01
9.999999999999995559e-01
9.999999999999995559e-01
9.999999999999995559e-01
9.999999999999995559e-01
9.999999999999995559e-01
9.999999999999995559e-01
9.999999999999995559e-01
9.999999999999995559e-01
9.999999999999995559e-01
9.999999999999995559e-01
9.999999999999995559e-01
9.999999999999995559e-01
9.999999999999995559e-01
9.999999999999995559e-01
9.999999999999995559e-01
9.999999999999995559e-01
9.999999999999995559e-01
9.999999999999995559e-01
9.999999999999995559e-01
9.999999999999995559e-01
9.999999999999995559e-01
9.999999999999995559e-01
9.999999999999995559e-01
9.999999999999995559e-01
9.999999999999995559e-01
9.999999999999995559e-01
9.999999999999995559e-01
9.999999999999995559e-01
9.999999999999995559e-01
9.999999999999995559e-01
9.999999999999995559e-01
9.999999999999995559e-01
9.999999999999995559e-01
9.999999999999995559e-01
9.999999999999995559e-01
9.999999999999995559e-01
9.999999999999995559e-01
9.999999999999995559e-01
9.999999999999995559e-01
9.999999999999995559e-01
9.999999999999995559e-01
9.999999999999995559e-01
9.999999999999995559e-01
9.999999999999995559e-01
9.999999999999995559e-01
9.999999999999995559e-01
9.999999999999995559e-01
9.999999999999995559e-01
9.999999999999995559e-01
9.999999999999995559e-01
9.999999999999995559e-01
9.999999999999995559e-01
9.999999999999995559e-01
9.999999999999995559e-01
9.999999999999995559e-01
9.999999999999995559e-01
9.999999999999995559e-01
9.999999999999995559e-01
9.999999999999995559e-01
9.999999999999995559e-01
9.999999999999995559e-01
9.999999999999995559e-01
9.999999999999995559e-01
9.999999999999995559e-01
9.999999999999995559e-01
9.999999999999995559e-01
9.999999999999995559e-01
9.999999999999995559e-01
9.999999999999995559e-01
9.999999999999995559e-01
9.999999999999995559e-01
9.999999999999995559e-01
9.999999999999995559e-01
9.999999999999995559e-01
9.999999999999995559e-01
9.999999999999995559e-01
9.999999999999995559e-01
9.999999999999995559e-01
9.999999999999995559e-01
9.999999999999995559e-01
9.999999999999995559e-01
9.999999999999995559e-01
9.999999999999995559e-01
9.999999999999995559e-01
9.999999999999995559e-01
9.999999999999995559e-01
9.999999999999995559e-01
9.999999999999995559e-01
9.999999999999995559e-01
9.999999999999995559e-01
9.999999999999995559e-01
9.999999999999995559e-01
9.999999999999995559e-01
9.999999999999995559e-01
9.999999999999995559e-01
9.999999999999995559e-01
9.999999999999995559e-01
9.999999999999995559e-01
9.999999999999995559e-01
9.999999999999995559e-01
9.999999999999995559e-01
9.999999999999995559e-01
9.999999999999995559e-01
9.999999999999995559e-01
9.999999999999995559e-01
9.999999999999995559e-01
9.999999999999995559e-01
9.999999999999995559e-01
9.999999999999995559e-01
9.999999999999995559e-01
9.999999999999995559e-01
9.999999999999995559e-01
9.999999999999995559e-01
9.999999999999995559e-01
9.999999999999995559e-01
9.999999999999995559e-01
9.999999999999995559e-01
9.999999999999995559e-01
9.999999999999995559e-01
9.999999999999995559e-01
9.999999999999995559e-01
9.999999999999995559e-01
9.999999999999995559e-01
9.999999999999995559e-01
9.999999999999995559e-01
9.999999999999995559e-01
9.999999999999995559e-01
9.999999999999995559e-01
9.999999999999995559e-01
9.999999999999995559e-01
9.999999999999995559e-01
9.999999999999995559e-01
9.999999999999995559e-01
9.999999999999995559e-01
9.999999999999995559e-01
9.999999999999995559e-01
9.999999999999995559e-01
9.999999999999995559e-01
9.999999999999995559e-01
9.999999999999995559e-01
9.999999999999995559e-01
9.999999999999995559e-01
9.999999999999995559e-01
9.999999999999995559e-01
9.999999999999995559e-01
9.999999999999995559e-01
9.999999999999995559e-01
9.999999999999995559e-01
9.999999999999995559e-01
9.999999999999995559e-01
9.999999999999995559e-01
9.999999999999995559e-01
9.999999999999995559e-01
9.999999999999995559e-01
9.999999999999995559e-01
9.999999999999995559e-01
9.999999999999995559e-01
9.999999999999995559e-01
9.999999999999995559e-01
9.999999999999995559e-01
9.999999999999995559e-01
9.999999999999995559e-01
9.999999999999995559e-01
9.999999999999995559e-01
9.999999999999995559e-01
9.999999999999995559e-01
9.999999999999995559e-01
9.999999999999995559e-01
9.999999999999995559e-01
9.999999999999995559e-01
9.999999999999995559e-01
9.999999999999995559e-01
9.999999999999995559e-01
9.999999999999995559e-01
9.999999999999995559e-01
9.999999999999995559e-01
9.999999999999995559e-01
9.999999999999995559e-01
9.999999999999995559e-01
9.999999999999995559e-01
9.999999999999995559e-01
9.999999999999995559e-01
9.999999999999995559e-01
9.999999999999995559e-01
9.999999999999995559e-01
9.999999999999995559e-01
9.999999999999995559e-01
9.999999999999995559e-01
9.999999999999995559e-01
9.999999999999995559e-01
9.999999999999995559e-01
9.999999999999995559e-01
9.999999999999995559e-01
9.999999999999995559e-01
9.999999999999995559e-01
9.999999999999995559e-01
9.999999999999995559e-01
9.999999999999995559e-01
9.999999999999995559e-01
9.999999999999995559e-01
9.999999999999995559e-01
9.999999999999995559e-01
9.999999999999995559e-01
9.999999999999995559e-01
9.999999999999995559e-01
9.999999999999995559e-01
9.999999999999995559e-01
9.999999999999995559e-01
9.999999999999995559e-01
9.999999999999995559e-01
9.999999999999995559e-01
9.999999999999995559e-01
9.999999999999995559e-01
9.999999999999995559e-01
9.999999999999995559e-01
9.999999999999995559e-01
9.999999999999995559e-01
9.999999999999995559e-01
9.999999999999995559e-01
9.999999999999995559e-01
9.999999999999995559e-01
9.999999999999995559e-01
9.999999999999995559e-01
9.999999999999995559e-01
9.999999999999995559e-01
9.999999999999995559e-01
9.999999999999995559e-01
9.999999999999995559e-01
9.999999999999995559e-01
9.999999999999995559e-01
9.999999999999995559e-01
9.999999999999995559e-01
9.999999999999995559e-01
9.999999999999995559e-01
9.999999999999995559e-01
9.999999999999995559e-01
9.999999999999995559e-01
9.999999999999995559e-01
9.999999999999995559e-01
9.999999999999995559e-01
9.999999999999995559e-01
9.999999999999995559e-01
9.999999999999995559e-01
9.999999999999995559e-01
9.999999999999995559e-01
9.999999999999995559e-01
9.999999999999995559e-01
9.999999999999995559e-01
9.999999999999995559e-01
9.999999999999995559e-01
9.999999999999995559e-01
9.999999999999995559e-01
9.999999999999995559e-01
9.999999999999995559e-01
9.999999999999995559e-01
9.999999999999995559e-01
9.999999999999995559e-01
9.999999999999995559e-01
9.999999999999995559e-01
9.999999999999995559e-01
9.999999999999995559e-01
9.999999999999995559e-01
9.999999999999995559e-01
9.999999999999995559e-01
9.999999999999995559e-01
9.999999999999995559e-01
9.999999999999995559e-01
9.999999999999995559e-01
9.999999999999995559e-01
9.999999999999995559e-01
9.999999999999995559e-01
9.999999999999995559e-01
9.999999999999995559e-01
9.999999999999995559e-01
9.999999999999995559e-01
9.999999999999995559e-01
9.999999999999995559e-01
9.999999999999995559e-01
9.999999999999995559e-01
9.999999999999995559e-01
9.999999999999995559e-01
9.999999999999995559e-01
9.999999999999995559e-01
9.999999999999995559e-01
9.999999999999995559e-01
9.999999999999995559e-01
9.999999999999995559e-01
9.999999999999995559e-01
9.999999999999995559e-01
9.999999999999995559e-01
9.999999999999995559e-01
9.999999999999995559e-01
9.999999999999995559e-01
9.999999999999995559e-01
9.999999999999995559e-01
9.999999999999995559e-01
9.999999999999995559e-01
9.999999999999995559e-01
9.999999999999995559e-01
9.999999999999995559e-01
9.999999999999995559e-01
9.999999999999995559e-01
9.999999999999995559e-01
9.999999999999995559e-01
9.999999999999995559e-01
