2.169882323549091885e-01
2.565699216672851501e-01
2.850039667870288840e-01
3.153821814981404015e-01
3.490757458098666666e-01
3.856559648027538811e-01
4.244149048243598399e-01
4.646018925452973791e-01
5.054747310556124695e-01
5.463379892575174201e-01
5.865739154109894660e-01
6.256602105124737800e-01
6.631755232927015742e-01
6.987962920398554933e-01
7.322884964014934051e-01
7.634969860696129151e-01
7.923341374761762035e-01
8.187688784031831313e-01
8.428166276808165547e-01
8.645303766114498245e-01
8.839929397703615299e-01
9.013102878136355356e-01
9.166058195661175301e-01
9.300154182386870527e-01
9.416831530356424285e-01
9.517575194502577718e-01
9.603881476319088284e-01
9.677229398008191374e-01
9.739056200267287577e-01
9.790736915171830423e-01
9.833567991243744588e-01
9.868754906189256548e-01
9.897403622228206910e-01
9.920515644169797254e-01
9.938986349879920246e-01
9.953606188472597927e-01
9.965064289890878113e-01
9.973954002845063505e-01
9.980779875775499521e-01
9.985965615081535685e-01
9.989862592544016540e-01
9.992758525205136522e-01
9.994886011243815371e-01
9.996430670002312002e-01
9.997538699106206517e-01
9.998323723046753653e-01
9.998872862925184402e-01
9.999252004410714711e-01
9.999510279299053117e-01
9.999683805104649936e-01
9.999798747251421593e-01
9.999873780509797028e-01
9.999922031559901336e-01
9.999952584311874171e-01
9.999971625289597599e-01
9.999983299310906126e-01
9.999990337045367994e-01
9.999994506763550950e-01
9.999996933447655723e-01
9.999998319929976898e-01
9.999999097182022956e-01
9.999999524447013011e-01
9.999999754618270620e-01
9.999999876052773073e-01
9.999999938754141615e-01
9.999999970416970640e-01
9.999999986042706901e-01
9.999999993573061019e-01
9.999999997114057404e-01
9.999999998737383322e-01
9.999999999462277911e-01
9.999999999777294812e-01
9.999999999910390569e-01
9.999999999965007991e-01
9.999999999986752819e-01
9.999999999995143884e-01
9.999999999998278044e-01
9.999999999999410472e-01
9.999999999999805711e-01
9.999999999999938938e-01
9.999999999999982236e-01
9.999999999999995559e-01
1.000000000000000000e+00
1.000000000000000222e+00
1.000000000000000222e+00
1.000000000000000222e+00
1.000000000000000222e+00
1.000000000000000222e+00
1.000000000000000222e+00
1.000000000000000222e+00
1.000000000000000222e+00
1.000000000000000222e+00
1.000000000000000222e+00
1.000000000000000222e+00
1.000000000000000222e+00
1.000000000000000222e+00
1.000000000000000222e+00
1.000000000000000222e+00
1.000000000000000222e+00
1.000000000000000222e+00
1.000000000000000222e+00
1.000000000000000222e+00
1.000000000000000222e+00
1.000000000000000222e+00
1.000000000000000222e+00
1.000000000000000222e+00
1.000000000000000222e+00
1.000000000000000222e+00
1.000000000000000222e+00
1.000000000000000222e+00
1.000000000000000222e+00
1.000000000000000222e+00
1.000000000000000222e+00
1.000000000000000222e+00
1.000000000000000222e+00
1.000000000000000222e+00
1.000000000000000222e+00
1.000000000000000222e+00
1.000000000000000222e+00
1.000000000000000222e+00
1.000000000000000222e+00
1.000000000000000222e+00
1.000000000000000222e+00
1.000000000000000222e+00
1.000000000000000222e+00
1.000000000000000222e+00
1.000000000000000222e+00
1.000000000000000222e+00
1.000000000000000222e+00
1.000000000000000222e+00
1.000000000000000222e+00
1.000000000000000222e+00
1.000000000000000222e+00
1.000000000000000222e+00
1.000000000000000222e+00
1.000000000000000222e+00
1.000000000000000222e+00
1.000000000000000222e+00
1.000000000000000222e+00
1.000000000000000222e+00
1.000000000000000222e+00
1.000000000000000222e+00
