2.225053260401853861e-01
2.826586801010014249e-01
3.423001496102781593e-01
4.109326847155144735e-01
4.854647231184686107e-01
5.612998843211901567e-01
6.345544922501729079e-01
7.024435494730878471e-01
7.632240524846337637e-01
8.160108639892870164e-01
8.605699998743981949e-01
8.971388783613281070e-01
9.262877988994371314e-01
9.488139383259169835e-01
9.656523496752353886e-01
9.777948086823194940e-01
9.862165697803078057e-01
9.918159030607762716e-01
9.953712218422151592e-01
9.975180628163210494e-01
9.987450424351439482e-01
9.994052142589670007e-01
9.997375742225225181e-01
9.998930534775176682e-01
9.999601026937231518e-01
9.999865149928049979e-01
9.999959195750567353e-01
9.999989098332471293e-01
9.999997469449322107e-01
9.999999499156762006e-01
9.999999917321663601e-01
9.999999988906538295e-01
9.999999998826381020e-01
9.999999999905559989e-01
9.999999999994464428e-01
9.999999999999777955e-01
9.999999999999996669e-01
1.000000000000000222e+00
1.000000000000000222e+00
1.000000000000000222e+00
1.000000000000000222e+00
1.000000000000000222e+00
1.000000000000000222e+00
1.000000000000000222e+00
1.000000000000000222e+00
1.000000000000000222e+00
1.000000000000000222e+00
