2.150938710509134044e-01
2.474133956943802559e-01
2.643933765957897641e-01
2.802963946341937018e-01
2.973627828565303943e-01
3.158276236706695217e-01
3.355781517579884965e-01
3.564604449518045115e-01
3.783206953787598970e-01
4.010039403859322893e-01
4.243518043721790090e-01
4.482034239983554436e-01
4.723982253540665588e-01
4.967792754302281510e-01
5.211964577886269989e-01
5.455090968495854842e-01
5.695878907357772025e-01
5.933161535706611422e-01
6.165904440719134350e-01
6.393206899106341767e-01
6.614299232231178882e-01
6.828537338570446202e-01
7.035395313950093543e-01
7.234456895964965772e-01
7.425406303121367957e-01
7.608018894089105810e-01
7.782151952113584015e-01
7.947735803598212634e-01
8.104765405421979763e-01
8.253292479254901171e-01
8.393418229544815645e-01
8.525286651927184156e-01
8.649078418016068470e-01
8.765005308826047115e-01
8.873305160830977645e-01
8.974237284596937592e-01
9.068078314991191435e-01
9.155118453306272386e-01
9.235658064527090261e-01
9.310004596803345134e-01
9.378469794467739762e-01
9.441367180260921144e-01
9.499009786482504047e-01
9.551708118372362888e-01
9.599768336010857661e-01
9.643490643357235381e-01
9.683167874728150215e-01
9.719084270103655054e-01
9.751514431216659062e-01
9.780722450531071921e-01
9.806961205046688113e-01
9.830471806485504560e-01
9.851483198905970351e-01
9.870211894237426176e-01
9.886861835691121980e-01
9.901624378536504345e-01
9.914678377367730500e-01
9.926190368749013837e-01
9.936314838030930741e-01
9.945194559176974147e-01
9.952960996626966095e-01
9.959734758542680977e-01
9.965626091218336979e-01
9.970735404979099714e-01
9.975153822517240920e-01
9.978963741310256097e-01
9.982239402510130200e-01
9.985047459470565157e-01
9.987447539872860158e-01
9.989492796205994285e-01
9.991230440138587632e-01
9.992702257077766825e-01
9.993945097932269706e-01
9.994991345776019775e-01
9.995869355737195816e-01
9.996603867011770728e-01
9.997216386416332146e-01
9.997725543351143607e-01
9.998147416440575919e-01
9.998495832455263077e-01
9.998782638400545153e-01
9.999017947881998492e-01
9.999210363034571891e-01
9.999367173431247258e-01
9.999494533474651004e-01
9.999597619825368877e-01
9.999680770438547084e-01
9.999747606770476027e-01
9.999801140683701739e-01
9.999843867527224983e-01
9.999877846801478176e-01
9.999904771739722698e-01
9.999926029051627863e-01
9.999942749984007673e-01
9.999955853760468250e-01
9.999966084368342445e-01
9.999974041569399397e-01
9.999980206921930126e-01
9.999984965517048074e-01
9.999988624052130737e-01
9.999991425789956923e-01
9.999993562883501275e-01
9.999995186483728871e-01
9.999996414991082494e-01
9.999997340760530262e-01
9.999998035524806372e-01
9.999998554760537450e-01
9.999998941186948320e-01
9.999999227556358727e-01
9.999999438869383583e-01
9.999999594125141833e-01
9.999999707697521112e-01
9.999999790412240630e-01
9.999999850385714595e-01
9.999999893675253215e-01
9.999999924780582639e-01
9.999999947028802572e-01
9.999999962868414416e-01
9.999999974092801391e-01
9.999999982009228905e-01
9.999999987566016157e-01
9.999999991447745540e-01
9.999999994146185900e-01
9.999999996012843839e-01
9.999999997297713827e-01
9.999999998177697691e-01
9.999999998777334698e-01
9.999999999183850630e-01
9.999999999458020206e-01
9.999999999641966397e-01
9.999999999764729308e-01
9.999999999846224119e-01
9.999999999900032188e-01
9.999999999935366146e-01
9.999999999958442132e-01
9.999999999973427922e-01
9.999999999983105736e-01
9.999999999989320765e-01
9.999999999993288702e-01
9.999999999995807798e-01
9.999999999997397637e-01
9.999999999998394618e-01
9.999999999999016342e-01
9.999999999999401590e-01
9.999999999999639178e-01
9.999999999999784617e-01
9.999999999999873435e-01
9.999999999999926725e-01
9.999999999999958922e-01
9.999999999999977796e-01
9.999999999999988898e-01
9.999999999999995559e-01
1.000000000000000000e+00
1.000000000000000222e+00
1.000000000000000444e+00
1.000000000000000444e+00
1.000000000000000444e+00
1.000000000000000444e+00
1.000000000000000444e+00
1.000000000000000444e+00
1.000000000000000444e+00
1.000000000000000444e+00
1.000000000000000444e+00
1.000000000000000444e+00
1.000000000000000444e+00
1.000000000000000444e+00
1.000000000000000444e+00
1.000000000000000444e+00
1.000000000000000444e+00
1.000000000000000444e+00
1.000000000000000444e+00
1.000000000000000444e+00
1.000000000000000444e+00
1.000000000000000444e+00
1.000000000000000444e+00
1.000000000000000444e+00
1.000000000000000444e+00
1.000000000000000444e+00
1.000000000000000444e+00
1.000000000000000444e+00
1.000000000000000444e+00
1.000000000000000444e+00
1.000000000000000444e+00
1.000000000000000444e+00
1.000000000000000444e+00
1.000000000000000444e+00
1.000000000000000444e+00
1.000000000000000444e+00
1.000000000000000444e+00
1.000000000000000444e+00
1.000000000000000444e+00
1.000000000000000444e+00
1.000000000000000444e+00
1.000000000000000444e+00
1.000000000000000444e+00
1.000000000000000444e+00
1.000000000000000444e+00
1.000000000000000444e+00
1.000000000000000444e+00
1.000000000000000444e+00
1.000000000000000444e+00
1.000000000000000444e+00
1.000000000000000444e+00
1.000000000000000444e+00
1.000000000000000444e+00
1.000000000000000444e+00
1.000000000000000444e+00
1.000000000000000444e+00
1.000000000000000444e+00
1.000000000000000444e+00
1.000000000000000444e+00
1.000000000000000444e+00
1.000000000000000444e+00
1.000000000000000444e+00
1.000000000000000444e+00
1.000000000000000444e+00
1.000000000000000444e+00
1.000000000000000444e+00
1.000000000000000444e+00
1.000000000000000444e+00
1.000000000000000444e+00
1.000000000000000444e+00
1.000000000000000444e+00
1.000000000000000444e+00
1.000000000000000444e+00
1.000000000000000444e+00
1.000000000000000444e+00
1.000000000000000444e+00
1.000000000000000444e+00
1.000000000000000444e+00
1.000000000000000444e+00
1.000000000000000444e+00
1.000000000000000444e+00
1.000000000000000444e+00
1.000000000000000444e+00
1.000000000000000444e+00
1.000000000000000444e+00
1.000000000000000444e+00
1.000000000000000444e+00
1.000000000000000444e+00
1.000000000000000444e+00
1.000000000000000444e+00
1.000000000000000444e+00
1.000000000000000444e+00
1.000000000000000444e+00
1.000000000000000444e+00
1.000000000000000444e+00
1.000000000000000444e+00
1.000000000000000444e+00
1.000000000000000444e+00
1.000000000000000444e+00
1.000000000000000444e+00
1.000000000000000444e+00
1.000000000000000444e+00
1.000000000000000444e+00
1.000000000000000444e+00
1.000000000000000444e+00
1.000000000000000444e+00
1.000000000000000444e+00
1.000000000000000444e+00
1.000000000000000444e+00
1.000000000000000444e+00
1.000000000000000444e+00
1.000000000000000444e+00
1.000000000000000444e+00
1.000000000000000444e+00
1.000000000000000444e+00
1.000000000000000444e+00
1.000000000000000444e+00
1.000000000000000444e+00
1.000000000000000444e+00
1.000000000000000444e+00
1.000000000000000444e+00
1.000000000000000444e+00
1.000000000000000444e+00
1.000000000000000444e+00
1.000000000000000444e+00
1.000000000000000444e+00
1.000000000000000444e+00
1.000000000000000444e+00
1.000000000000000444e+00
1.000000000000000444e+00
1.000000000000000444e+00
1.000000000000000444e+00
1.000000000000000444e+00
1.000000000000000444e+00
1.000000000000000444e+00
1.000000000000000444e+00
1.000000000000000444e+00
1.000000000000000444e+00
1.000000000000000444e+00
1.000000000000000444e+00
1.000000000000000444e+00
1.000000000000000444e+00
1.000000000000000444e+00
1.000000000000000444e+00
1.000000000000000444e+00
1.000000000000000444e+00
1.000000000000000444e+00
1.000000000000000444e+00
1.000000000000000444e+00
1.000000000000000444e+00
1.000000000000000444e+00
1.000000000000000444e+00
1.000000000000000444e+00
1.000000000000000444e+00
1.000000000000000444e+00
1.000000000000000444e+00
1.000000000000000444e+00
1.000000000000000444e+00
1.000000000000000444e+00
1.000000000000000444e+00
1.000000000000000444e+00
1.000000000000000444e+00
1.000000000000000444e+00
1.000000000000000444e+00
1.000000000000000444e+00
1.000000000000000444e+00
1.000000000000000444e+00
1.000000000000000444e+00
1.000000000000000444e+00
1.000000000000000444e+00
1.000000000000000444e+00
1.000000000000000444e+00
1.000000000000000444e+00
1.000000000000000444e+00
1.000000000000000444e+00
1.000000000000000444e+00
1.000000000000000444e+00
1.000000000000000444e+00
1.000000000000000444e+00
1.000000000000000444e+00
1.000000000000000444e+00
1.000000000000000444e+00
1.000000000000000444e+00
1.000000000000000444e+00
1.000000000000000444e+00
1.000000000000000444e+00
1.000000000000000444e+00
1.000000000000000444e+00
1.000000000000000444e+00
1.000000000000000444e+00
1.000000000000000444e+00
1.000000000000000444e+00
1.000000000000000444e+00
1.000000000000000444e+00
1.000000000000000444e+00
1.000000000000000444e+00
1.000000000000000444e+00
1.000000000000000444e+00
1.000000000000000444e+00
1.000000000000000444e+00
1.000000000000000444e+00
1.000000000000000444e+00
1.000000000000000444e+00
1.000000000000000444e+00
1.000000000000000444e+00
1.000000000000000444e+00
1.000000000000000444e+00
1.000000000000000444e+00
1.000000000000000444e+00
1.000000000000000444e+00
1.000000000000000444e+00
1.000000000000000444e+00
1.000000000000000444e+00
1.000000000000000444e+00
1.000000000000000444e+00
1.000000000000000444e+00
1.000000000000000444e+00
1.000000000000000444e+00
1.000000000000000444e+00
1.000000000000000444e+00
1.000000000000000444e+00
1.000000000000000444e+00
1.000000000000000444e+00
1.000000000000000444e+00
1.000000000000000444e+00
