2.144827733142851134e-01
2.443562651475043035e-01
2.572944914937106420e-01
2.680101058894641675e-01
2.790735550783886021e-01
2.909166217914242458e-01
3.035443543300866409e-01
3.168925573195137679e-01
3.308956449357544627e-01
3.454937189238575512e-01
3.606300447727273095e-01
3.762486317887246967e-01
3.922929570269622079e-01
4.087055384057666774e-01
4.254280355438846972e-01
4.424016585019954761e-01
4.595677371767467045e-01
4.768683504725939604e-01
4.942469466314718396e-01
5.116489102122993016e-01
5.290220495839922377e-01
5.463169925235206170e-01
5.634874873423925123e-01
5.804906135898453279e-01
5.972869104691539421e-01
6.138404332768366833e-01
6.301187489749064952e-01
6.460928818783294725e-01
6.617372197296631509e-01
6.770293893971179866e-01
6.919501102523937242e-01
7.064830320822251819e-01
7.206145632390821287e-01
7.343336936856370567e-01
7.476318166554453137e-01
7.605025518447163790e-01
7.729415723636027247e-01
7.849464371011812824e-01
7.965164296846305447e-01
8.076524048275098844e-01
8.183566425522227350e-01
8.286327105262494275e-01
8.384853345603024977e-01
8.479202771701841446e-01
8.569442239950725293e-01
8.655646777866283781e-01
8.737898596301023613e-01
8.816286170258162969e-01
8.890903384429708067e-01
8.961848739543064601e-01
9.029224615667938991e-01
9.093136588777775975e-01
9.153692797057060293e-01
9.211003353679386718e-01
9.265179803035875628e-01
9.316334617656438777e-01
9.364580733327190210e-01
9.410031120157538176e-01
9.452798387584016027e-01
9.492994421510125846e-01
9.530730051969582561e-01
9.566114749862854039e-01
9.599256351453619995e-01
9.630260809423335511e-01
9.659231969370138948e-01
9.686271370704806483e-01
9.711478070943967422e-01
9.734948492431902967e-01
9.756776290539869168e-01
9.777052242398700521e-01
9.795864155219159430e-01
9.813296793247524574e-01
9.829431822393507323e-01
9.844347771555705950e-01
9.858120009658118965e-01
9.870820737401141409e-01
9.882518992723108298e-01
9.893280668964643532e-01
9.903168544728493394e-01
9.912242324432538609e-01
9.920558688563535510e-01
9.928171352653892834e-01
9.935131134023311716e-01
9.941486025351294886e-01
9.947281274174998300e-01
9.952559467439325847e-01
9.957360620262153406e-01
9.961722268116647294e-01
9.965679561674327669e-01
9.969265363596379048e-01
9.972510346606205944e-01
9.975443092222893160e-01
9.978090189582665692e-01
9.980476333823095070e-01
9.982624423552397541e-01
9.984555656973220783e-01
9.986289626276524389e-01
9.987844409966215586e-01
9.989236662818810064e-01
9.990481703224296517e-01
9.991593597694439222e-01
9.992585242362697073e-01
9.993468441335743302e-01
9.994253981790024444e-01
9.994951705737908920e-01
9.995570578416663743e-01
9.996118753279743530e-01
9.996603633593726945e-01
9.997031930665645216e-01
9.997409718744567630e-01
9.997742486658132144e-01
9.998035186259320861e-01
9.998292277771353431e-01
9.998517772129112968e-01
9.998715270424207713e-01
9.998888000567720535e-01
9.999038851290015240e-01
9.999170403600797785e-01
9.999284959835101905e-01
9.999384570412086504e-01
9.999471058433678783e-01
9.999546042249219946e-01
9.999610956110562832e-01
9.999667069039595013e-01
9.999715502027048952e-01
9.999757243677825924e-01
9.999793164413957047e-01
9.999824029341898290e-01
9.999850509886131222e-01
9.999873194286159617e-01
9.999892597048924969e-01
9.999909167443602476e-01
9.999923297120585364e-01
9.999935326931418400e-01
9.999945553021412081e-01
9.999954232261782927e-01
9.999961587083401326e-01
9.999967809769637617e-01
9.999973066261373944e-01
9.999977499523037272e-01
9.999981232514494334e-01
9.999984370809851253e-01
9.999987004900625642e-01
9.999989212217398338e-01
9.999991058900911112e-01
9.999992601350654597e-01
9.999993887576277274e-01
9.999994958374631704e-01
9.999995848352976058e-01
9.999996586816708444e-01
9.999997198538078669e-01
9.999997704420542366e-01
9.999998122071815931e-01
9.999998466297213007e-01
9.999998749523528740e-01
9.999998982162544570e-01
9.999999172922139357e-01
9.999999329072051246e-01
9.999999456670444209e-01
9.999999560756691608e-01
9.999999645515088575e-01
9.999999714413607688e-01
9.999999770321268411e-01
9.999999815607222287e-01
9.999999852224239483e-01
9.999999881778907085e-01
9.999999905590546412e-01
9.999999924740556878e-01
9.999999940113661889e-01
9.999999952432320205e-01
9.999999962285373023e-01
9.999999970151846052e-01
9.999999976420689274e-01
9.999999981407113880e-01
9.999999985366079258e-01
9.999999988503415205e-01
9.999999990984966836e-01
9.999999992944104132e-01
9.999999994487871469e-01
9.999999995702014699e-01
9.999999996655086765e-01
9.999999997401785023e-01
9.999999997985665745e-01
9.999999998441344573e-01
9.999999998796277323e-01
9.999999999072195500e-01
9.999999999286266483e-01
9.999999999452023891e-01
9.999999999580116983e-01
9.999999999678905738e-01
9.999999999754941582e-01
9.999999999813347085e-01
9.999999999858119049e-01
9.999999999892369429e-01
9.999999999918517402e-01
9.999999999938439244e-01
9.999999999953586016e-01
9.999999999965077935e-01
9.999999999973778753e-01
9.999999999980352383e-01
9.999999999985308419e-01
9.999999999989037658e-01
9.999999999991837640e-01
9.999999999993934852e-01
9.999999999995502487e-01
9.999999999996671551e-01
9.999999999997541966e-01
9.999999999998188116e-01
9.999999999998666622e-01
9.999999999999020783e-01
9.999999999999281686e-01
9.999999999999473754e-01
9.999999999999614753e-01
9.999999999999718003e-01
9.999999999999793499e-01
9.999999999999849010e-01
9.999999999999888978e-01
9.999999999999917843e-01
9.999999999999938938e-01
9.999999999999954481e-01
9.999999999999965583e-01
9.999999999999973355e-01
9.999999999999978906e-01
9.999999999999983347e-01
9.999999999999986677e-01
9.999999999999988898e-01
9.999999999999990008e-01
9.999999999999991118e-01
9.999999999999992228e-01
9.999999999999992228e-01
9.999999999999992228e-01
9.999999999999992228e-01
9.999999999999992228e-01
9.999999999999992228e-01
9.999999999999992228e-01
9.999999999999992228e-01
9.999999999999992228e-01
9.999999999999992228e-01
9.999999999999992228e-01
9.999999999999992228e-01
9.999999999999992228e-01
9.999999999999992228e-01
9.999999999999992228e-01
9.999999999999992228e-01
9.999999999999992228e-01
9.999999999999992228e-01
9.999999999999992228e-01
9.999999999999992228e-01
9.999999999999992228e-01
9.999999999999992228e-01
9.999999999999992228e-01
9.999999999999992228e-01
9.999999999999992228e-01
9.999999999999992228e-01
9.999999999999992228e-01
9.999999999999992228e-01
9.999999999999992228e-01
9.999999999999992228e-01
9.999999999999992228e-01
9.999999999999992228e-01
9.999999999999992228e-01
9.999999999999992228e-01
9.999999999999992228e-01
9.999999999999992228e-01
9.999999999999992228e-01
9.999999999999992228e-01
9.999999999999992228e-01
9.999999999999992228e-01
9.999999999999992228e-01
9.999999999999992228e-01
9.999999999999992228e-01
9.999999999999992228e-01
9.999999999999992228e-01
9.999999999999992228e-01
9.999999999999992228e-01
9.999999999999992228e-01
9.999999999999992228e-01
9.999999999999992228e-01
9.999999999999992228e-01
9.999999999999992228e-01
9.999999999999992228e-01
9.999999999999992228e-01
9.999999999999992228e-01
9.999999999999992228e-01
9.999999999999992228e-01
9.999999999999992228e-01
9.999999999999992228e-01
9.999999999999992228e-01
9.999999999999992228e-01
9.999999999999992228e-01
9.999999999999992228e-01
9.999999999999992228e-01
9.999999999999992228e-01
9.999999999999992228e-01
9.999999999999992228e-01
9.999999999999992228e-01
9.999999999999992228e-01
9.999999999999992228e-01
9.999999999999992228e-01
9.999999999999992228e-01
9.999999999999992228e-01
9.999999999999992228e-01
9.999999999999992228e-01
9.999999999999992228e-01
9.999999999999992228e-01
9.999999999999992228e-01
9.999999999999992228e-01
9.999999999999992228e-01
9.999999999999992228e-01
9.999999999999992228e-01
9.999999999999992228e-01
9.999999999999992228e-01
9.999999999999992228e-01
9.999999999999992228e-01
9.999999999999992228e-01
9.999999999999992228e-01
9.999999999999992228e-01
9.999999999999992228e-01
9.999999999999992228e-01
9.999999999999992228e-01
9.999999999999992228e-01
9.999999999999992228e-01
9.999999999999992228e-01
9.999999999999992228e-01
9.999999999999992228e-01
9.999999999999992228e-01
9.999999999999992228e-01
9.999999999999992228e-01
9.999999999999992228e-01
9.999999999999992228e-01
9.999999999999992228e-01
9.999999999999992228e-01
9.999999999999992228e-01
9.999999999999992228e-01
9.999999999999992228e-01
9.999999999999992228e-01
9.999999999999992228e-01
9.999999999999992228e-01
9.999999999999992228e-01
9.999999999999992228e-01
9.999999999999992228e-01
9.999999999999992228e-01
9.999999999999992228e-01
9.999999999999992228e-01
9.999999999999992228e-01
9.999999999999992228e-01
9.999999999999992228e-01
9.999999999999992228e-01
9.999999999999992228e-01
9.999999999999992228e-01
9.999999999999992228e-01
9.999999999999992228e-01
9.999999999999992228e-01
9.999999999999992228e-01
9.999999999999992228e-01
9.999999999999992228e-01
9.999999999999992228e-01
9.999999999999992228e-01
9.999999999999992228e-01
9.999999999999992228e-01
9.999999999999992228e-01
9.999999999999992228e-01
9.999999999999992228e-01
9.999999999999992228e-01
9.999999999999992228e-01
9.999999999999992228e-01
9.999999999999992228e-01
9.999999999999992228e-01
9.999999999999992228e-01
9.999999999999992228e-01
9.999999999999992228e-01
9.999999999999992228e-01
9.999999999999992228e-01
9.999999999999992228e-01
9.999999999999992228e-01
9.999999999999992228e-01
9.999999999999992228e-01
9.999999999999992228e-01
9.999999999999992228e-01
9.999999999999992228e-01
9.999999999999992228e-01
9.999999999999992228e-01
9.999999999999992228e-01
9.999999999999992228e-01
9.999999999999992228e-01
9.999999999999992228e-01
9.999999999999992228e-01
9.999999999999992228e-01
9.999999999999992228e-01
9.999999999999992228e-01
9.999999999999992228e-01
9.999999999999992228e-01
9.999999999999992228e-01
9.999999999999992228e-01
9.999999999999992228e-01
9.999999999999992228e-01
9.999999999999992228e-01
9.999999999999992228e-01
9.999999999999992228e-01
9.999999999999992228e-01
9.999999999999992228e-01
9.999999999999992228e-01
9.999999999999992228e-01
9.999999999999992228e-01
9.999999999999992228e-01
9.999999999999992228e-01
9.999999999999992228e-01
9.999999999999992228e-01
9.999999999999992228e-01
9.999999999999992228e-01
9.999999999999992228e-01
9.999999999999992228e-01
9.999999999999992228e-01
9.999999999999992228e-01
9.999999999999992228e-01
9.999999999999992228e-01
9.999999999999992228e-01
9.999999999999992228e-01
9.999999999999992228e-01
9.999999999999992228e-01
9.999999999999992228e-01
9.999999999999992228e-01
9.999999999999992228e-01
9.999999999999992228e-01
9.999999999999992228e-01
9.999999999999992228e-01
9.999999999999992228e-01
9.999999999999992228e-01
9.999999999999992228e-01
9.999999999999992228e-01
9.999999999999992228e-01
9.999999999999992228e-01
9.999999999999992228e-01
9.999999999999992228e-01
9.999999999999992228e-01
9.999999999999992228e-01
9.999999999999992228e-01
9.999999999999992228e-01
9.999999999999992228e-01
9.999999999999992228e-01
9.999999999999992228e-01
9.999999999999992228e-01
9.999999999999992228e-01
9.999999999999992228e-01
9.999999999999992228e-01
9.999999999999992228e-01
9.999999999999992228e-01
9.999999999999992228e-01
9.999999999999992228e-01
9.999999999999992228e-01
9.999999999999992228e-01
9.999999999999992228e-01
9.999999999999992228e-01
9.999999999999992228e-01
9.999999999999992228e-01
9.999999999999992228e-01
9.999999999999992228e-01
9.999999999999992228e-01
9.999999999999992228e-01
9.999999999999992228e-01
9.999999999999992228e-01
9.999999999999992228e-01
9.999999999999992228e-01
9.999999999999992228e-01
9.999999999999992228e-01
9.999999999999992228e-01
9.999999999999992228e-01
9.999999999999992228e-01
9.999999999999992228e-01
9.999999999999992228e-01
9.999999999999992228e-01
9.999999999999992228e-01
9.999999999999992228e-01
9.999999999999992228e-01
9.999999999999992228e-01
9.999999999999992228e-01
9.999999999999992228e-01
9.999999999999992228e-01
9.999999999999992228e-01
9.999999999999992228e-01
9.999999999999992228e-01
9.999999999999992228e-01
9.999999999999992228e-01
9.999999999999992228e-01
9.999999999999992228e-01
9.999999999999992228e-01
9.999999999999992228e-01
9.999999999999992228e-01
9.999999999999992228e-01
9.999999999999992228e-01
9.999999999999992228e-01
9.999999999999992228e-01
9.999999999999992228e-01
9.999999999999992228e-01
9.999999999999992228e-01
9.999999999999992228e-01
9.999999999999992228e-01
9.999999999999992228e-01
9.999999999999992228e-01
9.999999999999992228e-01
9.999999999999992228e-01
9.999999999999992228e-01
9.999999999999992228e-01
9.999999999999992228e-01
9.999999999999992228e-01
9.999999999999992228e-01
9.999999999999992228e-01
9.999999999999992228e-01
9.999999999999992228e-01
9.999999999999992228e-01
9.999999999999992228e-01
9.999999999999992228e-01
9.999999999999992228e-01
9.999999999999992228e-01
9.999999999999992228e-01
9.999999999999992228e-01
9.999999999999992228e-01
9.999999999999992228e-01
9.999999999999992228e-01
9.999999999999992228e-01
9.999999999999992228e-01
9.999999999999992228e-01
9.999999999999992228e-01
9.999999999999992228e-01
9.999999999999992228e-01
9.999999999999992228e-01
9.999999999999992228e-01
9.999999999999992228e-01
9.999999999999992228e-01
9.999999999999992228e-01
9.999999999999992228e-01
9.999999999999992228e-01
9.999999999999992228e-01
9.999999999999992228e-01
9.999999999999992228e-01
9.999999999999992228e-01
9.999999999999992228e-01
9.999999999999992228e-01
9.999999999999992228e-01
9.999999999999992228e-01
9.999999999999992228e-01
9.999999999999992228e-01
9.999999999999992228e-01
9.999999999999992228e-01
9.999999999999992228e-01
9.999999999999992228e-01
9.999999999999992228e-01
9.999999999999992228e-01
9.999999999999992228e-01
9.999999999999992228e-01
9.999999999999992228e-01
9.999999999999992228e-01
9.999999999999992228e-01
9.999999999999992228e-01
9.999999999999992228e-01
9.999999999999992228e-01
9.999999999999992228e-01
9.999999999999992228e-01
9.999999999999992228e-01
9.999999999999992228e-01
9.999999999999992228e-01
9.999999999999992228e-01
9.999999999999992228e-01
9.999999999999992228e-01
9.999999999999992228e-01
9.999999999999992228e-01
9.999999999999992228e-01
9.999999999999992228e-01
9.999999999999992228e-01
9.999999999999992228e-01
9.999999999999992228e-01
9.999999999999992228e-01
9.999999999999992228e-01
9.999999999999992228e-01
9.999999999999992228e-01
9.999999999999992228e-01
9.999999999999992228e-01
9.999999999999992228e-01
9.999999999999992228e-01
9.999999999999992228e-01
9.999999999999992228e-01
9.999999999999992228e-01
9.999999999999992228e-01
9.999999999999992228e-01
9.999999999999992228e-01
9.999999999999992228e-01
9.999999999999992228e-01
9.999999999999992228e-01
9.999999999999992228e-01
9.999999999999992228e-01
9.999999999999992228e-01
9.999999999999992228e-01
9.999999999999992228e-01
9.999999999999992228e-01
9.999999999999992228e-01
9.999999999999992228e-01
9.999999999999992228e-01
9.999999999999992228e-01
9.999999999999992228e-01
9.999999999999992228e-01
9.999999999999992228e-01
9.999999999999992228e-01
9.999999999999992228e-01
9.999999999999992228e-01
9.999999999999992228e-01
9.999999999999992228e-01
9.999999999999992228e-01
9.999999999999992228e-01
9.999999999999992228e-01
9.999999999999992228e-01
9.999999999999992228e-01
9.999999999999992228e-01
9.999999999999992228e-01
9.999999999999992228e-01
9.999999999999992228e-01
9.999999999999992228e-01
9.999999999999992228e-01
9.999999999999992228e-01
9.999999999999992228e-01
9.999999999999992228e-01
9.999999999999992228e-01
9.999999999999992228e-01
9.999999999999992228e-01
9.999999999999992228e-01
9.999999999999992228e-01
9.999999999999992228e-01
9.999999999999992228e-01
9.999999999999992228e-01
9.999999999999992228e-01
9.999999999999992228e-01
9.999999999999992228e-01
9.999999999999992228e-01
9.999999999999992228e-01
9.999999999999992228e-01
9.999999999999992228e-01
9.999999999999992228e-01
9.999999999999992228e-01
9.999999999999992228e-01
9.999999999999992228e-01
9.999999999999992228e-01
9.999999999999992228e-01
9.999999999999992228e-01
9.999999999999992228e-01
9.999999999999992228e-01
9.999999999999992228e-01
9.999999999999992228e-01
9.999999999999992228e-01
9.999999999999992228e-01
9.999999999999992228e-01
9.999999999999992228e-01
9.999999999999992228e-01
9.999999999999992228e-01
9.999999999999992228e-01
9.999999999999992228e-01
9.999999999999992228e-01
9.999999999999992228e-01
9.999999999999992228e-01
9.999999999999992228e-01
9.999999999999992228e-01
9.999999999999992228e-01
9.999999999999992228e-01
9.999999999999992228e-01
9.999999999999992228e-01
9.999999999999992228e-01
9.999999999999992228e-01
9.999999999999992228e-01
9.999999999999992228e-01
9.999999999999992228e-01
9.999999999999992228e-01
9.999999999999992228e-01
9.999999999999992228e-01
9.999999999999992228e-01
9.999999999999992228e-01
9.999999999999992228e-01
9.999999999999992228e-01
9.999999999999992228e-01
9.999999999999992228e-01
9.999999999999992228e-01
9.999999999999992228e-01
9.999999999999992228e-01
9.999999999999992228e-01
9.999999999999992228e-01
9.999999999999992228e-01
9.999999999999992228e-01
9.999999999999992228e-01
9.999999999999992228e-01
9.999999999999992228e-01
9.999999999999992228e-01
9.999999999999992228e-01
9.999999999999992228e-01
9.999999999999992228e-01
9.999999999999992228e-01
9.999999999999992228e-01
9.999999999999992228e-01
9.999999999999992228e-01
9.999999999999992228e-01
9.999999999999992228e-01
9.999999999999992228e-01
9.999999999999992228e-01
9.999999999999992228e-01
9.999999999999992228e-01
9.999999999999992228e-01
9.999999999999992228e-01
9.999999999999992228e-01
9.999999999999992228e-01
9.999999999999992228e-01
9.999999999999992228e-01
9.999999999999992228e-01
9.999999999999992228e-01
9.999999999999992228e-01
9.999999999999992228e-01
9.999999999999992228e-01
9.999999999999992228e-01
9.999999999999992228e-01
9.999999999999992228e-01
9.999999999999992228e-01
9.999999999999992228e-01
9.999999999999992228e-01
9.999999999999992228e-01
9.999999999999992228e-01
9.999999999999992228e-01
9.999999999999992228e-01
9.999999999999992228e-01
9.999999999999992228e-01
9.999999999999992228e-01
9.999999999999992228e-01
9.999999999999992228e-01
9.999999999999992228e-01
9.999999999999992228e-01
