2.189913821016113427e-01
2.660648941488593100e-01
3.059787016410034921e-01
3.507046046462394817e-01
4.004632235679738694e-01
4.536558242976129751e-01
5.084709439241276163e-01
5.632267584208315858e-01
6.164986877886097227e-01
6.671724353098239524e-01
7.144437594880267417e-01
7.577868022092735245e-01
7.969097681793095855e-01
8.317093321613446832e-01
8.622293079023239937e-01
8.886255585602553797e-01
9.111371060401887156e-01
9.300623753609660316e-01
9.457392436464706620e-01
9.585278202919691459e-01
9.687953707362508826e-01
9.769032461635080988e-01
9.831959505477839700e-01
9.879925465989966016e-01
9.915805293688769728e-01
9.942121531579857230e-01
9.961030412571519888e-01
9.974327742158822785e-01
9.983470587655661754e-01
9.989610328796141303e-01
9.993632616772151200e-01
9.996200173824613122e-01
9.997795039946768547e-01
9.998757715016526326e-01
9.999321532021006043e-01
9.999641425078819035e-01
9.999816948233921643e-01
9.999909914770802599e-01
9.999957352190405047e-01
9.999980621923830748e-01
9.999991570043184064e-01
9.999996498243838294e-01
9.999998615017915427e-01
9.999999480064570845e-01
9.999999815354754240e-01
9.999999938195156535e-01
9.999999980578719860e-01
9.999999994295355465e-01
9.999999998441048144e-01
9.999999999605665435e-01
9.999999999908187887e-01
9.999999999980443421e-01
9.999999999996214139e-01
9.999999999999338307e-01
9.999999999999895639e-01
9.999999999999984457e-01
9.999999999999996669e-01
9.999999999999997780e-01
9.999999999999997780e-01
9.999999999999997780e-01
9.999999999999997780e-01
9.999999999999997780e-01
9.999999999999997780e-01
9.999999999999997780e-01
9.999999999999997780e-01
9.999999999999997780e-01
9.999999999999997780e-01
9.999999999999997780e-01
9.999999999999997780e-01
9.999999999999997780e-01
9.999999999999997780e-01
9.999999999999997780e-01
9.999999999999997780e-01
9.999999999999997780e-01
9.999999999999997780e-01
9.999999999999997780e-01
9.999999999999997780e-01
9.999999999999997780e-01
9.999999999999997780e-01
9.999999999999997780e-01
9.999999999999997780e-01
9.999999999999997780e-01
9.999999999999997780e-01
