2.149030717523795486e-01
2.464681696490759466e-01
2.622179627707809102e-01
2.765504246572494940e-01
2.918021612806122045e-01
3.082664577795017902e-01
3.258682068067768611e-01
3.444855545735158731e-01
3.639981905123879646e-01
3.842874846955718349e-01
4.052331589143281509e-01
4.267124171720449444e-01
4.486009611098772387e-01
4.707749188793532991e-01
4.931130393644133081e-01
5.154987695022450467e-01
5.378220102327426755e-01
5.599804646514541240e-01
5.818805675413227796e-01
6.034380298529774533e-01
6.245780539275322951e-01
6.452352827524419077e-01
6.653535450708247811e-01
6.848854518614648779e-01
7.037918913222451778e-01
7.220414607170456689e-01
7.396098652296636544e-01
7.564793067591770725e-01
7.726378795368128438e-01
7.880789845200939503e-01
8.028007706146682576e-01
8.168056077428932360e-01
8.300995944725878539e-01
8.426921012031225455e-01
8.545953486616024719e-01
8.658240205915737064e-01
8.763949089408611393e-01
8.863265895095374658e-01
8.956391258514296849e-01
9.043537991901616779e-01
9.124928621778402027e-01
9.200793144611326690e-01
9.271366982003984569e-01
9.336889118917003350e-01
9.397600410518233138e-01
9.453742045295147056e-01
9.505554153921951244e-01
9.553274554998246737e-01
9.597137630127645647e-01
9.637373321871677279e-01
9.674206248904223537e-01
9.707854933227328953e-01
9.738531134623018559e-01
9.766439287646188072e-01
9.791776036451181886e-01
9.814729862629204549e-01
9.835480801052182143e-01
9.854200238503945108e-01
9.871050789659393532e-01
9.886186244769173959e-01
9.899751583238560748e-01
9.911883047167192595e-01
9.922708268849035340e-01
9.932346446223767611e-01
9.940908560322812004e-01
9.948497628864043651e-01
9.955208990315432827e-01
9.961130612964560482e-01
9.966343423792212164e-01
9.970921652247408673e-01
9.974933184351350013e-01
9.978439922911688242e-01
9.981498149999336045e-01
9.984158888220927563e-01
9.986468257704788076e-01
9.988467826100996261e-01
9.990194949271615776e-01
9.991683100710836429e-01
9.992962188082641362e-01
9.994058855592415913e-01
9.994996771215989284e-01
9.995796898093004534e-01
9.996477749649833600e-01
9.997055628249643666e-01
9.997544847373469601e-01
9.997957937516335214e-01
9.998305836137199032e-01
9.998598062131762720e-01
9.998842875404079233e-01
9.999047422198021895e-01
9.999217866914534847e-01
9.999359511187023708e-01
9.999476901017063657e-01
9.999573922787650115e-01
9.999653888973404348e-01
9.999719614358216768e-01
9.999773483552608644e-01
9.999817510577159174e-01
9.999853391246354972e-01
9.999882549050442826e-01
9.999906175192760927e-01
9.999925263397563269e-01
9.999940640059701291e-01
9.999952990263437647e-01
9.999962880153961953e-01
9.999970776102420356e-01
9.999977061063999306e-01
9.999982048489141073e-01
9.999985994110694998e-01
9.999989105894848684e-01
9.999991552411187090e-01
9.999993469847295868e-01
9.999994967865893924e-01
9.999996134477560084e-01
9.999997040079615651e-01
9.999997740791547463e-01
9.999998281199325989e-01
9.999998696605025827e-01
9.999999014864094926e-01
9.999999257880268777e-01
9.999999442817381068e-01
9.999999583078013066e-01
9.999999689090869337e-01
9.999999768941871814e-01
9.999999828878076702e-01
9.999999873708510512e-01
9.999999907121793763e-01
9.999999931936858211e-01
9.999999950300089147e-01
9.999999963839740769e-01
9.999999973786409813e-01
9.999999981066666210e-01
9.999999986375525118e-01
9.999999990232333325e-01
9.999999993023679368e-01
9.999999995036219502e-01
9.999999996481682141e-01
9.999999997515839345e-01
9.999999998252843136e-01
9.999999998776011312e-01
9.999999999145915419e-01
9.999999999406408158e-01
9.999999999589112010e-01
9.999999999716735477e-01
9.999999999805517792e-01
9.999999999867025258e-01
9.999999999909459092e-01
9.999999999938610218e-01
9.999999999958552044e-01
9.999999999972135623e-01
9.999999999981348253e-01
9.999999999987568833e-01
9.999999999991751043e-01
9.999999999994549915e-01
9.999999999996415090e-01
9.999999999997651878e-01
9.999999999998469002e-01
9.999999999999006350e-01
9.999999999999357181e-01
9.999999999999585887e-01
9.999999999999734657e-01
9.999999999999830136e-01
9.999999999999891198e-01
9.999999999999930056e-01
9.999999999999954481e-01
9.999999999999970024e-01
9.999999999999980016e-01
9.999999999999986677e-01
9.999999999999990008e-01
9.999999999999992228e-01
9.999999999999993339e-01
9.999999999999994449e-01
9.999999999999994449e-01
9.999999999999994449e-01
9.999999999999994449e-01
9.999999999999994449e-01
9.999999999999994449e-01
9.999999999999994449e-01
9.999999999999994449e-01
9.999999999999994449e-01
9.999999999999994449e-01
9.999999999999994449e-01
9.999999999999994449e-01
9.999999999999994449e-01
9.999999999999994449e-01
9.999999999999994449e-01
9.999999999999994449e-01
9.999999999999994449e-01
9.999999999999994449e-01
9.999999999999994449e-01
9.999999999999994449e-01
9.999999999999994449e-01
9.999999999999994449e-01
9.999999999999994449e-01
9.999999999999994449e-01
9.999999999999994449e-01
9.999999999999994449e-01
9.999999999999994449e-01
9.999999999999994449e-01
9.999999999999994449e-01
9.999999999999994449e-01
9.999999999999994449e-01
9.999999999999994449e-01
9.999999999999994449e-01
9.999999999999994449e-01
9.999999999999994449e-01
9.999999999999994449e-01
9.999999999999994449e-01
9.999999999999994449e-01
9.999999999999994449e-01
9.999999999999994449e-01
9.999999999999994449e-01
9.999999999999994449e-01
9.999999999999994449e-01
9.999999999999994449e-01
9.999999999999994449e-01
9.999999999999994449e-01
9.999999999999994449e-01
9.999999999999994449e-01
9.999999999999994449e-01
9.999999999999994449e-01
9.999999999999994449e-01
9.999999999999994449e-01
9.999999999999994449e-01
9.999999999999994449e-01
9.999999999999994449e-01
9.999999999999994449e-01
9.999999999999994449e-01
9.999999999999994449e-01
9.999999999999994449e-01
9.999999999999994449e-01
9.999999999999994449e-01
9.999999999999994449e-01
9.999999999999994449e-01
9.999999999999994449e-01
9.999999999999994449e-01
9.999999999999994449e-01
9.999999999999994449e-01
9.999999999999994449e-01
9.999999999999994449e-01
9.999999999999994449e-01
9.999999999999994449e-01
9.999999999999994449e-01
9.999999999999994449e-01
9.999999999999994449e-01
9.999999999999994449e-01
9.999999999999994449e-01
9.999999999999994449e-01
9.999999999999994449e-01
9.999999999999994449e-01
9.999999999999994449e-01
9.999999999999994449e-01
9.999999999999994449e-01
9.999999999999994449e-01
9.999999999999994449e-01
9.999999999999994449e-01
9.999999999999994449e-01
9.999999999999994449e-01
9.999999999999994449e-01
9.999999999999994449e-01
9.999999999999994449e-01
9.999999999999994449e-01
9.999999999999994449e-01
9.999999999999994449e-01
9.999999999999994449e-01
9.999999999999994449e-01
9.999999999999994449e-01
9.999999999999994449e-01
9.999999999999994449e-01
9.999999999999994449e-01
9.999999999999994449e-01
9.999999999999994449e-01
9.999999999999994449e-01
9.999999999999994449e-01
9.999999999999994449e-01
9.999999999999994449e-01
9.999999999999994449e-01
9.999999999999994449e-01
9.999999999999994449e-01
9.999999999999994449e-01
9.999999999999994449e-01
9.999999999999994449e-01
9.999999999999994449e-01
9.999999999999994449e-01
9.999999999999994449e-01
9.999999999999994449e-01
9.999999999999994449e-01
9.999999999999994449e-01
9.999999999999994449e-01
9.999999999999994449e-01
9.999999999999994449e-01
9.999999999999994449e-01
9.999999999999994449e-01
9.999999999999994449e-01
9.999999999999994449e-01
9.999999999999994449e-01
9.999999999999994449e-01
9.999999999999994449e-01
9.999999999999994449e-01
9.999999999999994449e-01
9.999999999999994449e-01
9.999999999999994449e-01
9.999999999999994449e-01
9.999999999999994449e-01
9.999999999999994449e-01
9.999999999999994449e-01
9.999999999999994449e-01
9.999999999999994449e-01
9.999999999999994449e-01
9.999999999999994449e-01
9.999999999999994449e-01
9.999999999999994449e-01
9.999999999999994449e-01
9.999999999999994449e-01
9.999999999999994449e-01
9.999999999999994449e-01
9.999999999999994449e-01
9.999999999999994449e-01
9.999999999999994449e-01
9.999999999999994449e-01
9.999999999999994449e-01
9.999999999999994449e-01
9.999999999999994449e-01
9.999999999999994449e-01
9.999999999999994449e-01
9.999999999999994449e-01
9.999999999999994449e-01
9.999999999999994449e-01
9.999999999999994449e-01
9.999999999999994449e-01
9.999999999999994449e-01
9.999999999999994449e-01
9.999999999999994449e-01
9.999999999999994449e-01
9.999999999999994449e-01
9.999999999999994449e-01
9.999999999999994449e-01
9.999999999999994449e-01
9.999999999999994449e-01
9.999999999999994449e-01
9.999999999999994449e-01
9.999999999999994449e-01
9.999999999999994449e-01
9.999999999999994449e-01
9.999999999999994449e-01
9.999999999999994449e-01
9.999999999999994449e-01
9.999999999999994449e-01
9.999999999999994449e-01
9.999999999999994449e-01
9.999999999999994449e-01
9.999999999999994449e-01
9.999999999999994449e-01
9.999999999999994449e-01
9.999999999999994449e-01
9.999999999999994449e-01
9.999999999999994449e-01
9.999999999999994449e-01
9.999999999999994449e-01
9.999999999999994449e-01
9.999999999999994449e-01
9.999999999999994449e-01
9.999999999999994449e-01
9.999999999999994449e-01
9.999999999999994449e-01
9.999999999999994449e-01
9.999999999999994449e-01
9.999999999999994449e-01
9.999999999999994449e-01
9.999999999999994449e-01
9.999999999999994449e-01
9.999999999999994449e-01
9.999999999999994449e-01
9.999999999999994449e-01
9.999999999999994449e-01
9.999999999999994449e-01
9.999999999999994449e-01
9.999999999999994449e-01
9.999999999999994449e-01
9.999999999999994449e-01
9.999999999999994449e-01
9.999999999999994449e-01
9.999999999999994449e-01
9.999999999999994449e-01
9.999999999999994449e-01
9.999999999999994449e-01
9.999999999999994449e-01
9.999999999999994449e-01
9.999999999999994449e-01
9.999999999999994449e-01
9.999999999999994449e-01
9.999999999999994449e-01
9.999999999999994449e-01
9.999999999999994449e-01
9.999999999999994449e-01
9.999999999999994449e-01
9.999999999999994449e-01
9.999999999999994449e-01
9.999999999999994449e-01
9.999999999999994449e-01
9.999999999999994449e-01
9.999999999999994449e-01
9.999999999999994449e-01
9.999999999999994449e-01
9.999999999999994449e-01
9.999999999999994449e-01
9.999999999999994449e-01
9.999999999999994449e-01
9.999999999999994449e-01
9.999999999999994449e-01
9.999999999999994449e-01
9.999999999999994449e-01
9.999999999999994449e-01
9.999999999999994449e-01
9.999999999999994449e-01
9.999999999999994449e-01
9.999999999999994449e-01
9.999999999999994449e-01
9.999999999999994449e-01
9.999999999999994449e-01
9.999999999999994449e-01
9.999999999999994449e-01
9.999999999999994449e-01
9.999999999999994449e-01
9.999999999999994449e-01
9.999999999999994449e-01
9.999999999999994449e-01
9.999999999999994449e-01
9.999999999999994449e-01
9.999999999999994449e-01
9.999999999999994449e-01
9.999999999999994449e-01
9.999999999999994449e-01
9.999999999999994449e-01
9.999999999999994449e-01
9.999999999999994449e-01
9.999999999999994449e-01
9.999999999999994449e-01
9.999999999999994449e-01
9.999999999999994449e-01
9.999999999999994449e-01
9.999999999999994449e-01
9.999999999999994449e-01
9.999999999999994449e-01
9.999999999999994449e-01
9.999999999999994449e-01
