2.217386271937609177e-01
2.790326443904445619e-01
3.343889230810607738e-01
3.979480304143894753e-01
4.674849763827690352e-01
5.391015676796995226e-01
6.093122298874010800e-01
6.754733399113547199e-01
7.358064378514097559e-01
7.892849021866857884e-01
8.354774934379040063e-01
8.743982185424117315e-01
9.063831243593909459e-01
9.319952916567956214e-01
9.519494418172544936e-01
9.670469822178865416e-01
9.781172448650873319e-01
9.859656705283831313e-01
9.913318994184819877e-01
9.948603921475068779e-01
9.970846260401259320e-01
9.984240824705653550e-01
9.991917013813732540e-01
9.996085177398513766e-01
9.998219255900611113e-01
9.999243878158623478e-01
9.999702359786539763e-01
9.999892226783205773e-01
9.999964420935276710e-01
9.999989399042575888e-01
9.999997182065027967e-01
9.999999340553671345e-01
9.999999866201425558e-01
9.999999976874284213e-01
9.999999996663636592e-01
9.999999999607575019e-01
9.999999999963383734e-01
9.999999999997374323e-01
9.999999999999860112e-01
9.999999999999994449e-01
1.000000000000000000e+00
1.000000000000000000e+00
1.000000000000000000e+00
1.000000000000000000e+00
1.000000000000000000e+00
1.000000000000000000e+00
1.000000000000000000e+00
1.000000000000000000e+00
1.000000000000000000e+00
1.000000000000000000e+00
1.000000000000000000e+00
1.000000000000000000e+00
