2.157490164705598568e-01
2.506168571427181413e-01
2.716796807334227459e-01
2.927650143657939408e-01
3.158074698857739615e-01
3.408422263049519785e-01
3.676035714387871356e-01
3.957885586590816351e-01
4.250847856738613761e-01
4.551735759942303616e-01
4.857376564017025222e-01
5.164712500705282983e-01
5.470891855693211792e-01
5.773335479196068931e-01
6.069776439311601601e-01
6.358276280958135018e-01
6.637223295889801422e-01
6.905318234322890270e-01
7.161552082647787421e-01
7.405179489181735741e-01
7.635690430401863571e-01
7.852781886447856019e-01
8.056330658332934158e-01
8.246367991207946835e-01
8.423056336155572144e-01
8.586668355523902063e-01
8.737568127260818551e-01
8.876194411858112643e-01
9.003045796361126563e-01
9.118667512098447281e-01
9.223639727276081723e-01
9.318567134751492009e-01
9.404069682668932950e-01
9.480774325837179051e-01
9.549307704640612737e-01
9.610289683077710698e-01
9.664327696655753419e-01
9.712011873857626654e-01
9.753910902083186008e-01
9.790568611243773978e-01
9.822501246722153967e-01
9.850195399432652987e-01
9.874106555370822935e-01
9.894658221293831657e-01
9.912241577771528922e-01
9.927215606325601183e-01
9.939907634066077469e-01
9.950614237311904420e-01
9.959602445187000219e-01
9.967111185059576162e-01
9.973352913816061482e-01
9.978515382161197156e-01
9.982763483215255640e-01
9.986241141427678603e-01
9.989073203033047577e-01
9.991367294737790727e-01
9.993215622857678504e-01
9.994696690561061247e-01
9.995876916069503793e-01
9.996812139511073170e-01
9.997549010524438007e-01
9.998126252613415144e-01
9.998575803616138735e-01
9.998923834468269600e-01
9.999191650713249446e-01
9.999396482968903044e-01
9.999552173836379065e-01
9.999669769581810419e-01
9.999758025386822347e-01
9.999823833107976956e-01
9.999872580364831398e-01
9.999908449447139080e-01
9.999934664045843080e-01
9.999953691217171592e-01
9.999967405325658198e-01
9.999977220015590085e-01
9.999984193559999790e-01
9.999989112254706880e-01
9.999992555879017031e-01
9.999994948646470094e-01
9.999996598525832114e-01
9.999997727328108210e-01
9.999998493530354304e-01
9.999999009439838327e-01
9.999999353989338369e-01
9.999999582191619885e-01
9.999999732063284963e-01
9.999999829649821592e-01
9.999999892639497290e-01
9.999999932938548053e-01
9.999999958489181884e-01
9.999999974540989545e-01
9.999999984531647845e-01
9.999999990691113005e-01
9.999999994452084540e-01
9.999999996726096629e-01
9.999999998087375497e-01
9.999999998894030240e-01
9.999999999367111814e-01
9.999999999641656645e-01
9.999999999799286110e-01
9.999999999888807833e-01
9.999999999939087614e-01
9.999999999967009723e-01
9.999999999982338572e-01
9.999999999990656363e-01
9.999999999995116129e-01
9.999999999997478684e-01
9.999999999998714362e-01
9.999999999999352740e-01
9.999999999999678035e-01
9.999999999999842348e-01
9.999999999999923395e-01
9.999999999999963363e-01
9.999999999999982236e-01
9.999999999999991118e-01
9.999999999999995559e-01
9.999999999999997780e-01
9.999999999999998890e-01
9.999999999999998890e-01
9.999999999999998890e-01
9.999999999999998890e-01
9.999999999999998890e-01
9.999999999999998890e-01
9.999999999999998890e-01
9.999999999999998890e-01
9.999999999999998890e-01
9.999999999999998890e-01
9.999999999999998890e-01
9.999999999999998890e-01
9.999999999999998890e-01
9.999999999999998890e-01
9.999999999999998890e-01
9.999999999999998890e-01
9.999999999999998890e-01
9.999999999999998890e-01
9.999999999999998890e-01
9.999999999999998890e-01
9.999999999999998890e-01
9.999999999999998890e-01
9.999999999999998890e-01
9.999999999999998890e-01
9.999999999999998890e-01
9.999999999999998890e-01
9.999999999999998890e-01
9.999999999999998890e-01
9.999999999999998890e-01
9.999999999999998890e-01
9.999999999999998890e-01
9.999999999999998890e-01
9.999999999999998890e-01
9.999999999999998890e-01
9.999999999999998890e-01
9.999999999999998890e-01
9.999999999999998890e-01
9.999999999999998890e-01
9.999999999999998890e-01
9.999999999999998890e-01
9.999999999999998890e-01
9.999999999999998890e-01
9.999999999999998890e-01
9.999999999999998890e-01
9.999999999999998890e-01
9.999999999999998890e-01
9.999999999999998890e-01
9.999999999999998890e-01
9.999999999999998890e-01
9.999999999999998890e-01
9.999999999999998890e-01
9.999999999999998890e-01
9.999999999999998890e-01
9.999999999999998890e-01
9.999999999999998890e-01
9.999999999999998890e-01
9.999999999999998890e-01
9.999999999999998890e-01
9.999999999999998890e-01
9.999999999999998890e-01
9.999999999999998890e-01
9.999999999999998890e-01
9.999999999999998890e-01
9.999999999999998890e-01
9.999999999999998890e-01
9.999999999999998890e-01
9.999999999999998890e-01
9.999999999999998890e-01
9.999999999999998890e-01
9.999999999999998890e-01
9.999999999999998890e-01
9.999999999999998890e-01
9.999999999999998890e-01
9.999999999999998890e-01
9.999999999999998890e-01
9.999999999999998890e-01
9.999999999999998890e-01
9.999999999999998890e-01
9.999999999999998890e-01
9.999999999999998890e-01
9.999999999999998890e-01
9.999999999999998890e-01
9.999999999999998890e-01
9.999999999999998890e-01
9.999999999999998890e-01
9.999999999999998890e-01
9.999999999999998890e-01
9.999999999999998890e-01
9.999999999999998890e-01
9.999999999999998890e-01
9.999999999999998890e-01
9.999999999999998890e-01
9.999999999999998890e-01
9.999999999999998890e-01
9.999999999999998890e-01
9.999999999999998890e-01
9.999999999999998890e-01
9.999999999999998890e-01
9.999999999999998890e-01
9.999999999999998890e-01
9.999999999999998890e-01
9.999999999999998890e-01
9.999999999999998890e-01
9.999999999999998890e-01
9.999999999999998890e-01
9.999999999999998890e-01
9.999999999999998890e-01
9.999999999999998890e-01
9.999999999999998890e-01
9.999999999999998890e-01
9.999999999999998890e-01
9.999999999999998890e-01
9.999999999999998890e-01
9.999999999999998890e-01
9.999999999999998890e-01
9.999999999999998890e-01
9.999999999999998890e-01
9.999999999999998890e-01
9.999999999999998890e-01
9.999999999999998890e-01
9.999999999999998890e-01
9.999999999999998890e-01
9.999999999999998890e-01
9.999999999999998890e-01
9.999999999999998890e-01
