2.154491034730373622e-01
2.491572341259141177e-01
2.683738379045858546e-01
2.871203593534220055e-01
3.074679702636726186e-01
3.295447419840646930e-01
3.531605560134530308e-01
3.780886287113023880e-01
4.040972634128166541e-01
4.309492071118199985e-01
4.584037517792211580e-01
4.862223361838966529e-01
5.141749950120663160e-01
5.420460351264027032e-01
5.696382756398541414e-01
5.967757380906653086e-01
6.233049488070859789e-01
6.490951264539612797e-01
6.740375452691794722e-01
6.980443352906482435e-01
7.210469335263711699e-01
7.429943503139068151e-01
7.638513705780393126e-01
7.835967730380584140e-01
8.022216218313100722e-01
8.197276635723259597e-01
8.361258472646321271e-01
8.514349734612038922e-01
8.656804715532141481e-01
8.788932992025386692e-01
8.911089550674130555e-01
9.023665946003344152e-01
9.127082384259939118e-01
9.221780633092391266e-01
9.308217667248316340e-01
9.386859973117005485e-01
9.458178448467616795e-01
9.522643846633337406e-01
9.580722725669786888e-01
9.632873872089180445e-01
9.679545175417528791e-01
9.721170934103194883e-01
9.758169575485942104e-01
9.790941773002155291e-01
9.819868942991172300e-01
9.845312101814002181e-01
9.867611061893152291e-01
9.887083943063013081e-01
9.904026973545211332e-01
9.918714553122756072e-01
9.931399549805707272e-01
9.942313800529156698e-01
9.951668786225649210e-01
9.959656451957694667e-01
9.966450143644575155e-01
9.972205634215585146e-01
9.977062213701736182e-01
9.981143819765766478e-01
9.984560187389519559e-01
9.987407998813031540e-01
9.989772017278987226e-01
9.991726190613404723e-01
9.993334713109288669e-01
9.994653036523410972e-01
9.995728823205032310e-01
9.996602836415717785e-01
9.997309764746767913e-01
9.997878979178921321e-01
9.998335222749404894e-01
9.998699233992667246e-01
9.998988306307842189e-01
9.999216786187877792e-01
9.999396513836072975e-01
9.999537210112354746e-01
9.999646814012796980e-01
9.999731775011785340e-01
9.999797304607169757e-01
9.999847591324971807e-01
9.999885983280790702e-01
9.999915142178060767e-01
9.999937172364851135e-01
9.999953728285490007e-01
9.999966103363290282e-01
9.999975303046506614e-01
9.999982104449889331e-01
9.999987104735413856e-01
9.999990760102982490e-01
9.999993417008585794e-01
9.999995336995708417e-01
9.999996716316800205e-01
9.999997701335543443e-01
9.999998400536924681e-01
9.999998893829692426e-01
9.999999239703222242e-01
9.999999480696436516e-01
9.999999647548426518e-01
9.999999762326937658e-01
9.999999840770134041e-01
9.999999894027253866e-01
9.999999929943362842e-01
9.999999954000886593e-01
9.999999970004670446e-01
9.999999980576834702e-01
9.999999987511624111e-01
9.999999992027983620e-01
9.999999994948008952e-01
9.999999996822072079e-01
9.999999998015884906e-01
9.999999998770624510e-01
9.999999999244125748e-01
9.999999999538881079e-01
9.999999999720922128e-01
9.999999999832452913e-01
9.999999999900230918e-01
9.999999999941081574e-01
9.999999999965497599e-01
9.999999999979967136e-01
9.999999999988469224e-01
9.999999999993420818e-01
9.999999999996279643e-01
9.999999999997915001e-01
9.999999999998842037e-01
9.999999999999362732e-01
9.999999999999652500e-01
9.999999999999812372e-01
9.999999999999900080e-01
9.999999999999946709e-01
9.999999999999972244e-01
9.999999999999985567e-01
9.999999999999992228e-01
9.999999999999995559e-01
9.999999999999997780e-01
9.999999999999998890e-01
9.999999999999998890e-01
9.999999999999998890e-01
9.999999999999998890e-01
9.999999999999998890e-01
9.999999999999998890e-01
9.999999999999998890e-01
9.999999999999998890e-01
9.999999999999998890e-01
9.999999999999998890e-01
9.999999999999998890e-01
9.999999999999998890e-01
9.999999999999998890e-01
9.999999999999998890e-01
9.999999999999998890e-01
9.999999999999998890e-01
9.999999999999998890e-01
9.999999999999998890e-01
9.999999999999998890e-01
9.999999999999998890e-01
9.999999999999998890e-01
9.999999999999998890e-01
9.999999999999998890e-01
9.999999999999998890e-01
9.999999999999998890e-01
9.999999999999998890e-01
9.999999999999998890e-01
9.999999999999998890e-01
9.999999999999998890e-01
9.999999999999998890e-01
9.999999999999998890e-01
9.999999999999998890e-01
9.999999999999998890e-01
9.999999999999998890e-01
9.999999999999998890e-01
9.999999999999998890e-01
9.999999999999998890e-01
9.999999999999998890e-01
9.999999999999998890e-01
9.999999999999998890e-01
9.999999999999998890e-01
9.999999999999998890e-01
9.999999999999998890e-01
9.999999999999998890e-01
9.999999999999998890e-01
9.999999999999998890e-01
9.999999999999998890e-01
9.999999999999998890e-01
9.999999999999998890e-01
9.999999999999998890e-01
9.999999999999998890e-01
9.999999999999998890e-01
9.999999999999998890e-01
9.999999999999998890e-01
9.999999999999998890e-01
9.999999999999998890e-01
9.999999999999998890e-01
9.999999999999998890e-01
9.999999999999998890e-01
9.999999999999998890e-01
9.999999999999998890e-01
9.999999999999998890e-01
9.999999999999998890e-01
9.999999999999998890e-01
9.999999999999998890e-01
9.999999999999998890e-01
9.999999999999998890e-01
9.999999999999998890e-01
9.999999999999998890e-01
9.999999999999998890e-01
9.999999999999998890e-01
9.999999999999998890e-01
9.999999999999998890e-01
9.999999999999998890e-01
9.999999999999998890e-01
9.999999999999998890e-01
9.999999999999998890e-01
9.999999999999998890e-01
9.999999999999998890e-01
9.999999999999998890e-01
9.999999999999998890e-01
9.999999999999998890e-01
9.999999999999998890e-01
9.999999999999998890e-01
9.999999999999998890e-01
9.999999999999998890e-01
9.999999999999998890e-01
9.999999999999998890e-01
9.999999999999998890e-01
9.999999999999998890e-01
9.999999999999998890e-01
9.999999999999998890e-01
9.999999999999998890e-01
9.999999999999998890e-01
9.999999999999998890e-01
9.999999999999998890e-01
9.999999999999998890e-01
9.999999999999998890e-01
9.999999999999998890e-01
9.999999999999998890e-01
9.999999999999998890e-01
9.999999999999998890e-01
9.999999999999998890e-01
9.999999999999998890e-01
9.999999999999998890e-01
9.999999999999998890e-01
9.999999999999998890e-01
9.999999999999998890e-01
9.999999999999998890e-01
9.999999999999998890e-01
9.999999999999998890e-01
9.999999999999998890e-01
9.999999999999998890e-01
9.999999999999998890e-01
9.999999999999998890e-01
9.999999999999998890e-01
9.999999999999998890e-01
9.999999999999998890e-01
9.999999999999998890e-01
9.999999999999998890e-01
9.999999999999998890e-01
9.999999999999998890e-01
9.999999999999998890e-01
9.999999999999998890e-01
9.999999999999998890e-01
9.999999999999998890e-01
9.999999999999998890e-01
9.999999999999998890e-01
9.999999999999998890e-01
9.999999999999998890e-01
9.999999999999998890e-01
9.999999999999998890e-01
9.999999999999998890e-01
9.999999999999998890e-01
9.999999999999998890e-01
9.999999999999998890e-01
9.999999999999998890e-01
9.999999999999998890e-01
9.999999999999998890e-01
9.999999999999998890e-01
9.999999999999998890e-01
9.999999999999998890e-01
9.999999999999998890e-01
9.999999999999998890e-01
9.999999999999998890e-01
9.999999999999998890e-01
9.999999999999998890e-01
9.999999999999998890e-01
9.999999999999998890e-01
9.999999999999998890e-01
9.999999999999998890e-01
9.999999999999998890e-01
9.999999999999998890e-01
9.999999999999998890e-01
9.999999999999998890e-01
9.999999999999998890e-01
9.999999999999998890e-01
9.999999999999998890e-01
9.999999999999998890e-01
