2.145630061279412415e-01
2.447633016511930326e-01
2.582516753754364180e-01
2.696788811195475755e-01
2.815677505429947658e-01
2.943218543170790236e-01
3.079306906391595655e-01
3.223200438921154931e-01
3.374156781652104531e-01
3.531487090152616859e-01
3.694526138541153193e-01
3.862608512651636294e-01
4.035058191085405532e-01
4.211187348312794843e-01
4.390300579202714437e-01
4.571701988884728229e-01
4.754703449765862455e-01
4.938632898096267376e-01
5.122841951310611597e-01
5.306712430848491424e-01
5.489661597549472249e-01
5.671146062762894013e-01
5.850664440726036641e-01
6.027758868579174978e-01
6.202015550548669598e-01
6.373064491666963205e-01
6.540578581374741907e-01
6.704272174107464011e-01
6.863899296549192952e-01
7.019251592385193916e-01
7.170156096850099914e-01
7.316472916175762453e-01
7.458092871714062655e-01
7.594935155234667779e-01
7.726945030657819125e-01
7.854091608140389980e-01
7.976365708792348963e-01
8.093777832141828554e-01
8.206356233573953718e-01
8.314145115140713083e-01
8.417202930197449362e-01
8.515600800110975088e-01
8.609421039672626730e-01
8.698755786725542727e-01
8.783705730785631438e-01
8.864378935021864914e-01
8.940889745797786503e-01
9.013357784006720275e-01
9.081907012610678231e-01
9.146664875077054058e-01
9.207761499763396085e-01
9.265328965699884955e-01
9.319500625637372471e-01
9.370410482646281958e-01
9.418192616952687501e-01
9.462980660070832162e-01
9.504907313627877219e-01
9.544103910571669624e-01
9.580700016703344035e-01
9.614823070683414796e-01
9.646598060824317367e-01
9.676147237107196597e-01
9.703589856950162185e-01
9.729041963313914687e-01
9.752616193763671282e-01
9.774421619118761617e-01
9.794563610318035574e-01
9.813143732115043871e-01
9.830259662195922621e-01
9.846005134288831062e-01
9.860469903809773173e-01
9.873739734568308668e-01
9.885896405040131008e-01
9.897017732703338178e-01
9.907177614932527465e-01
9.916446084950408801e-01
9.924889381350712192e-01
9.932570029728849947e-01
9.939546934987898430e-01
9.945875482926492817e-01
9.951607649761705643e-01
9.956792118293079641e-01
9.961474399473048136e-01
9.965696958213016154e-01
9.969499342322636348e-01
9.972918313551328851e-01
9.975987979775010617e-01
9.978739927446482749e-01
9.981203353504137787e-01
9.983405196009849103e-01
9.985370262862393043e-01
9.987121358006844085e-01
9.988679404632587744e-01
9.990063564922274653e-01
9.991291355980919109e-01
9.992378761637884521e-01
9.993340339874552392e-01
9.994189325686672065e-01
9.994937729242666657e-01
9.995596429247343151e-01
9.996175261464502748e-01
9.996683102391832332e-01
9.997127948117233709e-01
9.997516988417515238e-01
9.997856676188172642e-01
9.998152792317056559e-01
9.998410506135160247e-01
9.998634431594809469e-01
9.998828679339368808e-01
9.998996904839427824e-01
9.999142352778543907e-01
9.999267897877195388e-01
9.999376082346925765e-01
9.999469150167892284e-01
9.999549078382515832e-01
9.999617605595746417e-01
9.999676257868957974e-01
9.999726372189781110e-01
9.999769117694484732e-01
9.999805514813062679e-01
9.999836452500023842e-01
9.999862703706318134e-01
9.999884939239847004e-01
9.999903740153860410e-01
9.999919608794253234e-01
9.999932978628479630e-01
9.999944222970601482e-01
9.999953662708890301e-01
9.999961573134567017e-01
9.999968189962621379e-01
9.999973714628372923e-01
9.999978318936433297e-01
9.999982149132100595e-01
9.999985329458966898e-01
9.999987965260614953e-01
9.999990145678793185e-01
9.999991945995322373e-01
9.999993429660228861e-01
9.999994650044236044e-01
9.999995651949679099e-01
9.999996472910247514e-01
9.999997144306560504e-01
9.999997692321538345e-01
9.999998138756733823e-01
9.999998501728306621e-01
9.999998796259046419e-01
9.999999034780848728e-01
9.999999227560214532e-01
9.999999383057771585e-01
9.999999508231350864e-01
9.999999608790901551e-01
9.999999689412421011e-01
9.999999753917075962e-01
9.999999805420837218e-01
9.999999846459196595e-01
9.999999879090882837e-01
9.999999904983909449e-01
9.999999925486801056e-01
9.999999941687421900e-01
9.999999954461442631e-01
9.999999964512185091e-01
9.999999972403299520e-01
9.999999978585502047e-01
9.999999983418403904e-01
9.999999987188283868e-01
9.999999990122532267e-01
9.999999992401357174e-01
9.999999994167250161e-01
9.999999995532626862e-01
9.999999996585969830e-01
9.999999997396765705e-01
9.999999998019455383e-01
9.999999998496594822e-01
9.999999998861371919e-01
9.999999999139607132e-01
9.999999999351343316e-01
9.999999999512099169e-01
9.999999999633866210e-01
9.999999999725883715e-01
9.999999999795256000e-01
9.999999999847432042e-01
9.999999999886581836e-01
9.999999999915886173e-01
9.999999999937768669e-01
9.999999999954068963e-01
9.999999999966181496e-01
9.999999999975160980e-01
9.999999999981801224e-01
9.999999999986698418e-01
9.999999999990302202e-01
9.999999999992946753e-01
9.999999999994882982e-01
9.999999999996297406e-01
9.999999999997327693e-01
9.999999999998075983e-01
9.999999999998617772e-01
9.999999999999009681e-01
9.999999999999291678e-01
9.999999999999494849e-01
9.999999999999640288e-01
9.999999999999744649e-01
9.999999999999819034e-01
9.999999999999872324e-01
9.999999999999910072e-01
9.999999999999936717e-01
9.999999999999955591e-01
9.999999999999968914e-01
9.999999999999977796e-01
9.999999999999984457e-01
9.999999999999988898e-01
9.999999999999992228e-01
9.999999999999994449e-01
9.999999999999995559e-01
9.999999999999996669e-01
9.999999999999997780e-01
9.999999999999997780e-01
9.999999999999997780e-01
9.999999999999997780e-01
9.999999999999997780e-01
9.999999999999997780e-01
9.999999999999997780e-01
9.999999999999997780e-01
9.999999999999997780e-01
9.999999999999997780e-01
9.999999999999997780e-01
9.999999999999997780e-01
9.999999999999997780e-01
9.999999999999997780e-01
9.999999999999997780e-01
9.999999999999997780e-01
9.999999999999997780e-01
9.999999999999997780e-01
9.999999999999997780e-01
9.999999999999997780e-01
9.999999999999997780e-01
9.999999999999997780e-01
9.999999999999997780e-01
9.999999999999997780e-01
9.999999999999997780e-01
9.999999999999997780e-01
9.999999999999997780e-01
9.999999999999997780e-01
9.999999999999997780e-01
9.999999999999997780e-01
9.999999999999997780e-01
9.999999999999997780e-01
9.999999999999997780e-01
9.999999999999997780e-01
9.999999999999997780e-01
9.999999999999997780e-01
9.999999999999997780e-01
9.999999999999997780e-01
9.999999999999997780e-01
9.999999999999997780e-01
9.999999999999997780e-01
9.999999999999997780e-01
9.999999999999997780e-01
9.999999999999997780e-01
9.999999999999997780e-01
9.999999999999997780e-01
9.999999999999997780e-01
9.999999999999997780e-01
9.999999999999997780e-01
9.999999999999997780e-01
9.999999999999997780e-01
9.999999999999997780e-01
9.999999999999997780e-01
9.999999999999997780e-01
9.999999999999997780e-01
9.999999999999997780e-01
9.999999999999997780e-01
9.999999999999997780e-01
9.999999999999997780e-01
9.999999999999997780e-01
9.999999999999997780e-01
9.999999999999997780e-01
9.999999999999997780e-01
9.999999999999997780e-01
9.999999999999997780e-01
9.999999999999997780e-01
9.999999999999997780e-01
9.999999999999997780e-01
9.999999999999997780e-01
9.999999999999997780e-01
9.999999999999997780e-01
9.999999999999997780e-01
9.999999999999997780e-01
9.999999999999997780e-01
9.999999999999997780e-01
9.999999999999997780e-01
9.999999999999997780e-01
9.999999999999997780e-01
9.999999999999997780e-01
9.999999999999997780e-01
9.999999999999997780e-01
9.999999999999997780e-01
9.999999999999997780e-01
9.999999999999997780e-01
9.999999999999997780e-01
9.999999999999997780e-01
9.999999999999997780e-01
9.999999999999997780e-01
9.999999999999997780e-01
9.999999999999997780e-01
9.999999999999997780e-01
9.999999999999997780e-01
9.999999999999997780e-01
9.999999999999997780e-01
9.999999999999997780e-01
9.999999999999997780e-01
9.999999999999997780e-01
9.999999999999997780e-01
9.999999999999997780e-01
9.999999999999997780e-01
9.999999999999997780e-01
9.999999999999997780e-01
9.999999999999997780e-01
9.999999999999997780e-01
9.999999999999997780e-01
9.999999999999997780e-01
9.999999999999997780e-01
9.999999999999997780e-01
9.999999999999997780e-01
9.999999999999997780e-01
9.999999999999997780e-01
9.999999999999997780e-01
9.999999999999997780e-01
9.999999999999997780e-01
9.999999999999997780e-01
9.999999999999997780e-01
9.999999999999997780e-01
9.999999999999997780e-01
9.999999999999997780e-01
9.999999999999997780e-01
9.999999999999997780e-01
9.999999999999997780e-01
9.999999999999997780e-01
9.999999999999997780e-01
9.999999999999997780e-01
9.999999999999997780e-01
9.999999999999997780e-01
9.999999999999997780e-01
9.999999999999997780e-01
9.999999999999997780e-01
9.999999999999997780e-01
9.999999999999997780e-01
9.999999999999997780e-01
9.999999999999997780e-01
9.999999999999997780e-01
9.999999999999997780e-01
9.999999999999997780e-01
9.999999999999997780e-01
9.999999999999997780e-01
9.999999999999997780e-01
9.999999999999997780e-01
9.999999999999997780e-01
9.999999999999997780e-01
9.999999999999997780e-01
9.999999999999997780e-01
9.999999999999997780e-01
9.999999999999997780e-01
9.999999999999997780e-01
9.999999999999997780e-01
9.999999999999997780e-01
9.999999999999997780e-01
9.999999999999997780e-01
9.999999999999997780e-01
9.999999999999997780e-01
9.999999999999997780e-01
9.999999999999997780e-01
9.999999999999997780e-01
9.999999999999997780e-01
9.999999999999997780e-01
9.999999999999997780e-01
9.999999999999997780e-01
9.999999999999997780e-01
9.999999999999997780e-01
9.999999999999997780e-01
9.999999999999997780e-01
9.999999999999997780e-01
9.999999999999997780e-01
9.999999999999997780e-01
9.999999999999997780e-01
9.999999999999997780e-01
9.999999999999997780e-01
9.999999999999997780e-01
9.999999999999997780e-01
9.999999999999997780e-01
9.999999999999997780e-01
9.999999999999997780e-01
9.999999999999997780e-01
9.999999999999997780e-01
9.999999999999997780e-01
9.999999999999997780e-01
9.999999999999997780e-01
9.999999999999997780e-01
9.999999999999997780e-01
9.999999999999997780e-01
9.999999999999997780e-01
9.999999999999997780e-01
9.999999999999997780e-01
9.999999999999997780e-01
9.999999999999997780e-01
9.999999999999997780e-01
9.999999999999997780e-01
9.999999999999997780e-01
9.999999999999997780e-01
9.999999999999997780e-01
9.999999999999997780e-01
9.999999999999997780e-01
9.999999999999997780e-01
9.999999999999997780e-01
9.999999999999997780e-01
9.999999999999997780e-01
9.999999999999997780e-01
9.999999999999997780e-01
9.999999999999997780e-01
9.999999999999997780e-01
9.999999999999997780e-01
9.999999999999997780e-01
9.999999999999997780e-01
9.999999999999997780e-01
9.999999999999997780e-01
9.999999999999997780e-01
9.999999999999997780e-01
9.999999999999997780e-01
9.999999999999997780e-01
9.999999999999997780e-01
9.999999999999997780e-01
9.999999999999997780e-01
9.999999999999997780e-01
9.999999999999997780e-01
9.999999999999997780e-01
9.999999999999997780e-01
9.999999999999997780e-01
9.999999999999997780e-01
9.999999999999997780e-01
9.999999999999997780e-01
9.999999999999997780e-01
9.999999999999997780e-01
9.999999999999997780e-01
9.999999999999997780e-01
9.999999999999997780e-01
9.999999999999997780e-01
9.999999999999997780e-01
9.999999999999997780e-01
9.999999999999997780e-01
9.999999999999997780e-01
9.999999999999997780e-01
9.999999999999997780e-01
9.999999999999997780e-01
9.999999999999997780e-01
9.999999999999997780e-01
9.999999999999997780e-01
9.999999999999997780e-01
9.999999999999997780e-01
9.999999999999997780e-01
9.999999999999997780e-01
9.999999999999997780e-01
9.999999999999997780e-01
9.999999999999997780e-01
9.999999999999997780e-01
9.999999999999997780e-01
9.999999999999997780e-01
9.999999999999997780e-01
9.999999999999997780e-01
9.999999999999997780e-01
9.999999999999997780e-01
9.999999999999997780e-01
9.999999999999997780e-01
9.999999999999997780e-01
9.999999999999997780e-01
9.999999999999997780e-01
9.999999999999997780e-01
9.999999999999997780e-01
9.999999999999997780e-01
9.999999999999997780e-01
9.999999999999997780e-01
9.999999999999997780e-01
9.999999999999997780e-01
9.999999999999997780e-01
9.999999999999997780e-01
9.999999999999997780e-01
9.999999999999997780e-01
9.999999999999997780e-01
9.999999999999997780e-01
9.999999999999997780e-01
9.999999999999997780e-01
9.999999999999997780e-01
9.999999999999997780e-01
9.999999999999997780e-01
9.999999999999997780e-01
9.999999999999997780e-01
9.999999999999997780e-01
9.999999999999997780e-01
9.999999999999997780e-01
9.999999999999997780e-01
9.999999999999997780e-01
9.999999999999997780e-01
9.999999999999997780e-01
9.999999999999997780e-01
9.999999999999997780e-01
9.999999999999997780e-01
9.999999999999997780e-01
9.999999999999997780e-01
9.999999999999997780e-01
9.999999999999997780e-01
9.999999999999997780e-01
9.999999999999997780e-01
9.999999999999997780e-01
9.999999999999997780e-01
9.999999999999997780e-01
9.999999999999997780e-01
9.999999999999997780e-01
9.999999999999997780e-01
9.999999999999997780e-01
9.999999999999997780e-01
9.999999999999997780e-01
9.999999999999997780e-01
9.999999999999997780e-01
9.999999999999997780e-01
9.999999999999997780e-01
9.999999999999997780e-01
9.999999999999997780e-01
9.999999999999997780e-01
9.999999999999997780e-01
9.999999999999997780e-01
9.999999999999997780e-01
9.999999999999997780e-01
9.999999999999997780e-01
9.999999999999997780e-01
9.999999999999997780e-01
9.999999999999997780e-01
9.999999999999997780e-01
9.999999999999997780e-01
9.999999999999997780e-01
9.999999999999997780e-01
9.999999999999997780e-01
9.999999999999997780e-01
9.999999999999997780e-01
9.999999999999997780e-01
9.999999999999997780e-01
9.999999999999997780e-01
9.999999999999997780e-01
9.999999999999997780e-01
9.999999999999997780e-01
9.999999999999997780e-01
9.999999999999997780e-01
9.999999999999997780e-01
9.999999999999997780e-01
9.999999999999997780e-01
9.999999999999997780e-01
9.999999999999997780e-01
9.999999999999997780e-01
9.999999999999997780e-01
9.999999999999997780e-01
9.999999999999997780e-01
9.999999999999997780e-01
9.999999999999997780e-01
9.999999999999997780e-01
9.999999999999997780e-01
9.999999999999997780e-01
9.999999999999997780e-01
9.999999999999997780e-01
9.999999999999997780e-01
9.999999999999997780e-01
9.999999999999997780e-01
9.999999999999997780e-01
9.999999999999997780e-01
9.999999999999997780e-01
9.999999999999997780e-01
9.999999999999997780e-01
9.999999999999997780e-01
9.999999999999997780e-01
9.999999999999997780e-01
9.999999999999997780e-01
9.999999999999997780e-01
9.999999999999997780e-01
9.999999999999997780e-01
9.999999999999997780e-01
9.999999999999997780e-01
9.999999999999997780e-01
9.999999999999997780e-01
9.999999999999997780e-01
9.999999999999997780e-01
9.999999999999997780e-01
9.999999999999997780e-01
9.999999999999997780e-01
9.999999999999997780e-01
9.999999999999997780e-01
9.999999999999997780e-01
9.999999999999997780e-01
9.999999999999997780e-01
9.999999999999997780e-01
9.999999999999997780e-01
9.999999999999997780e-01
9.999999999999997780e-01
9.999999999999997780e-01
9.999999999999997780e-01
9.999999999999997780e-01
9.999999999999997780e-01
9.999999999999997780e-01
9.999999999999997780e-01
9.999999999999997780e-01
9.999999999999997780e-01
9.999999999999997780e-01
9.999999999999997780e-01
9.999999999999997780e-01
9.999999999999997780e-01
9.999999999999997780e-01
9.999999999999997780e-01
9.999999999999997780e-01
9.999999999999997780e-01
9.999999999999997780e-01
9.999999999999997780e-01
9.999999999999997780e-01
9.999999999999997780e-01
9.999999999999997780e-01
9.999999999999997780e-01
9.999999999999997780e-01
9.999999999999997780e-01
9.999999999999997780e-01
9.999999999999997780e-01
9.999999999999997780e-01
9.999999999999997780e-01
9.999999999999997780e-01
9.999999999999997780e-01
9.999999999999997780e-01
9.999999999999997780e-01
9.999999999999997780e-01
9.999999999999997780e-01
9.999999999999997780e-01
9.999999999999997780e-01
9.999999999999997780e-01
9.999999999999997780e-01
9.999999999999997780e-01
9.999999999999997780e-01
9.999999999999997780e-01
9.999999999999997780e-01
9.999999999999997780e-01
9.999999999999997780e-01
9.999999999999997780e-01
9.999999999999997780e-01
9.999999999999997780e-01
9.999999999999997780e-01
9.999999999999997780e-01
9.999999999999997780e-01
9.999999999999997780e-01
9.999999999999997780e-01
9.999999999999997780e-01
9.999999999999997780e-01
9.999999999999997780e-01
