2.145471248900187033e-01
3.013577751558496609e-02
1.338006836964942929e-02
1.128729598833168313e-02
1.172664788215390178e-02
1.257506659300961123e-02
1.341603488007357334e-02
1.418479523103470703e-02
1.488109069450342138e-02
1.551035985344190182e-02
1.607513296690857990e-02
1.657554275969289753e-02
1.701062590201340638e-02
1.737923223470953099e-02
1.768056589478355506e-02
1.791447807593935307e-02
1.808159431672133610e-02
1.818333105045781203e-02
1.822184049468969155e-02
1.819991299020962128e-02
1.812085832021885848e-02
1.798838132688890257e-02
1.780646207381339149e-02
1.757924682169690125e-02
1.731095310802140824e-02
1.700579011508750876e-02
1.666789411215292491e-02
1.630127790222560616e-02
1.590979274486138337e-02
1.549710104079382068e-02
1.506665805713983813e-02
1.462170107280975559e-02
1.416524448281326030e-02
1.370007958384928011e-02
1.322877795044416147e-02
1.275369748818947629e-02
1.227699041151036202e-02
1.180061253499685436e-02
1.132633338924500868e-02
1.085574677542507430e-02
1.039028145920774249e-02
9.931211776318896872e-03
9.479667980947899947e-03
9.036646216446826349e-03
8.603018026928959533e-03
8.179539359960024889e-03
7.766859035733281874e-03
7.365526677923497564e-03
6.976000116633629400e-03
6.598652285159394351e-03
6.233777640275306106e-03
5.881598140893091499e-03
5.542268822712853940e-03
5.215883007290738477e-03
4.902477183168325696e-03
4.602035594702646483e-03
4.314494571326064030e-03
4.039746626446562468e-03
3.777644351329281780e-03
3.528004125301470971e-03
3.290609659679690543e-03
3.065215389076131596e-03
2.851549720309927687e-03
2.649318146105665659e-03
2.458206228150885443e-03
2.277882451927208500e-03
2.108000954023981407e-03
1.948204121371192648e-03
1.798125060957707659e-03
1.657389938092028751e-03
1.525620181070443462e-03
1.402434550193100860e-03
1.287451069364526279e-03
1.180288818985089421e-03
1.080569589439848250e-03
9.879193951821533572e-04
9.019698501556076657e-04
8.223594060690649207e-04
7.487344558091148759e-04
6.807503050215691319e-04
6.180720155997019780e-04
5.603751254697092758e-04
5.073462496518351111e-04
4.586835680921479618e-04
4.140972062002518496e-04
3.733095143900286186e-04
3.360552532031501585e-04
3.020816908001360576e-04
2.711486197332508554e-04
2.430282999733668163e-04
2.175053351534330271e-04
1.943764889193577553e-04
1.734504481505306161e-04
1.545475396328420696e-04
1.374994065428214267e-04
1.221486508384790138e-04
1.083484473570211647e-04
9.596213509727803724e-05
8.486279082180029926e-05
7.493278975501729009e-05
6.606335778546340045e-05
5.815411920613204551e-05
5.111264365235319873e-05
4.485399552520794329e-05
3.930028882368052771e-05
3.438024995430809179e-05
3.002879074503797858e-05
2.618659356343038059e-05
2.279971012943404277e-05
1.981917532186295512e-05
1.720063700608566456e-05
1.490400265930270454e-05
1.289310333961255284e-05
1.113537533586672068e-05
9.601559647024552469e-06
8.265419272104513826e-06
7.103474144182908359e-06
6.094753413409293901e-06
5.220564674171467431e-06
4.464279638840024398e-06
3.811135684212342775e-06
3.248052635717024508e-06
2.763464106992718289e-06
2.347162678081095869e-06
1.990158172242086583e-06
1.684548278647039078e-06
1.423400764353940359e-06
1.200646523120385280e-06
1.010982719639991235e-06
8.497853043702475774e-07
7.130301958508718517e-07
5.972224528087372090e-07
4.993327869098438878e-07
4.167407979737711428e-07
3.471843460878389097e-07
2.887145085982863071e-07
2.396556043073183283e-07
1.985698013276156979e-07
1.642258590923762178e-07
1.355715882830392942e-07
1.117096447571535183e-07
9.187630485197198239e-08
7.542289923479724581e-08
6.179961095346301982e-08
5.054137012856517658e-08
4.125560306965407175e-08
3.361161707507751684e-08
2.733142425733217736e-08
2.218182792407976970e-08
1.796761385739540428e-08
1.452570597811338441e-08
1.172016154684493076e-08
9.437895352456650749e-09
7.585035255985409673e-09
6.083823170698100365e-09
4.869985959584488408e-09
3.890510292477404579e-09
3.101763742654590050e-09
2.467912006723548006e-09
1.959588705928659309e-09
1.552780060527602209e-09
1.227891949627573703e-09
9.689713660797527635e-10
7.630582338083685162e-10
5.996470473684913335e-10
4.702407830636091705e-10
3.679821243999375516e-10
2.873493541252021321e-10
2.239061343262117640e-10
1.740961571130482119e-10
1.350749874059789991e-10
1.045727034795538212e-10
8.078196906604335096e-11
6.226704634920866405e-11
4.788999680238001216e-11
3.675098790251061018e-11
2.814011074681645018e-11
2.149859296520700194e-11
1.638764495581497981e-11
1.246350489436447539e-11
9.457484577434772228e-12
7.160077443280209738e-12
5.408304335715735439e-12
4.075682321294431175e-12
3.064291479687998164e-12
2.298502559912432647e-12
1.720043181333380077e-12
1.284127438562374998e-12
9.564115953033428754e-13
7.106329581409721017e-13
5.267479856859749449e-13
3.895038645980862851e-13
2.873201412506060898e-13
2.114273179435096625e-13
1.552005431355554795e-13
1.136437403139664046e-13
8.300928509548118744e-14
6.048178725110452194e-14
4.395760969103733556e-14
3.186675574165958144e-14
2.304327382271679231e-14
1.661989502650111892e-14
1.195748979729631750e-14
8.580381512312192857e-15
6.140512716121479734e-15
4.383157818716640464e-15
3.120826649534430545e-15
2.215849085100162529e-15
1.569114593624683265e-15
1.107946229924816109e-15
7.805567470414718384e-16
5.481410712939544156e-16
3.831171603294707349e-16
2.678774278682291240e-16
1.867808048394656500e-16
1.287914508944504339e-16
8.894225311582575499e-17
6.163003972377435898e-17
4.271114679628248995e-17
2.927845203284910081e-17
1.959898264989881489e-17
1.425615079477093963e-17
9.670939330484370093e-18
6.580921039902880993e-18
4.139090389882882945e-18
3.230206142960930549e-18
2.116919115855396488e-18
1.369144058744640815e-18
1.027600744672243609e-18
8.453909350510249796e-19
7.584329343014477568e-19
1.390893571934627662e-19
2.576913023696505026e-20
2.634270646385159317e-19
1.345524055690835620e-19
5.000603553469554737e-19
1.117290514125301176e-19
2.758076816996802635e-19
7.936986915138523386e-20
6.094974821343174553e-20
3.541575365730061200e-19
7.217031450261205084e-20
1.518965667537645667e-19
1.556172375715587604e-19
0.000000000000000000e+00
4.289635054497205768e-20
0.000000000000000000e+00
3.361494018585026196e-19
0.000000000000000000e+00
1.358743190524863496e-19
5.414215695162961898e-19
6.655114854706877818e-20
7.410054107793352661e-19
0.000000000000000000e+00
2.459819448729888201e-19
5.584563628348401257e-20
2.451594829559514344e-19
4.946720203618948902e-20
4.187156378513851641e-20
1.388149641192672437e-19
4.431553940281168823e-19
0.000000000000000000e+00
3.792076424807891759e-20
3.512577556404128940e-20
0.000000000000000000e+00
4.289506772586054876e-19
4.434669943801952779e-19
5.459732373125857644e-19
5.795696280885441624e-20
0.000000000000000000e+00
4.331730769088595551e-19
0.000000000000000000e+00
4.344999897964213049e-19
0.000000000000000000e+00
2.346669365613158551e-19
5.414620622215738939e-19
1.555514939135064932e-19
4.297310288721233368e-20
1.359451310457349891e-19
3.819028777976991444e-20
3.321038927657256866e-19
1.417601966165731467e-19
1.356044755524542670e-19
1.340116156699016949e-19
3.276648221468604565e-20
0.000000000000000000e+00
2.233248619097769417e-19
2.827371617767376272e-20
0.000000000000000000e+00
2.180507792924076432e-19
5.230073454329063367e-19
1.335298074172288725e-19
0.000000000000000000e+00
1.949279334027652427e-20
1.769598154500687235e-20
5.158768633013847993e-19
1.289850636150823051e-19
0.000000000000000000e+00
5.168116819040728341e-19
4.291347649812375907e-19
2.984751695588289966e-20
2.116258282635381662e-20
4.189153846128426578e-19
2.667586512183573898e-20
1.186782816166137435e-19
1.910056712446704501e-20
1.507271689083457294e-20
1.281676419306187901e-20
0.000000000000000000e+00
1.087115561834010139e-19
9.506830572751058995e-21
3.068132402723375937e-19
1.113483791345771481e-19
9.396088101806404781e-21
6.952950777610267358e-21
5.059362431566251598e-19
0.000000000000000000e+00
3.075932758401929892e-19
1.108307475906660505e-19
3.095094862102160792e-19
0.000000000000000000e+00
5.076689602599286926e-19
0.000000000000000000e+00
0.000000000000000000e+00
0.000000000000000000e+00
5.042403511298745409e-19
2.071013017780619260e-19
1.057895250182870807e-19
0.000000000000000000e+00
2.029428644693049249e-19
2.027418835468016136e-19
4.022447605875398965e-19
2.020674089733116607e-19
2.054545188181854335e-22
2.574345235955006713e-23
3.168411141802520885e-24
3.376026635573903145e-25
3.785173593478768453e-26
3.935546944227750811e-27
3.711611484623923959e-28
3.562994758169986828e-29
3.781733772965007307e-30
4.604397519854649430e-31
6.072159014267307907e-32
7.963042341874358127e-33
9.862489824202455434e-34
1.139843655804720993e-34
1.248986856830061488e-35
1.336323374037928436e-36
1.445961845955106654e-37
1.613772534970595439e-38
1.866067549794149417e-39
2.213605645654151323e-40
2.649076697507159488e-41
3.146930079575699385e-42
3.670919778513677529e-43
4.189250814481899451e-44
4.689572150481026521e-45
5.186009239293152573e-46
5.715339552398157718e-47
6.323962479241259884e-48
7.051026748664095377e-49
7.915888561405249585e-50
8.917523956270073656e-51
1.004808587941370049e-51
1.131460594938155298e-52
1.275677460869712640e-53
1.444928136018758888e-54
1.648502983028775778e-55
1.894614202478668631e-56
2.187651764332568542e-57
2.526921650270474067e-58
2.907581875286810382e-59
3.323848429718983311e-60
3.774448059411034434e-61
4.271454309051103780e-62
4.857895562692232107e-63
5.652748870137075524e-64
6.981952706401053499e-65
9.773259690068752827e-66
1.674371129954436542e-66
3.593293809945544301e-67
9.110022455829376762e-68
2.520053144391441640e-68
7.217410241598162520e-69
2.086199675400220021e-69
6.019856206054147004e-70
1.726329347080668987e-70
4.911006370964678573e-71
1.384808851252583804e-71
3.869259838112661105e-72
1.071033657640904046e-72
2.936717202058276302e-73
7.975581661753984704e-74
2.145187538960136959e-74
5.713912201691213465e-75
1.507059014431130611e-75
3.935665783901707981e-76
1.017559870137857659e-76
2.604460176790844311e-77
6.598621904252878770e-78
1.654732932062929882e-78
4.106791614581301555e-79
1.008644285950176635e-79
2.451286608243023089e-80
5.894276316968279497e-81
1.402188585377092373e-81
3.299747048890341660e-82
7.680888275829354482e-83
1.768302877305783331e-83
4.025998674950691675e-84
9.063986674426654734e-85
2.017669154900485641e-85
4.440395362773889797e-86
9.660280736859961969e-87
2.077347784010161466e-87
4.415038161666349667e-88
9.272982086365995302e-89
1.924498126484510491e-89
3.946222412404672680e-90
7.993996821358558563e-91
1.599618968973689441e-91
3.161480840583271433e-92
6.170732492187696751e-93
1.189337759814331279e-93
2.263318213567601246e-94
4.252134392680289762e-95
7.885654594468966984e-96
1.443396961497910590e-96
2.607344172343232720e-97
4.647529402706052847e-98
8.173408353239534329e-99
1.418035025682339869e-99
2.426712038372505020e-100
4.095823551149583392e-101
6.817097112282349131e-102
1.118757239839421298e-102
1.810058460849873729e-103
2.886763928357365041e-104
4.537668290699035769e-105
7.029059553296203834e-106
1.072862835535115065e-106
1.613290116692657929e-107
2.389682014731023328e-108
3.486297763800508135e-109
5.008667188528632349e-110
7.085150446951049170e-111
9.866890159275215597e-112
1.352540163464733773e-112
1.824703363389608542e-113
2.422363850712321253e-114
3.163905174198937863e-115
4.065141635633503216e-116
5.137198949446312990e-117
6.384179251800332177e-118
7.800822553478456524e-119
9.370443787588264558e-120
1.106346779231014828e-120
1.283688890702161589e-121
1.463493561013478554e-122
1.639111880870285050e-123
1.803168969796902269e-124
1.948034532351963179e-125
2.066382311333510475e-126
2.151785250884166317e-127
2.199281628679514784e-128
2.205844414507932518e-129
2.170693179983946118e-130
2.095404782293786650e-131
1.983803641242992769e-132
1.841640977441210703e-133
1.676100190851061375e-134
1.495187925954783097e-135
1.307083536860219899e-136
1.119521607939492835e-137
9.392730056260406913e-139
7.717717833111278720e-140
6.209117975231074891e-141
4.890124619491885682e-142
3.769317608058780334e-143
2.842895208015348179e-144
2.097565381712205636e-145
1.513653973615100267e-146
1.068052764599232917e-147
7.367344992551751316e-149
4.966807116148627499e-150
3.271793907955955528e-151
2.105376911901919722e-152
1.323123783554031511e-153
8.118722876440804139e-155
4.862727725705857345e-156
2.842261147637666443e-157
1.620783391052469846e-158
9.014600581116952056e-160
4.888891154854136315e-161
2.584620315625326563e-162
1.331631391175211969e-163
6.684189641937104305e-165
3.267877087181556225e-166
1.555635113738811442e-167
7.208514433773531879e-169
3.250489619745000132e-170
1.425882429090430920e-171
6.082966887981426038e-173
2.522938989879491987e-174
1.016993537756447753e-175
3.982980209132686835e-177
1.515069977610002711e-178
5.595585829439668916e-180
2.005848326245468916e-181
6.976524873492527565e-183
2.353504693167176968e-184
7.697852658727975044e-186
2.440303221648213771e-187
7.495075190315072655e-189
2.229470384105364806e-190
6.420273809357130335e-192
1.789209359356701295e-193
4.823376033249471052e-195
1.257323005920509462e-196
3.167878961621564785e-198
7.711398345712908790e-200
1.812817031871594565e-201
4.113779327171262906e-203
9.007421108461005620e-205
1.902106944023356851e-206
3.872068751162715383e-208
7.594856247874944340e-210
1.434679976224587721e-211
2.608770576638853099e-213
4.563984390939061542e-215
7.678163897806122964e-217
1.241505061939657702e-218
1.928349039356066925e-220
2.875623657529402793e-222
4.114772478442484068e-224
5.646506735687875295e-226
7.426455099313990890e-228
9.356055361281925398e-230
1.128364857582432273e-231
1.301912820833855724e-233
1.436195887894808945e-235
1.513778408746666108e-237
1.523486407400866333e-239
1.463007134750462603e-241
1.339623371193991979e-243
1.168791029206963322e-245
9.709363412832093458e-248
7.673938820388158234e-250
5.766142498406950394e-252
4.115751674262830359e-254
2.788420114356748586e-256
1.791644638819261157e-258
1.090837536080863827e-260
6.287860365043743617e-263
3.428389875137512322e-265
1.766531198944224536e-267
8.593785375649647557e-270
3.943271090288097315e-272
1.704914795589605209e-274
6.938654364916806601e-277
2.655303232477263308e-279
9.544335173300685637e-282
3.218714130438080580e-284
1.017237325515086416e-286
3.009180419325122626e-289
8.321994244852274537e-292
2.148872482862625735e-294
5.174062353586394324e-297
1.160129248412428874e-299
2.418979273564138756e-302
4.683676986462270067e-305
8.408692483439823732e-308
1.397633634368646794e-310
2.147316547410699149e-313
3.044584928925503230e-316
3.977030822763698182e-319
4.792436764660091479e-322
0.000000000000000000e+00
0.000000000000000000e+00
0.000000000000000000e+00
0.000000000000000000e+00
0.000000000000000000e+00
0.000000000000000000e+00
0.000000000000000000e+00
0.000000000000000000e+00
0.000000000000000000e+00
0.000000000000000000e+00
0.000000000000000000e+00
0.000000000000000000e+00
0.000000000000000000e+00
0.000000000000000000e+00
0.000000000000000000e+00
0.000000000000000000e+00
0.000000000000000000e+00
0.000000000000000000e+00
0.000000000000000000e+00
0.000000000000000000e+00
0.000000000000000000e+00
0.000000000000000000e+00
0.000000000000000000e+00
0.000000000000000000e+00
0.000000000000000000e+00
0.000000000000000000e+00
0.000000000000000000e+00
0.000000000000000000e+00
0.000000000000000000e+00
0.000000000000000000e+00
0.000000000000000000e+00
0.000000000000000000e+00
0.000000000000000000e+00
0.000000000000000000e+00
0.000000000000000000e+00
0.000000000000000000e+00
0.000000000000000000e+00
0.000000000000000000e+00
0.000000000000000000e+00
0.000000000000000000e+00
0.000000000000000000e+00
0.000000000000000000e+00
0.000000000000000000e+00
0.000000000000000000e+00
0.000000000000000000e+00
0.000000000000000000e+00
0.000000000000000000e+00
0.000000000000000000e+00
0.000000000000000000e+00
0.000000000000000000e+00
0.000000000000000000e+00
0.000000000000000000e+00
0.000000000000000000e+00
0.000000000000000000e+00
0.000000000000000000e+00
0.000000000000000000e+00
0.000000000000000000e+00
0.000000000000000000e+00
0.000000000000000000e+00
0.000000000000000000e+00
0.000000000000000000e+00
0.000000000000000000e+00
0.000000000000000000e+00
0.000000000000000000e+00
0.000000000000000000e+00
0.000000000000000000e+00
0.000000000000000000e+00
0.000000000000000000e+00
0.000000000000000000e+00
0.000000000000000000e+00
0.000000000000000000e+00
0.000000000000000000e+00
0.000000000000000000e+00
0.000000000000000000e+00
0.000000000000000000e+00
0.000000000000000000e+00
0.000000000000000000e+00
0.000000000000000000e+00
0.000000000000000000e+00
0.000000000000000000e+00
0.000000000000000000e+00
0.000000000000000000e+00
0.000000000000000000e+00
0.000000000000000000e+00
0.000000000000000000e+00
0.000000000000000000e+00
0.000000000000000000e+00
0.000000000000000000e+00
