2.140594273891480159e-01
2.810168807099664226e-02
9.866654652437736525e-03
6.683769225265081756e-03
6.359830684980575209e-03
6.645677665156498465e-03
7.032633760192557280e-03
7.409257855503574054e-03
7.757975806585162663e-03
8.080614973219983621e-03
8.381209420202184388e-03
8.662836519295880749e-03
8.927471028856277802e-03
9.176291025790071082e-03
9.409946043195300397e-03
9.628741393333698634e-03
9.832762065588923281e-03
1.002195840926091951e-02
1.019620739553435580e-02
1.035535740986582090e-02
1.049926122851043905e-02
1.062780005520733671e-02
1.074090053342870686e-02
1.083854611829634072e-02
1.092078388542223541e-02
1.098772766330042769e-02
1.103955824419142542e-02
1.107652132590517501e-02
1.109892374874349961e-02
1.110712851151801628e-02
1.110154897569319392e-02
1.108264259702846331e-02
1.105090446010846203e-02
1.100686083348989368e-02
1.095106291229911398e-02
1.088408087114660014e-02
1.080649831305282964e-02
1.071890716932882674e-02
1.062190308048940011e-02
1.051608126865405043e-02
1.040203289682552039e-02
1.028034189924936261e-02
1.015158225910012431e-02
1.001631570441822126e-02
9.875089790007684359e-03
9.728436331444823004e-03
9.576870157042829609e-03
9.420888144257384342e-03
9.260968508322595452e-03
9.097570312674002277e-03
8.931133172768952744e-03
8.762077127127751094e-03
8.590802651691094999e-03
8.417690795845941473e-03
8.243103420662069303e-03
8.067383521967064208e-03
7.890855622846772860e-03
7.713826221976609852e-03
7.536584285861200848e-03
7.359401774584471874e-03
7.182534192055940563e-03
7.006221152981667241e-03
6.830686959906367810e-03
6.656141184667291842e-03
6.482779249486712685e-03
6.310783003713286987e-03
6.140321292914461583e-03
5.971550517630860866e-03
5.804615179638076931e-03
5.639648414026641673e-03
5.476772505818293044e-03
5.316099390188374144e-03
5.157731135668149058e-03
5.001760409961508377e-03
4.848270928232775376e-03
4.697337883910108515e-03
4.549028362205369096e-03
4.403401736680864244e-03
4.260510049298538680e-03
4.120398374469207321e-03
3.983105167683589909e-03
3.848662599353034307e-03
3.717096874518670616e-03
3.588428539106094679e-03
3.462672773408402831e-03
3.339839673477558273e-03
3.219934521091157888e-03
3.102958042943475443e-03
2.988906659683994438e-03
2.877772725397647995e-03
2.769544758087643960e-03
2.664207661685958229e-03
2.561742940079448846e-03
2.462128903600978389e-03
2.365340868396256877e-03
2.271351349039022957e-03
2.180130244729687645e-03
2.091645019376387263e-03
2.005860875823281889e-03
1.922740924458022759e-03
1.842246346400592096e-03
1.764336551447366315e-03
1.688969330919178145e-03
1.616101005538990703e-03
1.545686568444643244e-03
1.477679823424143946e-03
1.412033518445692665e-03
1.348699474541626775e-03
1.287628710094559622e-03
1.228771560565699575e-03
1.172077793698398773e-03
1.117496720225511549e-03
1.064977300105827930e-03
1.014468244313519426e-03
9.659181122042398947e-04
9.192754044825671199e-04
8.744886517975743352e-04
8.315064989963343554e-04
7.902777850688070919e-04
7.507516188219325211e-04
7.128774503256087242e-04
6.766051381783980221e-04
6.418850126462425851e-04
6.086679347330545406e-04
5.769053512477496969e-04
5.465493459378870751e-04
5.175526867656046791e-04
4.898688694069344316e-04
4.634521570608060321e-04
4.382576166587850183e-04
4.142411515713523458e-04
3.913595309106983572e-04
3.695704155339050285e-04
3.488323808538962550e-04
3.291049365686753007e-04
3.103485434219854203e-04
2.925246271108889948e-04
2.755955894575637128e-04
2.595248169640659137e-04
2.442766868698785510e-04
2.298165708326445637e-04
2.161108363527391692e-04
2.031268460622281773e-04
1.908329549982357837e-04
1.791985059798582326e-04
1.681938232066894953e-04
1.577902041954159118e-04
1.479599101692663412e-04
1.386761550129805723e-04
1.299130929037249703e-04
1.216458047258287846e-04
1.138502833744739267e-04
1.065034180505978350e-04
9.958297764614399534e-05
9.306759331558208466e-05
8.693674032625080619e-05
8.117071927666811703e-05
7.575063676830049407e-05
7.065838561275716617e-05
6.587662465269358836e-05
6.138875827091193728e-05
5.717891565853188047e-05
5.323192990931122803e-05
4.953331700346254405e-05
4.606925474064708329e-05
4.282656167814255412e-05
3.979267612654507268e-05
3.695563525183869554e-05
3.430405432912023183e-05
3.182710618990766194e-05
2.951450090155794214e-05
2.735646571409845030e-05
2.534372530668127307e-05
2.346748236269059312e-05
2.171939849972876651e-05
2.009157557780261101e-05
1.857653740631608929e-05
1.716721186790526614e-05
1.585691347464953803e-05
1.463932636983832884e-05
1.350848778622383087e-05
1.245877196958716695e-05
1.148487457442410540e-05
1.058179753669840790e-05
9.744834426814216784e-06
8.969556284361951455e-06
8.251797934606480510e-06
7.587644785307144451e-06
6.973420101115860534e-06
6.405672751632037641e-06
5.881165428039093183e-06
5.396863322298681274e-06
4.949923261929988204e-06
4.537683292612467226e-06
4.157652700093415839e-06
3.807502462291863206e-06
3.485056121867054117e-06
3.188281069070354000e-06
2.915280224294181856e-06
2.664284109350612674e-06
2.433643296261121005e-06
2.221821222123214665e-06
2.027387358420557731e-06
1.849010723074233160e-06
1.685453723446800721e-06
1.535566318494329873e-06
1.398280488295335370e-06
1.272604999243148142e-06
1.157620453282860844e-06
1.052474609715356796e-06
9.563779682212401146e-07
8.685996019796260729e-07
7.884632299232730803e-07
7.153435174196205965e-07
6.486625949094651776e-07
5.878867842789352942e-07
5.325235230246271401e-07
4.821184765468485032e-07
4.362528291931520437e-07
3.945407449754827244e-07
3.566269891863713566e-07
3.221847024349529011e-07
2.909133189323810139e-07
2.625366211891346670e-07
2.368009235405209621e-07
2.134733772738042071e-07
1.923403904023029560e-07
1.732061554316164403e-07
1.558912787794924247e-07
1.402315057613767527e-07
1.260765353685947832e-07
1.132889193320460608e-07
1.017430402180786770e-07
9.132416359544048476e-08
8.192755952883724431e-08
7.345768894136683607e-08
6.582745058163115001e-08
5.895748461415785338e-08
5.277552899791057582e-08
4.721582513674767696e-08
4.221856936862182406e-08
3.772940715583653327e-08
3.369896697771649771e-08
3.008243109787762768e-08
2.683914060578420417e-08
2.393223221687679074e-08
2.132830453255127789e-08
1.899711158881287569e-08
1.691128164978341067e-08
1.504605936664906397e-08
1.337906949498917895e-08
1.189010055796841519e-08
1.056090688469912687e-08
9.375027590933076539e-09
8.317621186813530495e-09
7.375314540331497801e-09
6.536065073114629805e-09
5.789035095172339220e-09
5.124477305233218568e-09
4.533630521659861592e-09
4.008624816258133236e-09
3.542395234557800060e-09
3.128603409728658519e-09
2.761566371452646376e-09
2.436191954594097266e-09
2.147920222562725386e-09
1.892670380182943273e-09
1.666792715687149468e-09
1.467025095060895193e-09
1.290453630528002893e-09
1.134477133114306293e-09
9.967750041261311682e-10
8.752782740526780922e-10
7.681434686505426631e-10
6.737290675728342263e-10
5.905742957621993331e-10
5.173800431921121093e-10
4.529916987437077899e-10
3.963837241077773783e-10
3.466457999904178803e-10
3.029703931358475642e-10
2.646415998194119671e-10
2.310251542229639848e-10
2.015594721508381735e-10
1.757476384387847614e-10
1.531502388228964155e-10
1.333789542406775950e-10
1.160908349248256261e-10
1.009831959901187652e-10
8.778905715117186442e-11
7.627308414106136709e-11
6.622796588582790712e-11
5.747119992111078101e-11
4.984222170065352985e-11
4.319986074336991039e-11
3.742007689498170288e-11
3.239394937719584157e-11
2.802590040379189710e-11
2.423211073581160870e-11
2.093912002000490120e-11
1.808259176853593714e-11
1.560621219896751306e-11
1.346072580586709206e-11
1.160307538329307819e-11
9.995647296983822192e-12
8.605606069501396727e-12
7.404304358142045349e-12
6.366765418036426993e-12
5.471227057586280815e-12
4.698740688778169563e-12
4.032817251199874556e-12
3.459119283894620915e-12
2.965185902344720052e-12
2.540195708615304146e-12
2.174757763621307374e-12
1.860727055794063949e-12
1.591042483550135508e-12
1.359590337789608795e-12
1.161075703167902906e-12
9.909214893187587602e-13
8.451687934278262102e-13
7.203983110819754186e-13
6.136580419158532236e-13
5.224013184624144127e-13
4.444323272695477602e-13
3.778595774703062112e-13
3.210536787731609191e-13
2.726129309471960696e-13
2.313324193251265707e-13
1.961774266142983811e-13
1.662575861105517835e-13
1.408102746604695105e-13
1.191809795017348064e-13
1.008076323361239118e-13
8.521250492608804429e-14
7.198266877904087340e-14
6.076811812586610283e-14
5.126723417576963702e-14
4.322332535878918554e-14
3.641749533811153392e-14
3.066323178775764628e-14
2.580131442662210664e-14
2.169610866051451568e-14
1.823168906379315603e-14
1.531049334563592150e-14
1.284898729828493539e-14
1.077618995832100787e-14
9.031406444980641758e-15
7.564423610681074207e-15
6.331511590813218484e-15
5.295542437076985976e-15
4.426701607928248164e-15
3.697216746159079982e-15
3.086227763784461653e-15
2.574460969748797353e-15
2.146255778940736373e-15
1.787827214749516755e-15
1.488372275680768570e-15
1.238100949109337353e-15
1.029447752628184971e-15
8.549208895634055567e-16
7.097733306811606704e-16
5.886553606463487765e-16
4.879053465934838667e-16
4.042169733031048655e-16
3.348035054693676505e-16
2.767210641079637241e-16
2.284030025065348010e-16
1.889575875467929198e-16
1.558788757840833280e-16
1.284140753031787761e-16
1.057758357658564892e-16
8.729921574864418653e-17
7.141290672003642756e-17
5.865066976376758183e-17
4.824845545968010464e-17
3.971012669629876989e-17
3.241648502865337215e-17
2.667735556410799137e-17
2.191538182062282547e-17
1.804903175137438784e-17
1.493118687038722098e-17
1.210287294763361798e-17
9.887180006755163644e-18
8.087573832372877411e-18
6.615416228881592314e-18
5.709714139463674542e-18
4.477376587625781565e-18
3.667184561974836219e-18
2.971077601170239872e-18
2.349714703397689219e-18
2.126890192515983138e-18
1.568051509674684269e-18
1.590216302035979890e-18
1.250773392819350783e-18
9.672134059559370725e-19
7.580853889112125548e-19
6.196236541322094128e-19
5.131462542184933383e-19
2.776887479494271696e-19
2.016596944142533508e-19
6.893629252168487603e-20
2.464913367357378997e-19
2.137236766595205616e-19
1.834935255196206932e-19
2.333074153500921130e-19
1.454481998460698921e-19
1.602030683641472995e-19
1.904432178264438189e-19
7.328048002762859358e-20
8.583304899444790690e-20
2.672585829259747182e-19
1.800115605765854584e-19
1.332153005805539749e-20
1.027769572702653399e-19
2.203303417343466720e-19
2.306439145956496488e-19
8.713613129198262744e-20
0.000000000000000000e+00
1.288369205441513742e-19
1.416140874188648660e-19
6.819902095601941782e-20
2.058347218757239157e-19
1.893542722940304203e-19
2.631537417982572441e-19
1.627721715329814633e-19
1.432448660967693679e-19
6.972504845361749301e-20
0.000000000000000000e+00
8.888028275663171484e-20
1.730274536724170553e-19
1.479054314215017652e-19
2.892371407439914303e-19
2.782876882824902046e-19
5.427291725570920870e-20
2.450223935855515668e-19
2.368978901254418056e-19
1.945079921947659954e-19
8.229862647755671875e-20
2.526536851230516795e-19
2.034385582222806363e-19
2.357064585536517919e-19
9.102958980392043734e-20
7.044678827800992687e-20
2.165172969753840377e-19
1.629066591073673869e-19
2.685743651313491616e-19
1.724769764861707080e-19
1.926501105391107192e-19
0.000000000000000000e+00
1.785286379775906347e-19
8.515252755408426190e-20
3.710592799154862950e-19
1.872637912265237341e-19
1.360384043768415042e-20
0.000000000000000000e+00
1.769327849953005727e-19
0.000000000000000000e+00
1.022925500424588408e-19
1.476734934460147079e-19
2.272629126701682058e-19
1.364907438400542931e-20
6.381559246759605641e-20
6.418061814550140744e-20
1.378143372334240697e-19
2.968340204688304370e-19
2.065768154805741197e-19
0.000000000000000000e+00
2.481340987325618697e-19
2.374352588648708986e-19
8.253042726879463116e-20
1.035072310595778773e-19
2.186590504604870954e-19
3.078474388989136711e-19
2.086021953225839197e-19
1.013595007639638067e-20
2.517061687298462540e-20
1.340350094714456759e-19
1.462088333215324659e-19
0.000000000000000000e+00
2.079490571037449481e-19
7.457444559293585292e-20
6.150747768787105365e-20
5.842555333239946079e-20
1.316675388852490688e-19
0.000000000000000000e+00
1.271504817766969651e-19
6.245666368526483924e-20
0.000000000000000000e+00
1.229508467360694798e-19
1.708062451865117052e-19
2.521520364600483277e-19
2.250874792779469385e-19
7.271422197221813778e-20
3.910066064829670249e-19
9.327236668546501301e-20
5.886794450776579074e-20
9.063688669055416108e-20
0.000000000000000000e+00
0.000000000000000000e+00
4.626185560007647539e-20
8.490649213534639301e-20
0.000000000000000000e+00
1.184962150708640589e-19
3.528976540157303607e-19
1.943377129338005768e-19
2.156198976873329844e-19
0.000000000000000000e+00
4.682170630967485418e-20
4.659922548693893876e-20
1.954840474882555541e-19
6.273000006093116572e-20
4.778937549004053336e-20
1.197334500146700044e-19
0.000000000000000000e+00
0.000000000000000000e+00
3.764557252339141156e-19
5.011843598936072970e-21
0.000000000000000000e+00
3.962976273494498752e-20
1.151255653862719528e-19
4.806776438594209473e-20
1.901722389295399388e-19
9.317883300496587491e-20
0.000000000000000000e+00
0.000000000000000000e+00
0.000000000000000000e+00
0.000000000000000000e+00
0.000000000000000000e+00
1.062195808518549212e-19
4.007113721004014842e-20
3.259471569239155114e-20
0.000000000000000000e+00
1.778178293065014383e-19
4.099210492534817112e-20
3.010464293727224720e-20
6.527329183004057116e-20
1.815052792186980032e-19
7.710267698554342665e-20
0.000000000000000000e+00
4.378328117452715404e-19
1.452124381937677534e-19
1.182245442085371657e-19
2.273970603361210053e-19
2.020696416086336271e-19
5.119135389586462462e-20
3.627872418752900968e-20
7.141743764272129974e-20
3.800353332197622235e-20
3.375912242999379873e-20
1.450628696600215157e-19
1.190487608956770203e-19
2.291629004065019696e-19
5.355624868974175518e-20
1.866388101314994734e-19
1.244382361411659956e-19
4.435613832381178142e-20
3.621778360837639051e-20
3.455520763648227935e-20
3.368309030614174491e-20
2.576601757048802619e-19
1.671052205880000623e-19
4.812162478689896452e-20
3.357933556409702559e-19
6.374956625713144234e-20
7.725511305133554271e-20
3.029469338822351112e-19
1.369538733089985356e-19
2.355735062252982956e-19
1.702655867229586346e-19
0.000000000000000000e+00
1.141928035387502412e-19
1.588975291163947711e-19
0.000000000000000000e+00
1.886384129564859454e-19
3.152649465983529088e-19
0.000000000000000000e+00
0.000000000000000000e+00
1.133638473264394742e-19
4.325020083272423619e-20
2.639425733025223959e-19
3.584686758744936533e-19
0.000000000000000000e+00
0.000000000000000000e+00
1.133265601864657147e-19
1.206489049241370210e-19
2.310502853719553594e-19
9.360481413917789747e-20
4.546280397041439346e-20
7.706644917489633280e-20
4.204750304345487355e-20
1.501491247970904921e-19
4.668564706474795438e-20
0.000000000000000000e+00
1.087248264503640325e-19
1.527172158993001356e-19
0.000000000000000000e+00
0.000000000000000000e+00
1.057065636494253887e-19
0.000000000000000000e+00
1.794477467281916457e-19
4.191464565740043213e-20
0.000000000000000000e+00
0.000000000000000000e+00
0.000000000000000000e+00
0.000000000000000000e+00
0.000000000000000000e+00
9.739535452825530377e-20
2.838661104544147553e-20
2.257694703837954294e-20
1.708773944888163785e-19
3.235769229784758310e-20
0.000000000000000000e+00
1.315506421200752553e-19
2.826007817341009288e-20
2.018775074071941887e-20
1.309875702946875121e-19
1.769814034975521195e-19
3.119029777008132318e-20
0.000000000000000000e+00
1.790266587820857127e-20
2.425019396244569483e-19
1.444421972531026407e-19
0.000000000000000000e+00
9.401724713523359881e-20
2.426392638303639327e-20
3.938663100052901801e-19
4.706722676477554825e-20
2.865430043668517526e-19
0.000000000000000000e+00
0.000000000000000000e+00
2.465452457831780794e-19
0.000000000000000000e+00
2.392314354454397186e-20
1.355650634225641493e-19
1.061753072934732736e-19
1.044630435777169943e-19
1.793267996580127494e-19
4.097032542949094572e-19
2.776244664179792193e-19
4.661521443373295961e-20
0.000000000000000000e+00
0.000000000000000000e+00
3.266522071489300958e-19
1.610183929019606268e-19
1.148116905761057144e-19
3.360963577616401150e-19
0.000000000000000000e+00
2.197838495262362511e-19
8.206978585677408818e-20
2.241215503952047637e-19
0.000000000000000000e+00
1.076244939526527760e-19
7.457824954410879990e-20
3.533611865041001306e-20
0.000000000000000000e+00
2.916790632093600417e-20
3.286037751018307864e-19
1.976985614601612638e-19
0.000000000000000000e+00
0.000000000000000000e+00
1.775417889796773049e-19
0.000000000000000000e+00
0.000000000000000000e+00
2.129556532763731684e-19
1.497949562576529101e-19
0.000000000000000000e+00
1.006274531384649710e-19
1.794190437323726760e-19
1.093090801763358768e-19
0.000000000000000000e+00
0.000000000000000000e+00
2.273680485192373410e-20
3.220589916324509682e-19
3.985928199752244375e-20
1.371757149875219563e-19
2.953606338070927782e-20
2.306928327615070835e-20
5.911247487520812273e-20
2.342620586924939929e-20
5.791437607331755223e-20
9.697212982592972552e-20
1.715611487809159385e-19
1.003007920644867582e-19
0.000000000000000000e+00
0.000000000000000000e+00
1.682535878162212858e-20
1.637956772302748055e-20
9.052613124493404811e-20
2.438328317477018019e-19
6.516416032859459615e-20
1.948482496723667305e-20
1.657381460365927927e-19
2.105893816214119533e-19
0.000000000000000000e+00
1.677503456780140197e-20
5.337452080619861110e-20
1.301557358560323317e-19
9.648246388745614603e-20
9.332429200008224765e-20
9.438141441966263862e-20
0.000000000000000000e+00
0.000000000000000000e+00
8.905606289434287957e-20
1.301011595207063381e-19
2.016756125154227515e-20
5.213307323460179404e-20
1.592805217320819896e-20
3.506717307014245486e-19
2.982051169669057642e-20
0.000000000000000000e+00
1.639195822972557887e-19
2.084964742398560150e-19
2.436180148020255270e-20
1.621566576187774811e-20
2.772439562085675288e-19
0.000000000000000000e+00
0.000000000000000000e+00
3.520547494567254273e-19
6.811071200192935828e-20
2.008456175470113890e-20
2.415688436202418414e-19
2.121381563877643864e-19
1.761805652516353373e-19
2.540674568592780054e-20
1.894414511237839510e-20
1.302122041708955416e-19
2.471927321049526744e-19
2.526268762130777745e-19
2.914546241991031909e-19
2.941654775227179769e-19
0.000000000000000000e+00
2.230719134057677399e-20
2.087172576631803722e-19
0.000000000000000000e+00
3.583906789373135670e-19
0.000000000000000000e+00
1.720660501679382836e-19
0.000000000000000000e+00
2.457638220641946524e-19
2.916635469512123813e-19
1.821705159728215794e-19
0.000000000000000000e+00
1.717818190825236686e-19
1.019721325596391991e-19
1.744319097043999839e-19
3.266506985081774732e-19
1.454838151934022396e-19
1.773138887425017453e-19
2.812611438307711415e-20
2.246749004586710231e-20
2.109138330849064796e-20
2.002228081450381579e-20
1.313301290831221420e-19
0.000000000000000000e+00
1.297804769442333357e-19
2.060589811219206491e-20
2.411170804562262325e-19
0.000000000000000000e+00
0.000000000000000000e+00
1.266537894836006416e-19
1.764158375852137908e-20
8.861094995241438838e-20
0.000000000000000000e+00
4.956790606440805495e-20
1.287965958823228874e-20
1.089717694314600623e-20
4.749553676892804782e-20
1.079989721852647051e-20
2.712036030931956915e-19
0.000000000000000000e+00
9.532831368827955918e-21
0.000000000000000000e+00
3.076350134540311265e-19
0.000000000000000000e+00
4.666507057810284939e-20
1.596924825852473049e-19
2.366792696416977740e-19
0.000000000000000000e+00
1.969384470027698198e-19
1.645088748237040771e-19
2.392869808970135951e-19
0.000000000000000000e+00
1.236800379335461281e-19
1.403893757325363514e-20
8.597055986428190068e-20
0.000000000000000000e+00
9.883293410600031882e-21
4.214445249781193894e-19
2.009884626262568638e-20
8.617959046954789387e-20
1.210137038283998999e-20
0.000000000000000000e+00
8.411149310993972104e-20
0.000000000000000000e+00
2.704875937112961891e-19
1.440687741209008560e-20
8.387700469147073572e-20
2.347031511108555574e-19
2.758464165241310564e-19
1.544910491800577848e-20
4.749308999932992820e-20
4.773757645480657102e-20
1.001824844352961418e-20
0.000000000000000000e+00
7.866247972811814805e-21
7.323520490616984426e-21
1.940372939424994100e-19
4.782662005185439596e-20
1.576713725360292408e-19
8.458438633780706414e-20
1.207978094635747075e-19
9.139320163932555856e-21
2.690833658273848220e-19
1.990674975813611941e-19
1.134495195809374383e-20
1.203224450145854617e-19
2.718929886332464714e-19
0.000000000000000000e+00
4.582701395479637136e-20
8.351614906816894791e-20
8.832110674461923397e-21
3.818843249206677412e-19
0.000000000000000000e+00
0.000000000000000000e+00
7.019577445981572365e-21
6.487887508412571549e-21
0.000000000000000000e+00
1.925862723388524073e-19
1.577902442817012838e-19
0.000000000000000000e+00
8.030213209011553950e-20
0.000000000000000000e+00
4.725917031261053683e-21
0.000000000000000000e+00
4.123202038298137163e-20
0.000000000000000000e+00
1.155548805889321915e-19
4.480116349061630744e-21
0.000000000000000000e+00
1.149864130889168364e-19
3.913032932894103197e-21
2.585291699483186862e-21
3.972648064505168563e-20
0.000000000000000000e+00
1.143476634551538646e-19
3.184671418170494035e-21
1.518798307845909656e-19
0.000000000000000000e+00
0.000000000000000000e+00
2.642085086898753045e-19
4.696977026242121975e-21
1.150669343846681838e-19
1.534814996638755556e-19
1.165760831719250797e-19
0.000000000000000000e+00
1.903967608164320796e-19
4.569055101735151257e-21
0.000000000000000000e+00
7.766082267929216430e-20
3.040160218405899951e-21
0.000000000000000000e+00
1.926534009752901252e-21
1.612982373204468796e-21
2.261152449708554529e-19
1.523677337867930319e-19
1.524533668174879905e-19
0.000000000000000000e+00
2.267694812811264953e-19
0.000000000000000000e+00
0.000000000000000000e+00
1.764074763374831883e-21
1.887763439391153925e-19
2.196412180706830295e-21
0.000000000000000000e+00
0.000000000000000000e+00
0.000000000000000000e+00
1.505117043123860104e-19
0.000000000000000000e+00
6.692001860618150777e-22
5.071867962463044446e-22
3.627042600651466260e-22
1.875704166531984685e-19
6.949297665234066716e-22
7.532636080905768747e-20
2.626928647685085994e-19
1.880891228292966836e-19
3.813340439326331643e-20
7.522345973529730875e-20
5.537914789359431170e-23
3.726996954651908560e-24
2.537976320799343484e-25
2.575367331945952280e-26
3.482565877409480007e-27
4.716003467592819560e-28
6.184361820131783450e-29
7.598204277234563300e-30
8.551483816232997630e-31
9.123266617294947890e-32
9.800537212356504282e-33
1.109126324911645386e-33
1.290991572820892645e-34
1.458303142741489996e-35
1.551234482374593472e-36
1.567024036409086310e-37
1.560552533060136507e-38
1.594431359755980530e-39
1.723116410784220503e-40
1.980809840514328726e-41
2.385425470357823642e-42
2.944567015930471466e-43
3.657648652038185343e-44
4.514513660873356523e-45
5.493230734357564260e-46
6.559525166383473032e-47
7.669937450069064590e-48
8.780647799977145777e-49
9.862290485678442021e-50
1.091684003729730737e-50
1.198814639035751873e-51
1.315787188721579050e-52
1.452544994653680964e-53
1.618000618881642003e-54
1.817699168337037196e-55
2.052914738747063021e-56
2.321265343215278384e-57
2.618104594702269056e-58
2.937737981144715522e-59
3.274056010111504561e-60
3.621056720520176086e-61
3.974248852193090520e-62
4.333632698949903223e-63
4.707988925049761729e-64
5.119183527483080156e-65
5.604756095898178295e-66
6.217440677679118163e-67
7.021237992629243621e-68
8.084724800404981510e-69
9.473012275441107820e-70
1.123995102487625696e-70
1.342188800662639174e-71
1.603373903021875982e-72
1.906760449859460607e-73
2.249378369881532143e-74
2.626384786857041170e-75
3.031532976469460817e-76
3.457749502401102888e-77
3.897757519496942075e-78
4.344683750150423759e-79
4.792601596749138353e-80
5.236992056398150944e-81
5.675135485067997153e-82
6.106464409121360863e-83
6.532900871963597858e-84
6.959175959014378975e-85
7.393101461436882360e-86
7.845753788430224582e-87
8.331548628286596988e-88
8.868227095472788761e-89
9.476824136515214073e-90
1.018172844533893940e-90
1.101095498724643536e-91
1.199672895532172408e-92
1.317642347510995468e-93
1.459380932383166831e-94
1.630047748009638367e-95
1.835720627182254293e-96
2.083499010390194845e-97
2.381544725327793005e-98
2.739038500561063011e-99
3.166040343187270608e-100
3.673252674373646839e-101
4.271692150282889335e-102
4.972276937487872668e-103
5.785331879535005777e-104
6.720009296630489557e-105
7.783625145848232708e-106
8.980925208233380380e-107
1.031332612735798261e-107
1.177821772208587026e-108
1.336845640812183866e-109
1.507221188554145764e-110
1.687333839570977002e-111
1.875242065226671466e-112
2.068859331187665605e-113
2.266215937101956667e-114
2.465794992089378344e-115
2.666928887088693659e-116
2.870236185688185857e-117
3.078074295343010850e-118
3.294980435042188367e-119
3.528071753539243431e-120
3.787374465228776991e-121
4.086051439136435593e-122
4.440498262217234453e-123
4.870280369036965437e-124
5.397889532746851102e-125
6.048307712545562697e-126
6.848380112901551910e-127
7.826016561694729822e-128
9.009259306221257330e-129
1.042527381705528284e-129
1.209933478461619825e-130
1.405389007203480770e-131
1.630778942058206525e-132
1.887576140829315451e-133
2.176821154021038413e-134
2.499139717699325964e-135
2.854801285077328624e-136
3.243819475620745877e-137
3.666092902552624526e-138
4.121582858629342016e-139
4.610523184577890571e-140
5.133657628136565709e-141
5.692501253139884102e-142
6.289624814470275683e-143
6.928963954691517311e-144
7.616157738706776088e-145
8.358922347614163602e-146
9.167464656569316642e-147
1.005493623446225368e-147
1.103792102730480228e-148
1.213694056228453523e-149
1.337695087129147758e-150
1.478779820855652681e-151
1.640459906307303697e-152
1.826801658931261764e-153
2.042442187914959890e-154
2.292595412038664270e-155
2.583052608665870311e-156
2.920185593644288295e-157
3.310963682589896701e-158
3.762997575868035568e-159
4.284623661301397297e-160
4.885040566258641682e-161
5.574506038583147321e-162
6.364596655366135357e-163
7.268526022933198393e-164
8.301509838218572575e-165
9.481159322079529887e-166
1.082787894534486987e-166
1.236524069453823072e-167
1.412030572702263287e-168
1.612386518526448309e-169
1.841057493083493734e-170
2.101896358639446848e-171
2.399129906390395230e-172
2.737330536662864574e-173
3.121372883000851909e-174
3.556376146426063453e-175
4.047633945962403287e-176
4.600534833059559627e-177
5.220478384496309009e-178
5.912794083196977184e-179
6.682673060341967685e-180
7.535126144870821361e-181
8.474985354748181787e-182
9.506969628448591179e-183
1.063583875989157459e-183
1.186666159397932060e-184
1.320522495956416591e-185
1.465860800931715699e-186
1.623594218757782346e-187
1.794936976223900632e-188
1.981520381534214692e-189
2.185528017097529319e-190
2.409847762056265815e-191
2.658236790309678051e-192
2.935494230565922851e-193
3.247634865452093930e-194
3.602056206479306285e-195
4.007690623927330568e-196
4.475134037072213361e-197
5.016743067418715474e-198
5.646693596265334745e-199
6.380995401723896733e-200
7.237460014999540772e-201
8.235622146123759569e-202
9.396618973060033165e-203
1.074303621552911665e-203
1.229873512549941532e-204
1.408868015364122590e-205
1.613879285095680216e-206
1.847586321440026322e-207
2.112755480624577201e-208
2.412254420494215019e-209
2.749083848674596646e-210
3.126431679626186194e-211
3.547754511251934424e-212
4.016892109918889347e-213
4.538222804725119360e-214
5.116873500368685957e-215
5.759012196089038282e-216
6.472283901050697160e-217
7.266525491302308191e-218
8.155061072326135051e-219
9.157244734130060714e-220
1.030371573830392424e-220
1.164756531643751361e-221
1.328836371632631500e-222
1.542406555273434987e-223
1.846309883067670895e-224
2.326580809986323966e-225
3.166267318771789765e-226
4.756204866087901986e-227
7.930781520399542584e-228
1.446749199688849810e-228
2.814063149948412099e-229
5.693365381918122121e-230
1.176628862104549908e-230
2.455960825346428066e-231
5.143683899065594621e-232
1.077026996049691001e-232
2.250222205453763782e-233
4.686085730248957326e-234
9.721461460710483988e-235
2.008411169210748724e-235
4.131396277260942555e-236
8.460963824242966325e-237
1.725021236168056235e-237
3.501086438487097936e-238
7.073464410770546615e-239
1.422565761356920425e-239
2.847834369454889889e-240
5.674811610039515691e-241
1.125576689636554942e-241
2.222175976551725334e-242
4.366710776050254886e-243
8.540749491291019279e-244
1.662631806451793690e-244
3.221422541478205719e-245
6.212176096816171344e-246
1.192277106545968556e-246
2.277408482502400578e-247
4.329401047784599073e-248
8.190882597734992006e-249
1.542206034359468530e-249
2.889719532674488908e-250
5.388443600713631300e-251
9.999034479393074883e-252
1.846428773991141410e-252
3.392965812176567955e-253
6.204281142661695792e-254
1.128914667169800237e-254
2.044000463519750451e-255
3.682507402086471914e-256
6.601483395091166137e-257
1.177516990384367300e-257
2.089839865901837757e-258
3.690382860823837317e-259
6.483877522036398943e-260
1.133432042002298159e-260
1.971268509785540810e-261
3.410970585819900624e-262
5.871976375084016005e-263
1.005673416533597902e-263
1.713515997491194835e-264
2.904490911394490804e-265
4.897727916333933308e-266
8.215880966975197963e-267
1.371009655505921717e-267
2.275861277647151291e-268
3.758044607187972161e-269
6.172781204989968540e-270
1.008543298958158454e-270
1.639059775811936172e-271
2.649558111643935369e-272
4.260124741043876254e-273
6.812917886186262686e-274
1.083671598738054235e-274
1.714382072665051731e-275
2.697457336919181805e-276
4.221144440475054780e-277
6.569405716990343446e-278
1.016795796305518270e-278
1.565109383473178726e-279
2.395799194906338631e-280
3.647055179338477917e-281
5.520925036346237577e-282
8.310943347173072935e-283
1.244082181977691616e-283
1.851822591276577928e-284
2.740895580060550203e-285
4.033848788503440638e-286
5.902988232756228991e-287
8.588958990544322566e-288
1.242557627364929122e-288
1.787273433548857139e-289
2.555965114267440128e-290
3.634120116479902188e-291
5.137064273472532136e-292
7.219264931341196861e-293
1.008611859833308569e-293
1.400874027666903127e-294
1.934233005258457897e-295
2.654874030472926448e-296
3.622389626406816288e-297
4.913072398859400004e-298
6.623820165886988117e-299
8.876705941884448087e-300
1.182424956086987944e-300
1.565540385992721601e-301
2.060223496560939792e-302
2.694723215467093463e-303
3.503112720222611350e-304
4.526103588210597527e-305
5.811865595758553409e-306
7.416816825189625509e-307
9.406339313030664976e-308
1.185536582999787654e-308
1.484877411047570724e-309
1.848151668377986721e-310
2.285840827560041250e-311
2.809348952423258037e-312
3.430888652487734347e-313
4.163309149135661504e-314
5.019860151741214426e-315
6.013887049725027775e-316
7.158455384388091023e-317
8.465903773306010959e-318
9.947320087109321422e-319
1.161202487420681753e-319
1.346328884917396833e-320
1.551366127941514149e-321
1.729229760444362905e-322
1.482196937523739633e-323
0.000000000000000000e+00
0.000000000000000000e+00
0.000000000000000000e+00
0.000000000000000000e+00
0.000000000000000000e+00
0.000000000000000000e+00
0.000000000000000000e+00
0.000000000000000000e+00
0.000000000000000000e+00
0.000000000000000000e+00
0.000000000000000000e+00
0.000000000000000000e+00
0.000000000000000000e+00
0.000000000000000000e+00
0.000000000000000000e+00
0.000000000000000000e+00
0.000000000000000000e+00
0.000000000000000000e+00
0.000000000000000000e+00
0.000000000000000000e+00
0.000000000000000000e+00
0.000000000000000000e+00
0.000000000000000000e+00
0.000000000000000000e+00
0.000000000000000000e+00
0.000000000000000000e+00
0.000000000000000000e+00
0.000000000000000000e+00
0.000000000000000000e+00
0.000000000000000000e+00
0.000000000000000000e+00
0.000000000000000000e+00
0.000000000000000000e+00
0.000000000000000000e+00
0.000000000000000000e+00
0.000000000000000000e+00
0.000000000000000000e+00
0.000000000000000000e+00
0.000000000000000000e+00
0.000000000000000000e+00
0.000000000000000000e+00
0.000000000000000000e+00
0.000000000000000000e+00
0.000000000000000000e+00
0.000000000000000000e+00
0.000000000000000000e+00
0.000000000000000000e+00
0.000000000000000000e+00
0.000000000000000000e+00
0.000000000000000000e+00
0.000000000000000000e+00
0.000000000000000000e+00
0.000000000000000000e+00
0.000000000000000000e+00
0.000000000000000000e+00
0.000000000000000000e+00
0.000000000000000000e+00
0.000000000000000000e+00
0.000000000000000000e+00
0.000000000000000000e+00
0.000000000000000000e+00
0.000000000000000000e+00
0.000000000000000000e+00
0.000000000000000000e+00
0.000000000000000000e+00
0.000000000000000000e+00
0.000000000000000000e+00
0.000000000000000000e+00
0.000000000000000000e+00
0.000000000000000000e+00
0.000000000000000000e+00
0.000000000000000000e+00
0.000000000000000000e+00
0.000000000000000000e+00
0.000000000000000000e+00
0.000000000000000000e+00
0.000000000000000000e+00
0.000000000000000000e+00
0.000000000000000000e+00
0.000000000000000000e+00
0.000000000000000000e+00
0.000000000000000000e+00
0.000000000000000000e+00
0.000000000000000000e+00
0.000000000000000000e+00
0.000000000000000000e+00
0.000000000000000000e+00
0.000000000000000000e+00
0.000000000000000000e+00
0.000000000000000000e+00
0.000000000000000000e+00
0.000000000000000000e+00
0.000000000000000000e+00
0.000000000000000000e+00
0.000000000000000000e+00
0.000000000000000000e+00
0.000000000000000000e+00
0.000000000000000000e+00
0.000000000000000000e+00
0.000000000000000000e+00
0.000000000000000000e+00
0.000000000000000000e+00
0.000000000000000000e+00
0.000000000000000000e+00
0.000000000000000000e+00
0.000000000000000000e+00
0.000000000000000000e+00
0.000000000000000000e+00
0.000000000000000000e+00
0.000000000000000000e+00
0.000000000000000000e+00
0.000000000000000000e+00
0.000000000000000000e+00
0.000000000000000000e+00
0.000000000000000000e+00
0.000000000000000000e+00
0.000000000000000000e+00
0.000000000000000000e+00
0.000000000000000000e+00
0.000000000000000000e+00
0.000000000000000000e+00
0.000000000000000000e+00
0.000000000000000000e+00
0.000000000000000000e+00
0.000000000000000000e+00
0.000000000000000000e+00
0.000000000000000000e+00
0.000000000000000000e+00
0.000000000000000000e+00
0.000000000000000000e+00
0.000000000000000000e+00
0.000000000000000000e+00
0.000000000000000000e+00
0.000000000000000000e+00
0.000000000000000000e+00
0.000000000000000000e+00
0.000000000000000000e+00
0.000000000000000000e+00
0.000000000000000000e+00
0.000000000000000000e+00
0.000000000000000000e+00
0.000000000000000000e+00
0.000000000000000000e+00
0.000000000000000000e+00
0.000000000000000000e+00
0.000000000000000000e+00
0.000000000000000000e+00
0.000000000000000000e+00
0.000000000000000000e+00
0.000000000000000000e+00
0.000000000000000000e+00
0.000000000000000000e+00
0.000000000000000000e+00
0.000000000000000000e+00
0.000000000000000000e+00
0.000000000000000000e+00
0.000000000000000000e+00
0.000000000000000000e+00
0.000000000000000000e+00
0.000000000000000000e+00
0.000000000000000000e+00
0.000000000000000000e+00
0.000000000000000000e+00
0.000000000000000000e+00
0.000000000000000000e+00
0.000000000000000000e+00
0.000000000000000000e+00
0.000000000000000000e+00
0.000000000000000000e+00
0.000000000000000000e+00
0.000000000000000000e+00
0.000000000000000000e+00
0.000000000000000000e+00
0.000000000000000000e+00
0.000000000000000000e+00
0.000000000000000000e+00
0.000000000000000000e+00
0.000000000000000000e+00
0.000000000000000000e+00
0.000000000000000000e+00
0.000000000000000000e+00
0.000000000000000000e+00
0.000000000000000000e+00
0.000000000000000000e+00
0.000000000000000000e+00
0.000000000000000000e+00
0.000000000000000000e+00
0.000000000000000000e+00
0.000000000000000000e+00
0.000000000000000000e+00
0.000000000000000000e+00
0.000000000000000000e+00
0.000000000000000000e+00
0.000000000000000000e+00
0.000000000000000000e+00
0.000000000000000000e+00
0.000000000000000000e+00
0.000000000000000000e+00
0.000000000000000000e+00
0.000000000000000000e+00
0.000000000000000000e+00
0.000000000000000000e+00
0.000000000000000000e+00
0.000000000000000000e+00
0.000000000000000000e+00
0.000000000000000000e+00
0.000000000000000000e+00
0.000000000000000000e+00
0.000000000000000000e+00
0.000000000000000000e+00
0.000000000000000000e+00
0.000000000000000000e+00
0.000000000000000000e+00
0.000000000000000000e+00
0.000000000000000000e+00
0.000000000000000000e+00
0.000000000000000000e+00
0.000000000000000000e+00
0.000000000000000000e+00
0.000000000000000000e+00
0.000000000000000000e+00
0.000000000000000000e+00
0.000000000000000000e+00
0.000000000000000000e+00
0.000000000000000000e+00
0.000000000000000000e+00
0.000000000000000000e+00
0.000000000000000000e+00
0.000000000000000000e+00
0.000000000000000000e+00
0.000000000000000000e+00
0.000000000000000000e+00
0.000000000000000000e+00
0.000000000000000000e+00
0.000000000000000000e+00
0.000000000000000000e+00
0.000000000000000000e+00
0.000000000000000000e+00
0.000000000000000000e+00
0.000000000000000000e+00
0.000000000000000000e+00
0.000000000000000000e+00
0.000000000000000000e+00
0.000000000000000000e+00
0.000000000000000000e+00
0.000000000000000000e+00
0.000000000000000000e+00
0.000000000000000000e+00
0.000000000000000000e+00
0.000000000000000000e+00
0.000000000000000000e+00
0.000000000000000000e+00
0.000000000000000000e+00
0.000000000000000000e+00
0.000000000000000000e+00
0.000000000000000000e+00
0.000000000000000000e+00
0.000000000000000000e+00
0.000000000000000000e+00
0.000000000000000000e+00
0.000000000000000000e+00
0.000000000000000000e+00
0.000000000000000000e+00
0.000000000000000000e+00
0.000000000000000000e+00
0.000000000000000000e+00
0.000000000000000000e+00
0.000000000000000000e+00
0.000000000000000000e+00
0.000000000000000000e+00
0.000000000000000000e+00
0.000000000000000000e+00
0.000000000000000000e+00
0.000000000000000000e+00
0.000000000000000000e+00
0.000000000000000000e+00
0.000000000000000000e+00
0.000000000000000000e+00
0.000000000000000000e+00
0.000000000000000000e+00
0.000000000000000000e+00
0.000000000000000000e+00
0.000000000000000000e+00
0.000000000000000000e+00
0.000000000000000000e+00
0.000000000000000000e+00
0.000000000000000000e+00
0.000000000000000000e+00
0.000000000000000000e+00
0.000000000000000000e+00
0.000000000000000000e+00
0.000000000000000000e+00
0.000000000000000000e+00
0.000000000000000000e+00
0.000000000000000000e+00
0.000000000000000000e+00
0.000000000000000000e+00
0.000000000000000000e+00
0.000000000000000000e+00
0.000000000000000000e+00
0.000000000000000000e+00
0.000000000000000000e+00
0.000000000000000000e+00
0.000000000000000000e+00
0.000000000000000000e+00
0.000000000000000000e+00
0.000000000000000000e+00
0.000000000000000000e+00
0.000000000000000000e+00
0.000000000000000000e+00
0.000000000000000000e+00
0.000000000000000000e+00
0.000000000000000000e+00
0.000000000000000000e+00
0.000000000000000000e+00
0.000000000000000000e+00
0.000000000000000000e+00
0.000000000000000000e+00
0.000000000000000000e+00
0.000000000000000000e+00
0.000000000000000000e+00
0.000000000000000000e+00
0.000000000000000000e+00
0.000000000000000000e+00
0.000000000000000000e+00
0.000000000000000000e+00
0.000000000000000000e+00
0.000000000000000000e+00
0.000000000000000000e+00
0.000000000000000000e+00
0.000000000000000000e+00
0.000000000000000000e+00
0.000000000000000000e+00
0.000000000000000000e+00
0.000000000000000000e+00
0.000000000000000000e+00
0.000000000000000000e+00
0.000000000000000000e+00
0.000000000000000000e+00
0.000000000000000000e+00
0.000000000000000000e+00
0.000000000000000000e+00
0.000000000000000000e+00
0.000000000000000000e+00
0.000000000000000000e+00
0.000000000000000000e+00
0.000000000000000000e+00
0.000000000000000000e+00
0.000000000000000000e+00
0.000000000000000000e+00
0.000000000000000000e+00
0.000000000000000000e+00
0.000000000000000000e+00
0.000000000000000000e+00
0.000000000000000000e+00
0.000000000000000000e+00
0.000000000000000000e+00
0.000000000000000000e+00
0.000000000000000000e+00
0.000000000000000000e+00
0.000000000000000000e+00
0.000000000000000000e+00
0.000000000000000000e+00
0.000000000000000000e+00
0.000000000000000000e+00
0.000000000000000000e+00
0.000000000000000000e+00
0.000000000000000000e+00
0.000000000000000000e+00
0.000000000000000000e+00
0.000000000000000000e+00
0.000000000000000000e+00
0.000000000000000000e+00
0.000000000000000000e+00
0.000000000000000000e+00
0.000000000000000000e+00
0.000000000000000000e+00
0.000000000000000000e+00
0.000000000000000000e+00
0.000000000000000000e+00
0.000000000000000000e+00
0.000000000000000000e+00
0.000000000000000000e+00
0.000000000000000000e+00
0.000000000000000000e+00
0.000000000000000000e+00
0.000000000000000000e+00
0.000000000000000000e+00
0.000000000000000000e+00
0.000000000000000000e+00
0.000000000000000000e+00
0.000000000000000000e+00
0.000000000000000000e+00
0.000000000000000000e+00
0.000000000000000000e+00
0.000000000000000000e+00
0.000000000000000000e+00
0.000000000000000000e+00
0.000000000000000000e+00
0.000000000000000000e+00
0.000000000000000000e+00
0.000000000000000000e+00
0.000000000000000000e+00
0.000000000000000000e+00
0.000000000000000000e+00
0.000000000000000000e+00
0.000000000000000000e+00
0.000000000000000000e+00
0.000000000000000000e+00
0.000000000000000000e+00
0.000000000000000000e+00
0.000000000000000000e+00
0.000000000000000000e+00
0.000000000000000000e+00
0.000000000000000000e+00
0.000000000000000000e+00
0.000000000000000000e+00
0.000000000000000000e+00
0.000000000000000000e+00
0.000000000000000000e+00
0.000000000000000000e+00
0.000000000000000000e+00
0.000000000000000000e+00
0.000000000000000000e+00
0.000000000000000000e+00
0.000000000000000000e+00
0.000000000000000000e+00
0.000000000000000000e+00
0.000000000000000000e+00
0.000000000000000000e+00
0.000000000000000000e+00
0.000000000000000000e+00
0.000000000000000000e+00
0.000000000000000000e+00
0.000000000000000000e+00
0.000000000000000000e+00
0.000000000000000000e+00
0.000000000000000000e+00
0.000000000000000000e+00
0.000000000000000000e+00
0.000000000000000000e+00
0.000000000000000000e+00
0.000000000000000000e+00
0.000000000000000000e+00
0.000000000000000000e+00
0.000000000000000000e+00
0.000000000000000000e+00
0.000000000000000000e+00
0.000000000000000000e+00
0.000000000000000000e+00
0.000000000000000000e+00
0.000000000000000000e+00
0.000000000000000000e+00
0.000000000000000000e+00
0.000000000000000000e+00
0.000000000000000000e+00
0.000000000000000000e+00
0.000000000000000000e+00
0.000000000000000000e+00
0.000000000000000000e+00
0.000000000000000000e+00
0.000000000000000000e+00
0.000000000000000000e+00
0.000000000000000000e+00
0.000000000000000000e+00
0.000000000000000000e+00
0.000000000000000000e+00
0.000000000000000000e+00
0.000000000000000000e+00
0.000000000000000000e+00
0.000000000000000000e+00
0.000000000000000000e+00
0.000000000000000000e+00
0.000000000000000000e+00
0.000000000000000000e+00
0.000000000000000000e+00
0.000000000000000000e+00
0.000000000000000000e+00
0.000000000000000000e+00
0.000000000000000000e+00
0.000000000000000000e+00
0.000000000000000000e+00
0.000000000000000000e+00
0.000000000000000000e+00
0.000000000000000000e+00
0.000000000000000000e+00
0.000000000000000000e+00
0.000000000000000000e+00
0.000000000000000000e+00
0.000000000000000000e+00
0.000000000000000000e+00
0.000000000000000000e+00
0.000000000000000000e+00
0.000000000000000000e+00
0.000000000000000000e+00
0.000000000000000000e+00
0.000000000000000000e+00
0.000000000000000000e+00
0.000000000000000000e+00
0.000000000000000000e+00
0.000000000000000000e+00
0.000000000000000000e+00
0.000000000000000000e+00
0.000000000000000000e+00
0.000000000000000000e+00
0.000000000000000000e+00
0.000000000000000000e+00
0.000000000000000000e+00
0.000000000000000000e+00
0.000000000000000000e+00
0.000000000000000000e+00
0.000000000000000000e+00
0.000000000000000000e+00
0.000000000000000000e+00
0.000000000000000000e+00
0.000000000000000000e+00
0.000000000000000000e+00
0.000000000000000000e+00
0.000000000000000000e+00
0.000000000000000000e+00
0.000000000000000000e+00
0.000000000000000000e+00
0.000000000000000000e+00
0.000000000000000000e+00
0.000000000000000000e+00
0.000000000000000000e+00
0.000000000000000000e+00
0.000000000000000000e+00
0.000000000000000000e+00
0.000000000000000000e+00
0.000000000000000000e+00
0.000000000000000000e+00
0.000000000000000000e+00
0.000000000000000000e+00
0.000000000000000000e+00
0.000000000000000000e+00
0.000000000000000000e+00
0.000000000000000000e+00
0.000000000000000000e+00
0.000000000000000000e+00
0.000000000000000000e+00
0.000000000000000000e+00
0.000000000000000000e+00
0.000000000000000000e+00
0.000000000000000000e+00
0.000000000000000000e+00
0.000000000000000000e+00
0.000000000000000000e+00
0.000000000000000000e+00
0.000000000000000000e+00
0.000000000000000000e+00
0.000000000000000000e+00
