2.139976891753523625e-01
2.783338403758553806e-02
9.382517191869332862e-03
6.034202949839434331e-03
5.594542462030600502e-03
5.797614115923504716e-03
6.120064489065050323e-03
6.441771635124359137e-03
6.741052494843975673e-03
7.018075263347414543e-03
7.276305333071011149e-03
7.518698603283719729e-03
7.747293504734339108e-03
7.963413283715707960e-03
8.167888383341211089e-03
8.361215623081360779e-03
8.543665206940219067e-03
8.715353883647676200e-03
8.876296805338988738e-03
9.026445559724659978e-03
9.165716754561167856e-03
9.294013784754999105e-03
9.411243432784677579e-03
9.517328396800495485e-03
9.612216518717530550e-03
9.695887293767673637e-03
9.768356125942730811e-03
9.829676717957100754e-03
9.879941931147851256e-03
9.919283409570137447e-03
9.947870227677206231e-03
9.965906789457879347e-03
9.973630177431724517e-03
9.971307122053105904e-03
9.959230735875306342e-03
9.937717132472937559e-03
9.907102027836661023e-03
9.867737401913349513e-03
9.819988280247892581e-03
9.764229680303075296e-03
9.700843753907766737e-03
9.630217146285547855e-03
9.552738583069370418e-03
9.468796689415014470e-03
9.378778039578974587e-03
9.283065430916427607e-03
9.182036372982682257e-03
9.076061780102350623e-03
8.965504854233533744e-03
8.850720144054387631e-03
8.732052765803128072e-03
8.609837771397978873e-03
8.484399649659728898e-03
8.356051946974104791e-03
8.225096994401012371e-03
8.091825729011502613e-03
7.956517598068235317e-03
7.819440535528467476e-03
7.680851001216078278e-03
7.540994073861871996e-03
7.400103590033836783e-03
7.258402321764608617e-03
7.116102186423143433e-03
6.973404483068851301e-03
6.830500150168216170e-03
6.687570040143845165e-03
6.544785206767888414e-03
6.402307201904504710e-03
6.260288378554229767e-03
6.118872197557904957e-03
5.978193535682913527e-03
5.838378993142167434e-03
5.699547198889712979e-03
5.561809112299677393e-03
5.425268320068065385e-03
5.290021327385029462e-03
5.156157842608723868e-03
5.023761054834113664e-03
4.892907903893350084e-03
4.763669342448987459e-03
4.636110589951179632e-03
4.510291378324802515e-03
4.386266189334400364e-03
4.264084483645657828e-03
4.143790921661125518e-03
4.025425576259128967e-03
3.909024137605823096e-03
3.794618110244715736e-03
3.682235002694994250e-03
3.571898509810945196e-03
3.463628688170136607e-03
3.357442124768382236e-03
3.253352099305824134e-03
3.151368740350516014e-03
3.051499175665242387e-03
2.953747676978894440e-03
2.858115799477678118e-03
2.764602516283104494e-03
2.673204348173195341e-03
2.583915488792219370e-03
2.496727925581495363e-03
2.411631556650490477e-03
2.328614303793787119e-03
2.247662221845009040e-03
2.168759604544667069e-03
2.091889087085054000e-03
2.017031745480701334e-03
1.944167192900146061e-03
1.873273673081128762e-03
1.804328150939276494e-03
1.737306400468347162e-03
1.672183090019210448e-03
1.608931865034413534e-03
1.547525428305768138e-03
1.487935617813788752e-03
1.430133482200025234e-03
1.374089353916344795e-03
1.319772920089134311e-03
1.267153291131084547e-03
1.216199067128393395e-03
1.166878402027829963e-03
1.119159065644405922e-03
1.073008503508350543e-03
1.028393894567879684e-03
9.852822067630351635e-04
9.436402504850594907e-04
9.034347299353365094e-04
8.646322923979319827e-04
8.271995754404379547e-04
7.911032520581726514e-04
7.563100737782190493e-04
7.227869117407747851e-04
6.905007957768522159e-04
6.594189515030136894e-04
6.295088354555505297e-04
6.007381682883159747e-04
5.730749660604526853e-04
5.464875696420469801e-04
5.209446722678036726e-04
4.964153452707413018e-04
4.728690620297564960e-04
4.502757201668471446e-04
4.286056620314628333e-04
4.078296935112405829e-04
3.879191012098586063e-04
3.688456680344002277e-04
3.505816872358072530e-04
3.330999749474087787e-04
3.163738812675419071e-04
3.003772999333566892e-04
2.850846766336777001e-04
2.704710160095855228e-04
2.565118873919745835e-04
2.431834293257517134e-04
2.304623529307527551e-04
2.183259441495484271e-04
2.067520649325084686e-04
1.957191534103002112e-04
1.852062231039529165e-04
1.751928612222586952e-04
1.656592260959041457e-04
1.565860437972259724e-04
1.479546039939004672e-04
1.397467550841541924e-04
1.319448986603406640e-04
1.245319833468314162e-04
1.174914980572593927e-04
1.108074647151490236e-04
1.044644304808641525e-04
9.844745952676063866e-05
9.274212440114017381e-05
8.733449702049848927e-05
8.221113932823803660e-05
7.735909365672175768e-05
7.276587282824952148e-05
6.841945002920901740e-05
6.430824849022780598e-05
6.042113100386194309e-05
5.674738930993054946e-05
5.327673337720855351e-05
4.999928060886918283e-05
4.690554499760912061e-05
4.398642625509856203e-05
4.123319893897637271e-05
3.863750159931523452e-05
3.619132596513593216e-05
3.388700619027788010e-05
3.171720817658246663e-05
2.967491899122374059e-05
2.775343639367245976e-05
2.594635848666461747e-05
2.424757350436478338e-05
2.265124974981163545e-05
2.115182569261349929e-05
1.974400023682326583e-05
1.842272316794459219e-05
1.718318578698589804e-05
1.602081173858572414e-05
1.493124803933256267e-05
1.391035631152519374e-05
1.295420422681954786e-05
1.205905716343349793e-05
1.122137007983000274e-05
1.043777960710199766e-05
9.705096361649983734e-06
9.020297479077952991e-06
8.380519369676973207e-06
7.783050695329126134e-06
7.225325567138709461e-06
6.704916962599486165e-06
6.219530360743029514e-06
5.766997593211903147e-06
5.345270908895419934e-06
4.952417249416955785e-06
4.586612732411752322e-06
4.246137339289605560e-06
3.929369803922266268e-06
3.634782698444963388e-06
3.360937712181168366e-06
3.106481119520792745e-06
2.870139432432382951e-06
2.650715233142168525e-06
2.447083182429477489e-06
2.258186198894501890e-06
2.083031804463427784e-06
1.920688631375279680e-06
1.770283085837615808e-06
1.630996163525642268e-06
1.502060412106276963e-06
1.382757035952393913e-06
1.272413138254866176e-06
1.170399095770675519e-06
1.076126061467404579e-06
9.890435904164498039e-07
9.086373842971404835e-07
8.344271500020399990e-07
7.659645678498745917e-07
7.028313650555528967e-07
6.446374901257577984e-07
5.910193840304820124e-07
5.416383440014358264e-07
4.961789759838002612e-07
4.543477318431154365e-07
4.158715275169348486e-07
3.804964384625721523e-07
3.479864687987466499e-07
3.181223906958534811e-07
2.907006506630146204e-07
2.655323394928423986e-07
2.424422227494534871e-07
2.212678287512413605e-07
2.018585911933398559e-07
1.840750435781289802e-07
1.677880627658760802e-07
1.528781590972431099e-07
1.392348105701529262e-07
1.267558387284029869e-07
1.153468239685701317e-07
1.049205581028112197e-07
9.539653209123742622e-08
8.670045696719956784e-08
7.876381604329215567e-08
7.152344661655255709e-08
6.492114943222452883e-08
5.890332428004224005e-08
5.342063016676397923e-08
4.842766857078576633e-08
4.388268840524706789e-08
3.974731132544922415e-08
3.598627613796226880e-08
3.256720111554430459e-08
2.946036306893216693e-08
2.663849214009216686e-08
2.407658126627359815e-08
2.175170939239543267e-08
1.964287751435522481e-08
1.773085671679161496e-08
1.599804739076370188e-08
1.442834889390073307e-08
1.300703893847496559e-08
1.172066203999531684e-08
1.055692640825131309e-08
9.504608687453459216e-09
8.553465999847856878e-09
7.694154773586078900e-09
6.918155877851675333e-09
6.217705602749172269e-09
5.585732072412996505e-09
5.015796691374512714e-09
4.502040248962433416e-09
4.039133349293603600e-09
3.622230829891377111e-09
3.246929890052640328e-09
2.909231626143648328e-09
2.605505727826058751e-09
2.332458093742811946e-09
2.087101133930075947e-09
1.866726559863117536e-09
1.668880453397718263e-09
1.491340452446616907e-09
1.332094872745726244e-09
1.189323616282703453e-09
1.061380720647621840e-09
9.467784208531120060e-10
8.441725930163564451e-10
7.523494778578442176e-10
6.702135662205253256e-10
5.967765588413908225e-10
5.311473060590186176e-10
4.725226502653025218e-10
4.201790887430792794e-10
3.734651893024657631e-10
3.317946977254071172e-10
2.946402744428978514e-10
2.615278026201551267e-10
2.320312288163867427e-10
2.057678709071543492e-10
1.823941767949125908e-10
1.616018699117212138e-10
1.431144663903520534e-10
1.266841132121439469e-10
1.120887362536765237e-10
9.912945466129435448e-11
8.762824394202071984e-11
7.742583267246836548e-11
6.837978952355359181e-11
6.036281300717340142e-11
5.326117357806239244e-11
4.697332161158101824e-11
4.140862600243084223e-11
3.648623850313254407e-11
3.213407625637382303e-11
2.828790053479728768e-11
2.489049227952650498e-11
2.189091396574784908e-11
1.924383502993856803e-11
1.690894196184490766e-11
1.485039467592398495e-11
1.303635168838306099e-11
1.143853372144749258e-11
1.003183874990858350e-11
8.793998974414273836e-12
7.705265826514805149e-12
6.748137260880245052e-12
5.907109178413191755e-12
5.168453309644587215e-12
4.520021247863185152e-12
3.951065174893636294e-12
3.452085992750346974e-12
3.014688927930889668e-12
2.631456758205948654e-12
2.295847129183203529e-12
2.002082618750659144e-12
1.745072241967692794e-12
1.520326013396862870e-12
1.323888938964147367e-12
1.152279470997586150e-12
1.002432303572952045e-12
8.716518853031560241e-13
7.575679223372724744e-13
6.580972004203739467e-13
5.714111861278787822e-13
4.959028485430754040e-13
4.301639377586053238e-13
3.729579545962566761e-13
3.232031388321746994e-13
2.799485529558049681e-13
2.423645972602415658e-13
2.097243453499097261e-13
1.813912425486787489e-13
1.568083731012221624e-13
1.354907344605998709e-13
1.170139059580586151e-13
1.010064280204049691e-13
8.714651799281818062e-14
7.515089340946222609e-14
6.477435223735250420e-14
5.580313521804636376e-14
4.805044074340008569e-14
4.135466945489254574e-14
3.557424667351539846e-14
3.058625109797828378e-14
2.628418311571818971e-14
2.257615692859315746e-14
1.938161168291805831e-14
1.663093736138881102e-14
1.426360190068846627e-14
1.222671944510244001e-14
1.047558797375173319e-14
8.970688202741529251e-15
7.677969219367764020e-15
6.568358485786409500e-15
5.615896572525884724e-15
4.799862047820970824e-15
4.099809883384296780e-15
3.500161172950917871e-15
2.986508914936193268e-15
2.547113204005214748e-15
2.171091469297090692e-15
1.849401919467402616e-15
1.574926563291222323e-15
1.340193902592948008e-15
1.139970807393387732e-15
9.693399293102526659e-16
8.237562606012645375e-16
6.995886404648809012e-16
5.937780293332918556e-16
5.037354084823469055e-16
4.270202090000233963e-16
3.617482385528326307e-16
3.064846517243048904e-16
2.594964283855075369e-16
2.193387630902982615e-16
1.852964868517127915e-16
1.567015077532142305e-16
1.323868187434788552e-16
1.117706698044536015e-16
9.411384052973095820e-17
7.916190221149235754e-17
6.677016460683717849e-17
5.610037557414997268e-17
4.721620219225392805e-17
3.986947243182839463e-17
3.359742804621622796e-17
2.831648071112678815e-17
2.372985337297985646e-17
1.996517740149640872e-17
1.672605326109055312e-17
1.385576976392250328e-17
1.180196540742107909e-17
9.980885419354719553e-18
8.341377455110472976e-18
7.145557596722035182e-18
6.019295818056716027e-18
4.866201883571387433e-18
4.249684824145999386e-18
3.557042734678249644e-18
2.996865374697600081e-18
2.441120695734352253e-18
2.184769534295931600e-18
1.855487300665649677e-18
1.578120795233340720e-18
1.235116387836037828e-18
1.023448680239464723e-18
9.812165012552686188e-19
8.110217585963113968e-19
7.847042448958118661e-19
5.892138488130213249e-19
5.550100783364434661e-19
2.275986179996325281e-19
4.200373789564118668e-19
3.078083500357093008e-19
4.988589274470540033e-19
3.307582945355229390e-19
1.603804387889721627e-19
5.585048759290409752e-20
2.446017336663280077e-19
1.185319407215649850e-20
1.586603571149490568e-19
1.894678828990998277e-19
2.474670326971976346e-19
7.199726876683080463e-20
9.970341003593873516e-20
9.629814761582093176e-20
1.520026187191217891e-19
2.798258395852538156e-19
2.108931921056942906e-19
0.000000000000000000e+00
2.296224493195601818e-19
2.283536629201346315e-19
1.018367517175483843e-19
1.434845349711972317e-19
2.057570133838966386e-19
2.810625110184480623e-19
2.045065740855850030e-19
4.134219413728869561e-20
4.547940396445589301e-20
1.311392016502688051e-19
1.455987894014617403e-19
0.000000000000000000e+00
1.600713347647118586e-19
8.894612820009189480e-20
7.539538912565674810e-20
7.200506327365206817e-20
1.307005695132124511e-19
0.000000000000000000e+00
1.244693261563272102e-19
7.685908054632651316e-20
0.000000000000000000e+00
1.205009886955357883e-19
1.635668064709013846e-19
2.315049118141179144e-19
2.129399823435950278e-19
8.952448926667084781e-20
3.402315687200938747e-19
1.113422623205232831e-19
7.403865734458594114e-20
9.714766415818091793e-20
0.000000000000000000e+00
0.000000000000000000e+00
5.774501507533621656e-20
9.073678325060333278e-20
0.000000000000000000e+00
1.158250732044734143e-19
3.089322552264206452e-19
1.902806186737027744e-19
2.029667605738712357e-19
2.371264072328723103e-20
5.889855064747750269e-20
5.936752899414345855e-20
1.792350759079655947e-19
7.770843394898494651e-20
6.145896808208209941e-20
1.182919756955760585e-19
0.000000000000000000e+00
0.000000000000000000e+00
3.220925528985155829e-19
3.693418476291627918e-20
0.000000000000000000e+00
5.061818301071286171e-20
1.127940309636697704e-19
6.158309728950853268e-20
1.738809261142750617e-19
1.006266190223664387e-19
0.000000000000000000e+00
0.000000000000000000e+00
0.000000000000000000e+00
0.000000000000000000e+00
0.000000000000000000e+00
1.021351740426497056e-19
5.288925310832156656e-20
4.480349959065989579e-20
0.000000000000000000e+00
1.290810417142141649e-19
5.430195209126305519e-20
4.224313036976351108e-20
6.963305087526815826e-20
1.343162869585449006e-19
8.324862139421642535e-20
0.000000000000000000e+00
3.678518001794288384e-19
1.479798295127008027e-19
1.174592390775532732e-19
2.032997823808178264e-19
1.866114079511455609e-19
6.450404342398512337e-20
4.686906097306662436e-20
1.040308976638609189e-19
4.822547425989384445e-20
4.346766118813432211e-20
1.327875362704119597e-19
1.160354018338543368e-19
2.041773222849005154e-19
6.684164839273049557e-20
1.680971444172236315e-19
1.221709899321142501e-19
5.593287671943417746e-20
4.627793315585386215e-20
4.425223138637552482e-20
4.340148543290308686e-20
2.238073881632667574e-19
1.591471497335156954e-19
6.129023105710603153e-20
2.883750242589653990e-19
7.925500054921978683e-20
8.151356516580263933e-20
2.630916910391081582e-19
1.375013112379961259e-19
2.119723570568819598e-19
1.626096319775009243e-19
0.000000000000000000e+00
1.085661491212743607e-19
1.484186674017197239e-19
3.835811817393328689e-21
1.687193368510802290e-19
2.773776028556680983e-19
2.201857366761810342e-20
2.142579113730287365e-20
7.773089586179848855e-20
5.457171338832384128e-20
2.313670719253053535e-19
3.156389857053077896e-19
2.710655498022239799e-20
0.000000000000000000e+00
1.084681477298651185e-19
1.186351201258699364e-19
2.073388320235110754e-19
1.019868003308094016e-19
5.916267695483064497e-20
8.218234894145767209e-20
5.512123331203200324e-20
1.408518042246850023e-19
6.154808596811837865e-20
0.000000000000000000e+00
1.055735226927963839e-19
1.450550997110010866e-19
0.000000000000000000e+00
0.000000000000000000e+00
1.027354867082467833e-19
0.000000000000000000e+00
1.622657598901305998e-19
5.793510238497343907e-20
0.000000000000000000e+00
0.000000000000000000e+00
0.000000000000000000e+00
0.000000000000000000e+00
0.000000000000000000e+00
9.438735885047687988e-20
4.248606730343552492e-20
3.557388253185105610e-20
1.543917519261284166e-19
4.800352231793600268e-20
0.000000000000000000e+00
1.210308437132430345e-19
4.267061149604720425e-20
3.265725707334748736e-20
1.210226446352438592e-19
1.620166479106779280e-19
4.649083327108599381e-20
0.000000000000000000e+00
2.825156038248133182e-20
1.794810937501798317e-19
1.375290850605019752e-19
0.000000000000000000e+00
8.941162501645426773e-20
3.613917406025803470e-20
3.315390009755827086e-19
6.541263254907751354e-20
2.473129585930053341e-19
0.000000000000000000e+00
0.000000000000000000e+00
2.112094565884067413e-19
0.000000000000000000e+00
3.255146981224154150e-20
1.227579607315582246e-19
1.032943375938680819e-19
1.012709413163697795e-19
1.615137181318278020e-19
3.499265256494414261e-19
2.525263033576245798e-19
6.299906167381353454e-20
0.000000000000000000e+00
5.848185135110799904e-21
2.764155955091936892e-19
1.553406737335573131e-19
1.140335064768321034e-19
2.901869854757881570e-19
8.875134691316578768e-21
1.930029321348497712e-19
8.940412230589661430e-20
2.000380194444596778e-19
0.000000000000000000e+00
1.029663254322439280e-19
7.997699128469370981e-20
4.799394543415542676e-20
0.000000000000000000e+00
3.968743971331535085e-20
2.822161889192830864e-19
1.880773087488466620e-19
0.000000000000000000e+00
0.000000000000000000e+00
1.598368544880979789e-19
0.000000000000000000e+00
0.000000000000000000e+00
1.883097520092975281e-19
1.456105994944520569e-19
0.000000000000000000e+00
9.859237879215957751e-20
1.654491926078076911e-19
1.122850207620218117e-19
0.000000000000000000e+00
0.000000000000000000e+00
3.505376974970730414e-20
2.771914940267199627e-19
6.096264254315167220e-20
1.304851810740138002e-19
4.644041571473859649e-20
3.737788358048409136e-20
6.564905528360876154e-20
3.827479820992122225e-20
6.461883106578450735e-20
6.713345115827836938e-20
1.273742559977933572e-19
1.027903582574323559e-19
0.000000000000000000e+00
0.000000000000000000e+00
2.934316516675526376e-20
2.964011438970139035e-20
8.924548991304531047e-20
2.152976317630817273e-19
7.722709571396133194e-20
3.481602374798733481e-20
1.499068498198343574e-19
1.909086019611128579e-19
0.000000000000000000e+00
2.898436479300725532e-20
5.839125778510738553e-20
1.216112546784214636e-19
6.714176017057162771e-20
9.255918559308679174e-20
9.407974001176927570e-20
0.000000000000000000e+00
0.000000000000000000e+00
8.523729499562089361e-20
1.216226695160639467e-19
3.507063820574387722e-20
5.681463311238808257e-20
2.845386620340074674e-20
2.965472708767588874e-19
5.016633147693574580e-20
0.000000000000000000e+00
1.452205853343205591e-19
1.870073333618854813e-19
4.115256473085637858e-20
2.813626743308256390e-20
2.372815302610285638e-19
0.000000000000000000e+00
0.000000000000000000e+00
2.964984341066763108e-19
8.083718771332128033e-20
3.372841317857835903e-20
1.790428826248455409e-19
1.920082559646441212e-19
1.643224408243266257e-19
4.186111441144703459e-20
3.115870220478347363e-20
1.199356830302206949e-19
2.183857468401361325e-19
2.276204215633443487e-19
2.600225012560031640e-19
2.641953175531548730e-19
0.000000000000000000e+00
3.484673935262210691e-20
1.851516198314853357e-19
0.000000000000000000e+00
3.056195319289442639e-19
0.000000000000000000e+00
1.566052710961047047e-19
0.000000000000000000e+00
2.155301060343102920e-19
2.614666302256380778e-19
1.764090761887726657e-19
0.000000000000000000e+00
1.572859741213023717e-19
1.070888191165477809e-19
1.638251459596698267e-19
2.891531450024173308e-19
1.494264316979814362e-19
1.697533179570117301e-19
5.020297637206880448e-20
4.044224518165415243e-20
3.859036159697220689e-20
3.762813822383039190e-20
1.272764217059918395e-19
0.000000000000000000e+00
1.554498357796035288e-19
4.213711502280577651e-20
2.161325298851781486e-19
0.000000000000000000e+00
0.000000000000000000e+00
1.217975403980237305e-19
3.884339868000063888e-20
9.230472238968767601e-20
0.000000000000000000e+00
5.903284269790535727e-20
3.128193804834790761e-20
2.803106469773783871e-20
8.711458756509567605e-20
2.855757251146190315e-20
2.365963350508754739e-19
0.000000000000000000e+00
2.529542272711718293e-20
0.000000000000000000e+00
2.636565330534320639e-19
1.056404361912716899e-20
5.401072512709065275e-20
1.158077652560036481e-19
2.105430719243640072e-19
0.000000000000000000e+00
1.740544904160783009e-19
1.545371694320883535e-19
2.142816963889435621e-19
0.000000000000000000e+00
1.149906643868694642e-19
3.070991243238122011e-20
5.476442127256640609e-20
0.000000000000000000e+00
2.230970150733072182e-20
3.541702065985458026e-19
4.602416175140128982e-20
8.664690646884666296e-20
2.792682671040535708e-20
0.000000000000000000e+00
5.189315327842919852e-20
0.000000000000000000e+00
2.622437129855512042e-19
3.577907671090724114e-20
8.360243384823066314e-20
2.066523305913600364e-19
2.455245046572518623e-19
3.824502701057618279e-20
5.498309628781181891e-20
5.552242208007643535e-20
2.515821542494861266e-20
0.000000000000000000e+00
2.074607379958435601e-20
2.065827679172605046e-20
1.709405615879067126e-19
5.998353005851500678e-20
1.441240175841316455e-19
8.849085884388911346e-20
1.153781998287486832e-19
2.663048014466132985e-20
2.319114561802342246e-19
1.845959529774710609e-19
3.213632839281628713e-20
1.129855491631962815e-19
2.383991145929621012e-19
0.000000000000000000e+00
5.262968410170818706e-20
8.431179000305123257e-20
2.541063716198385030e-20
2.932087136370981794e-19
0.000000000000000000e+00
0.000000000000000000e+00
2.072540290026638379e-20
2.058313937874637615e-20
0.000000000000000000e+00
1.695961926039078168e-19
1.488248864859272967e-19
0.000000000000000000e+00
7.966487015023613831e-20
0.000000000000000000e+00
1.803814492713332729e-20
0.000000000000000000e+00
4.660070232690658389e-20
0.000000000000000000e+00
1.059900065509001452e-19
2.070253963401299567e-20
0.000000000000000000e+00
1.046193009402595212e-19
1.935540347690758694e-20
1.438426789681212801e-20
4.351673323013827237e-20
0.000000000000000000e+00
1.027362864455107674e-19
1.728682882931454484e-20
1.331776010681322334e-19
0.000000000000000000e+00
0.000000000000000000e+00
2.222894377434205183e-19
2.297005406917532154e-20
1.036251483451031591e-19
1.377971978585662757e-19
1.399736676884712155e-19
0.000000000000000000e+00
1.637672808385496077e-19
2.097478769243912607e-20
0.000000000000000000e+00
7.292047416488176084e-20
1.574261757089049692e-20
0.000000000000000000e+00
1.175149022133282770e-20
1.155763080869236141e-20
1.620416006230659019e-19
1.396591035731659630e-19
1.392988009968029841e-19
0.000000000000000000e+00
1.935552494819711260e-19
0.000000000000000000e+00
0.000000000000000000e+00
1.210024458905086178e-20
1.628697074545304302e-19
1.951684194377350965e-20
0.000000000000000000e+00
0.000000000000000000e+00
0.000000000000000000e+00
1.313227872343079050e-19
0.000000000000000000e+00
1.091430082936499395e-20
1.032589663441429386e-20
9.859830452606298420e-21
1.905147487910957380e-19
1.653308244500873694e-20
7.063485559363386464e-20
2.235432898458695700e-19
1.708104062986443081e-19
4.891171437183316547e-20
7.399130742858045233e-20
1.427433367348380661e-20
1.021016216535451351e-19
1.362048037677909541e-19
1.739769438405786926e-20
1.330477737553453217e-19
4.735460907968743743e-20
1.405477726365054344e-20
2.836399496832427678e-19
3.862074682297857411e-19
2.116762125327619487e-19
0.000000000000000000e+00
1.622319535271463829e-20
7.602794909728032923e-20
1.991028021470137591e-19
5.380343988119198920e-20
1.692496543213055845e-19
1.133563661628441138e-19
5.127918708056493507e-20
2.599466502917222745e-19
0.000000000000000000e+00
1.382607088466507471e-19
0.000000000000000000e+00
4.670956487009286704e-20
1.751233241056450690e-20
0.000000000000000000e+00
1.353138016787155624e-19
0.000000000000000000e+00
1.651422329785913063e-19
2.009050237899294514e-19
2.028456527307525895e-19
2.336704657440153586e-19
3.260442229108229354e-19
0.000000000000000000e+00
1.760389254877966162e-20
2.883076952532276765e-19
0.000000000000000000e+00
1.684165562471292397e-19
2.260240261323928513e-20
1.736526947192542417e-20
4.650512979921530576e-20
2.282488749575784936e-19
1.139298823438086639e-19
0.000000000000000000e+00
1.061200536675903259e-19
0.000000000000000000e+00
1.957576365379058962e-19
1.112814364891583570e-19
2.598260385822398708e-19
2.348829729419111928e-20
0.000000000000000000e+00
0.000000000000000000e+00
1.342427214460843590e-19
1.738039915075379136e-20
1.341542353128787265e-19
7.710074920672617803e-20
4.509966252279401851e-20
0.000000000000000000e+00
4.181020906230578093e-20
4.246503184214803907e-20
2.232260683209864021e-19
1.754026463779164678e-20
1.924916834111632191e-19
2.579094041211628130e-19
1.400563163091014783e-19
1.068985445777625317e-19
3.474053894874404924e-19
0.000000000000000000e+00
1.648134712670266882e-19
2.292327295833044323e-19
1.412579224015824723e-19
1.391770269606422955e-19
7.875909442090098671e-20
1.365620962030971030e-19
1.386495888828897144e-19
0.000000000000000000e+00
3.157815249206921050e-19
1.734038041449231512e-19
0.000000000000000000e+00
1.956517740782356912e-19
4.115644060386100587e-19
2.607611650023386263e-20
1.975182328186124758e-19
1.410574950165035767e-19
1.398856935470631543e-19
1.397463431813853582e-19
1.892696834653379845e-20
2.568743213072290340e-19
8.156382398194653424e-20
1.705117490336934272e-20
2.259090633221643683e-19
0.000000000000000000e+00
0.000000000000000000e+00
2.846145887647764774e-19
1.954883867506173478e-20
2.850317935987014635e-19
0.000000000000000000e+00
2.846621511030575723e-19
1.909331408020152834e-20
1.942744137456277401e-19
4.686080195155007154e-20
4.661837154839011843e-19
5.331631538454120038e-20
0.000000000000000000e+00
0.000000000000000000e+00
0.000000000000000000e+00
1.124210912726352269e-20
1.060681029794848869e-20
9.851126191996752736e-21
2.505552234912991552e-19
0.000000000000000000e+00
3.918778200046969661e-20
0.000000000000000000e+00
0.000000000000000000e+00
6.984172468614537546e-21
9.700186866356281157e-20
6.829719464172023239e-20
7.232311794054150714e-21
5.679325414168467265e-21
5.137092763097481519e-21
4.688623247586467806e-21
1.853603143347732599e-19
1.283252786684306419e-19
1.573453215399592721e-19
0.000000000000000000e+00
1.558409569429006250e-19
9.809799820933009773e-20
2.483779456184960414e-19
1.909493703310720598e-19
3.979019189625568396e-20
1.280124175518625889e-19
9.914710158234451736e-20
8.350096902849838338e-21
1.273927722304014933e-19
8.366768144306224064e-21
3.384180588408088034e-19
3.135655631114978949e-19
1.243913963618986964e-20
3.824529763558730556e-20
3.817025212841975634e-20
6.806449623319931997e-20
1.586847522242217319e-19
0.000000000000000000e+00
0.000000000000000000e+00
2.776423915694127341e-19
0.000000000000000000e+00
0.000000000000000000e+00
9.613162292470208414e-20
0.000000000000000000e+00
5.181503440453619534e-19
1.209639847422073204e-20
3.668818074242307888e-20
6.274478174817633514e-21
5.507137346957555978e-21
1.257749752826247340e-19
6.228816286014107932e-21
1.555689180880815731e-19
6.163084557961783753e-21
0.000000000000000000e+00
3.856073707945518812e-21
0.000000000000000000e+00
3.056326237027434879e-21
1.234295601748608816e-19
1.242010012595480722e-19
6.420600593357392146e-20
3.283927044611217384e-21
6.288165268394170459e-20
2.913209315199922318e-21
0.000000000000000000e+00
1.528644165386504826e-19
3.330307040533645729e-21
9.263132633827305573e-20
0.000000000000000000e+00
3.213145163044302087e-20
1.529731013850651322e-19
1.540248727663735434e-19
3.412956700540776011e-21
0.000000000000000000e+00
1.529385597263494777e-19
1.540525389294019774e-19
2.750553013438051822e-19
2.460606580670895573e-19
0.000000000000000000e+00
1.542251305177532069e-19
2.455986575136685978e-19
1.558218434757277842e-19
1.856537647984693169e-19
4.755255218617446211e-21
9.412274266155257532e-20
9.426101743536155904e-20
1.242348516903225266e-19
0.000000000000000000e+00
2.582909684682944622e-21
1.530718315503074141e-19
0.000000000000000000e+00
1.802670476886251052e-21
6.183131927576148895e-20
1.825687363544799408e-19
2.433839917723658428e-19
2.350019362061506989e-21
0.000000000000000000e+00
9.182554037753274661e-20
1.388292796950854881e-21
9.701450268495031730e-22
2.421954377658466188e-19
1.335434541044749988e-21
1.517282356881156625e-19
0.000000000000000000e+00
0.000000000000000000e+00
3.066385099736756645e-20
9.093703129084125610e-20
4.271753322054594564e-22
3.624200628071444884e-19
6.559640193577413175e-22
2.704421211809602866e-22
9.017585274707963189e-23
1.189160347401798208e-23
8.181190472235111589e-25
1.087511091492853587e-25
1.342255547035564105e-26
1.508417812409741816e-27
1.766115118817884556e-28
2.096245485404146925e-29
2.474383406016576403e-30
3.034602361611566353e-31
3.802478225398868204e-32
4.586425610454389372e-33
5.153013337037206719e-34
5.370364566293704915e-35
5.249786391619777049e-36
4.924809138050087113e-37
4.598219621672185265e-38
4.435858770555316144e-39
4.530372346909605728e-40
4.928770317591487010e-41
5.663020372344514017e-42
6.769019349205023746e-43
8.278421270865830963e-44
1.019789217706862947e-44
1.249482611254543740e-45
1.510203983280893166e-46
1.794151634068519237e-47
2.095096299761086538e-48
2.409047592658269668e-49
2.732065477419862517e-50
3.056854088508079322e-51
3.371231486233108815e-52
3.660759865246831402e-53
3.915400247558379676e-54
4.137745182028693973e-55
4.349559288279100092e-56
4.594148050206933558e-57
4.933595238522668636e-58
5.441305830030764018e-59
6.191349634322414515e-60
7.246952084317895180e-61
8.650995456463811372e-62
1.042115241383297141e-62
1.255105471479051299e-63
1.501704588873777788e-64
1.778829721117415794e-65
2.083701955957510811e-66
2.414548020900023347e-67
2.770753994959550459e-68
3.152425563209330428e-69
3.559527968176844137e-70
3.990958942669788178e-71
4.443972211352789174e-72
4.914281267765006823e-73
5.396966502694169500e-74
5.888070939639797602e-75
6.386589783114480733e-76
6.896477130631126943e-77
7.428291945251109821e-78
8.000143419877028488e-79
8.637653962772637418e-80
9.372756888800279484e-81
1.024132143926812567e-81
1.127985445838350567e-82
1.252180851782612857e-83
1.399422368043821527e-84
1.571543961149461695e-85
1.769439271026273693e-86
1.993160726053293322e-87
2.242152411490554126e-88
2.515543433873881153e-89
2.812411724369162208e-90
3.131937590986687413e-91
3.473400167966352988e-92
3.836020809531452487e-93
4.218713987791884515e-94
4.619854337518900964e-95
5.037193387095109300e-96
5.468049064731709717e-97
5.909840340959793854e-98
6.360954844584825301e-99
6.821837958748056808e-100
7.296105467854889580e-101
7.791436505190069136e-102
8.320018406147677663e-103
8.898392838678018762e-104
9.546678058275917043e-105
1.028728669317449240e-105
1.114338864737514621e-106
1.213745541002851950e-107
1.329024714008808339e-108
1.462056265943803268e-109
1.614597236936891531e-110
1.788461114076893405e-111
1.985794311451954312e-112
2.209424529682594600e-113
2.463241358380769261e-114
2.752559352648069131e-115
3.084409633458235544e-116
3.467709199800939239e-117
3.913268355175312467e-118
4.433615782968851044e-119
5.042646447031259116e-120
5.755126759773264707e-121
6.586120025972526267e-122
7.550417732337144804e-123
8.662073457868994643e-124
9.934131912565069056e-125
1.137862434544103345e-125
1.300686537554551945e-126
1.483004116573185954e-127
1.686003397562810888e-128
1.911039428711504771e-129
2.159735895834244156e-130
2.434082904758680924e-131
2.736526545872178902e-132
3.070052910813539878e-133
3.438277290922408686e-134
3.845556822219705697e-135
4.297149861539799912e-136
4.799445990848959045e-137
5.360285352276455524e-138
5.989374466443859438e-139
6.698788337531616914e-140
7.503527253507832953e-141
8.422074096140857749e-142
9.476877819100461686e-143
1.069467497917821227e-143
1.210655747033251613e-144
1.374770363768716061e-145
1.565671295270535698e-146
1.787452069744746203e-147
2.044291583571597859e-148
2.340273772727407404e-149
2.679187945354904426e-150
3.064327056881752813e-151
3.498304378156955145e-152
3.982910354423070547e-153
4.519030718827718618e-154
5.106644124806918733e-155
5.744912993491550661e-156
6.432375469414797256e-157
7.167240030556105575e-158
7.947778148842960563e-159
8.772805128856287938e-160
9.642235397852274243e-161
1.055769639291601044e-161
1.152318485368328094e-162
1.254575059421825803e-163
1.363619528620273488e-164
1.480977685389630303e-165
1.608691305960098048e-166
1.749387999604903125e-167
1.906350176884105566e-168
2.083582601529754042e-169
2.285877561671842484e-170
2.518875984452583441e-171
2.789121842762338390e-172
3.104106027203845956e-173
3.472294593113634111e-174
3.903135104174491282e-175
4.407033888484167812e-176
4.995296641345813776e-177
5.680025209407303169e-178
6.473964824805217030e-179
7.390298744550883232e-180
8.442391346451173168e-181
9.643486303139699053e-182
1.100637344307371802e-182
1.254304610472787708e-183
1.426437981803009458e-184
1.617987243810353083e-185
1.829749465422798982e-186
2.062370717362154817e-187
2.316370577789388485e-188
2.592195675431801623e-189
2.890308184073696320e-190
3.211314288469348471e-191
3.556136130205582943e-192
3.926228596850490737e-193
4.323839578996356757e-194
4.752309091696676982e-195
5.216399110027581381e-196
5.722642336377939345e-197
6.279694684693299629e-198
6.898673354004612669e-199
7.593460302114849022e-200
8.380950038401524506e-201
9.281221208797310890e-202
1.031761365353157135e-202
1.151669659246354829e-203
1.290811933259559301e-204
1.452434326815698930e-205
1.640026269283570426e-206
1.857273167613689528e-207
2.108002447134382203e-208
2.396126704081836021e-209
2.725588668563528637e-210
3.100313484053063659e-211
3.524174429364786228e-212
4.000978597743363708e-213
4.534479176905066711e-214
5.128420833078810931e-215
5.786624299143015957e-216
6.513115626325066965e-217
7.312304718151924166e-218
8.189216770069245835e-219
9.149779137009724278e-220
1.020116499164000998e-220
1.135219396247645696e-221
1.261378879632578912e-222
1.399948601969645593e-223
1.552599763635310989e-224
1.721382017106541961e-225
1.908788695953616018e-226
2.117825963034795123e-227
2.352085539305939445e-228
2.615820821607512326e-229
2.914026441202131433e-230
3.252521665621736596e-231
3.638038505365533582e-232
4.078315940108913485e-233
4.582202293355699217e-234
5.159768405670552178e-235
5.822434809679034810e-236
6.583116502730379566e-237
7.456389043664816915e-238
8.458679468031441339e-239
9.608484835866495116e-240
1.092662004225195542e-240
1.243649482245208492e-241
1.416441771667078221e-242
1.613992223623417324e-243
1.839610777417848812e-244
2.096998517637351193e-245
2.390281464052889433e-246
2.724042209119619162e-247
3.103347976906332336e-248
3.533773786115101685e-249
4.021419696152948872e-250
4.572921633249180561e-251
5.195456061971584327e-252
5.896739806688750411e-253
6.685027647280048934e-254
7.569111909601469200e-255
8.558330122478984475e-256
9.662588876904566493e-257
1.089241423246018226e-257
1.225904127557724155e-258
1.377455761876933968e-259
1.545211758409569296e-260
1.730624535535276759e-261
1.935324630897670676e-262
2.161174583115768318e-263
2.410337399223862967e-264
2.685361229916012731e-265
2.989281525181191851e-266
3.325741453338014380e-267
3.699130741191129741e-268
4.114742348855853627e-269
4.578945561231785850e-270
5.099373207459098693e-271
5.685119877648274794e-272
6.346947284203796696e-273
7.097492437880653485e-274
7.951474255726543372e-275
8.925894871378032668e-276
1.004023376758265287e-276
1.131663681878413755e-277
1.278011024862057550e-278
1.445874510550707492e-279
1.638402883535007037e-280
1.859136279828568849e-281
2.112103100168109805e-282
2.402012356804139457e-283
2.734644730471945908e-284
3.117653869872840850e-285
3.562210853419721553e-286
4.086376092677762012e-287
4.722000172855660963e-288
5.528812338625741086e-289
6.623101769835655825e-290
8.235925161913738008e-291
1.083084320628499948e-291
1.534123284461835346e-292
2.364688671713540817e-293
3.952762769667884004e-294
7.056417207923191636e-295
1.319127034322234961e-295
2.537712439786160141e-296
4.960914167549071964e-297
9.774535908678869426e-298
1.931518998642047937e-298
3.816962161496708745e-299
7.530703824239613435e-300
1.481987494034114091e-300
2.907456334213848171e-301
5.684721878209989238e-302
1.107531365156559623e-302
2.149851167472436480e-303
4.157561479427378623e-304
8.009938758665338765e-305
1.537332686547203938e-305
2.939312601220663502e-306
5.598295879934462545e-307
1.062165055124364451e-307
2.007468677253188775e-308
3.779383836365068606e-309
7.087673661074082137e-310
1.324012381849657258e-310
2.463662357958487732e-311
4.566320051841129265e-312
8.430294448102220484e-313
1.550263747674723211e-313
2.839553780201127366e-314
5.180497414759400609e-315
9.413797667099288751e-316
1.703826881197789372e-316
3.071485074111798660e-317
5.514785442162285988e-318
9.861896136943369894e-319
1.756452777530215589e-319
3.115577962674900708e-320
5.503891294671486502e-321
9.634280093904307611e-322
1.679823195860238250e-322
2.470328229206232721e-323
0.000000000000000000e+00
0.000000000000000000e+00
0.000000000000000000e+00
0.000000000000000000e+00
0.000000000000000000e+00
0.000000000000000000e+00
0.000000000000000000e+00
0.000000000000000000e+00
0.000000000000000000e+00
0.000000000000000000e+00
0.000000000000000000e+00
0.000000000000000000e+00
0.000000000000000000e+00
0.000000000000000000e+00
0.000000000000000000e+00
0.000000000000000000e+00
0.000000000000000000e+00
0.000000000000000000e+00
0.000000000000000000e+00
0.000000000000000000e+00
0.000000000000000000e+00
0.000000000000000000e+00
0.000000000000000000e+00
0.000000000000000000e+00
0.000000000000000000e+00
0.000000000000000000e+00
0.000000000000000000e+00
0.000000000000000000e+00
0.000000000000000000e+00
0.000000000000000000e+00
0.000000000000000000e+00
0.000000000000000000e+00
0.000000000000000000e+00
0.000000000000000000e+00
0.000000000000000000e+00
0.000000000000000000e+00
0.000000000000000000e+00
0.000000000000000000e+00
0.000000000000000000e+00
0.000000000000000000e+00
0.000000000000000000e+00
0.000000000000000000e+00
0.000000000000000000e+00
0.000000000000000000e+00
0.000000000000000000e+00
0.000000000000000000e+00
0.000000000000000000e+00
0.000000000000000000e+00
0.000000000000000000e+00
0.000000000000000000e+00
0.000000000000000000e+00
0.000000000000000000e+00
0.000000000000000000e+00
0.000000000000000000e+00
0.000000000000000000e+00
0.000000000000000000e+00
0.000000000000000000e+00
0.000000000000000000e+00
0.000000000000000000e+00
0.000000000000000000e+00
0.000000000000000000e+00
0.000000000000000000e+00
0.000000000000000000e+00
0.000000000000000000e+00
0.000000000000000000e+00
0.000000000000000000e+00
0.000000000000000000e+00
0.000000000000000000e+00
0.000000000000000000e+00
0.000000000000000000e+00
0.000000000000000000e+00
0.000000000000000000e+00
0.000000000000000000e+00
0.000000000000000000e+00
0.000000000000000000e+00
0.000000000000000000e+00
0.000000000000000000e+00
0.000000000000000000e+00
0.000000000000000000e+00
0.000000000000000000e+00
0.000000000000000000e+00
0.000000000000000000e+00
0.000000000000000000e+00
0.000000000000000000e+00
0.000000000000000000e+00
0.000000000000000000e+00
0.000000000000000000e+00
0.000000000000000000e+00
0.000000000000000000e+00
0.000000000000000000e+00
0.000000000000000000e+00
0.000000000000000000e+00
0.000000000000000000e+00
0.000000000000000000e+00
0.000000000000000000e+00
0.000000000000000000e+00
0.000000000000000000e+00
0.000000000000000000e+00
0.000000000000000000e+00
0.000000000000000000e+00
0.000000000000000000e+00
0.000000000000000000e+00
0.000000000000000000e+00
0.000000000000000000e+00
0.000000000000000000e+00
0.000000000000000000e+00
0.000000000000000000e+00
0.000000000000000000e+00
0.000000000000000000e+00
0.000000000000000000e+00
0.000000000000000000e+00
0.000000000000000000e+00
0.000000000000000000e+00
0.000000000000000000e+00
0.000000000000000000e+00
0.000000000000000000e+00
0.000000000000000000e+00
0.000000000000000000e+00
0.000000000000000000e+00
0.000000000000000000e+00
0.000000000000000000e+00
0.000000000000000000e+00
0.000000000000000000e+00
0.000000000000000000e+00
0.000000000000000000e+00
0.000000000000000000e+00
0.000000000000000000e+00
0.000000000000000000e+00
0.000000000000000000e+00
0.000000000000000000e+00
0.000000000000000000e+00
0.000000000000000000e+00
0.000000000000000000e+00
0.000000000000000000e+00
0.000000000000000000e+00
0.000000000000000000e+00
0.000000000000000000e+00
0.000000000000000000e+00
0.000000000000000000e+00
0.000000000000000000e+00
0.000000000000000000e+00
0.000000000000000000e+00
0.000000000000000000e+00
0.000000000000000000e+00
0.000000000000000000e+00
0.000000000000000000e+00
0.000000000000000000e+00
0.000000000000000000e+00
0.000000000000000000e+00
0.000000000000000000e+00
0.000000000000000000e+00
0.000000000000000000e+00
0.000000000000000000e+00
0.000000000000000000e+00
0.000000000000000000e+00
0.000000000000000000e+00
0.000000000000000000e+00
0.000000000000000000e+00
0.000000000000000000e+00
0.000000000000000000e+00
0.000000000000000000e+00
0.000000000000000000e+00
0.000000000000000000e+00
0.000000000000000000e+00
0.000000000000000000e+00
0.000000000000000000e+00
0.000000000000000000e+00
0.000000000000000000e+00
0.000000000000000000e+00
0.000000000000000000e+00
0.000000000000000000e+00
0.000000000000000000e+00
0.000000000000000000e+00
0.000000000000000000e+00
0.000000000000000000e+00
0.000000000000000000e+00
0.000000000000000000e+00
0.000000000000000000e+00
0.000000000000000000e+00
0.000000000000000000e+00
0.000000000000000000e+00
0.000000000000000000e+00
0.000000000000000000e+00
0.000000000000000000e+00
0.000000000000000000e+00
0.000000000000000000e+00
0.000000000000000000e+00
0.000000000000000000e+00
0.000000000000000000e+00
0.000000000000000000e+00
0.000000000000000000e+00
0.000000000000000000e+00
0.000000000000000000e+00
0.000000000000000000e+00
0.000000000000000000e+00
0.000000000000000000e+00
0.000000000000000000e+00
0.000000000000000000e+00
0.000000000000000000e+00
0.000000000000000000e+00
0.000000000000000000e+00
0.000000000000000000e+00
0.000000000000000000e+00
0.000000000000000000e+00
0.000000000000000000e+00
0.000000000000000000e+00
0.000000000000000000e+00
0.000000000000000000e+00
0.000000000000000000e+00
0.000000000000000000e+00
0.000000000000000000e+00
0.000000000000000000e+00
0.000000000000000000e+00
0.000000000000000000e+00
0.000000000000000000e+00
0.000000000000000000e+00
0.000000000000000000e+00
0.000000000000000000e+00
0.000000000000000000e+00
0.000000000000000000e+00
0.000000000000000000e+00
0.000000000000000000e+00
0.000000000000000000e+00
0.000000000000000000e+00
0.000000000000000000e+00
0.000000000000000000e+00
0.000000000000000000e+00
0.000000000000000000e+00
0.000000000000000000e+00
0.000000000000000000e+00
0.000000000000000000e+00
0.000000000000000000e+00
0.000000000000000000e+00
0.000000000000000000e+00
0.000000000000000000e+00
0.000000000000000000e+00
0.000000000000000000e+00
0.000000000000000000e+00
0.000000000000000000e+00
0.000000000000000000e+00
0.000000000000000000e+00
0.000000000000000000e+00
0.000000000000000000e+00
0.000000000000000000e+00
0.000000000000000000e+00
0.000000000000000000e+00
0.000000000000000000e+00
0.000000000000000000e+00
0.000000000000000000e+00
0.000000000000000000e+00
0.000000000000000000e+00
0.000000000000000000e+00
0.000000000000000000e+00
0.000000000000000000e+00
0.000000000000000000e+00
0.000000000000000000e+00
0.000000000000000000e+00
0.000000000000000000e+00
0.000000000000000000e+00
0.000000000000000000e+00
0.000000000000000000e+00
0.000000000000000000e+00
0.000000000000000000e+00
0.000000000000000000e+00
0.000000000000000000e+00
0.000000000000000000e+00
0.000000000000000000e+00
0.000000000000000000e+00
0.000000000000000000e+00
0.000000000000000000e+00
0.000000000000000000e+00
0.000000000000000000e+00
0.000000000000000000e+00
0.000000000000000000e+00
0.000000000000000000e+00
0.000000000000000000e+00
0.000000000000000000e+00
0.000000000000000000e+00
0.000000000000000000e+00
0.000000000000000000e+00
0.000000000000000000e+00
0.000000000000000000e+00
0.000000000000000000e+00
0.000000000000000000e+00
0.000000000000000000e+00
0.000000000000000000e+00
0.000000000000000000e+00
0.000000000000000000e+00
0.000000000000000000e+00
0.000000000000000000e+00
0.000000000000000000e+00
0.000000000000000000e+00
0.000000000000000000e+00
0.000000000000000000e+00
0.000000000000000000e+00
0.000000000000000000e+00
0.000000000000000000e+00
0.000000000000000000e+00
0.000000000000000000e+00
0.000000000000000000e+00
0.000000000000000000e+00
0.000000000000000000e+00
0.000000000000000000e+00
0.000000000000000000e+00
0.000000000000000000e+00
0.000000000000000000e+00
0.000000000000000000e+00
0.000000000000000000e+00
0.000000000000000000e+00
0.000000000000000000e+00
0.000000000000000000e+00
0.000000000000000000e+00
0.000000000000000000e+00
0.000000000000000000e+00
0.000000000000000000e+00
0.000000000000000000e+00
0.000000000000000000e+00
0.000000000000000000e+00
0.000000000000000000e+00
0.000000000000000000e+00
0.000000000000000000e+00
0.000000000000000000e+00
0.000000000000000000e+00
0.000000000000000000e+00
0.000000000000000000e+00
0.000000000000000000e+00
0.000000000000000000e+00
0.000000000000000000e+00
0.000000000000000000e+00
0.000000000000000000e+00
0.000000000000000000e+00
0.000000000000000000e+00
0.000000000000000000e+00
0.000000000000000000e+00
0.000000000000000000e+00
0.000000000000000000e+00
0.000000000000000000e+00
0.000000000000000000e+00
0.000000000000000000e+00
0.000000000000000000e+00
0.000000000000000000e+00
0.000000000000000000e+00
0.000000000000000000e+00
0.000000000000000000e+00
0.000000000000000000e+00
0.000000000000000000e+00
0.000000000000000000e+00
0.000000000000000000e+00
0.000000000000000000e+00
0.000000000000000000e+00
0.000000000000000000e+00
0.000000000000000000e+00
0.000000000000000000e+00
0.000000000000000000e+00
0.000000000000000000e+00
0.000000000000000000e+00
0.000000000000000000e+00
0.000000000000000000e+00
0.000000000000000000e+00
0.000000000000000000e+00
0.000000000000000000e+00
0.000000000000000000e+00
0.000000000000000000e+00
0.000000000000000000e+00
0.000000000000000000e+00
0.000000000000000000e+00
0.000000000000000000e+00
0.000000000000000000e+00
0.000000000000000000e+00
0.000000000000000000e+00
0.000000000000000000e+00
0.000000000000000000e+00
0.000000000000000000e+00
0.000000000000000000e+00
0.000000000000000000e+00
0.000000000000000000e+00
0.000000000000000000e+00
0.000000000000000000e+00
0.000000000000000000e+00
0.000000000000000000e+00
0.000000000000000000e+00
0.000000000000000000e+00
0.000000000000000000e+00
0.000000000000000000e+00
0.000000000000000000e+00
0.000000000000000000e+00
0.000000000000000000e+00
0.000000000000000000e+00
0.000000000000000000e+00
0.000000000000000000e+00
0.000000000000000000e+00
0.000000000000000000e+00
0.000000000000000000e+00
0.000000000000000000e+00
0.000000000000000000e+00
0.000000000000000000e+00
0.000000000000000000e+00
0.000000000000000000e+00
0.000000000000000000e+00
0.000000000000000000e+00
0.000000000000000000e+00
0.000000000000000000e+00
0.000000000000000000e+00
0.000000000000000000e+00
0.000000000000000000e+00
0.000000000000000000e+00
0.000000000000000000e+00
0.000000000000000000e+00
0.000000000000000000e+00
0.000000000000000000e+00
0.000000000000000000e+00
0.000000000000000000e+00
0.000000000000000000e+00
0.000000000000000000e+00
0.000000000000000000e+00
0.000000000000000000e+00
0.000000000000000000e+00
0.000000000000000000e+00
0.000000000000000000e+00
0.000000000000000000e+00
0.000000000000000000e+00
0.000000000000000000e+00
0.000000000000000000e+00
0.000000000000000000e+00
0.000000000000000000e+00
0.000000000000000000e+00
0.000000000000000000e+00
0.000000000000000000e+00
0.000000000000000000e+00
0.000000000000000000e+00
0.000000000000000000e+00
0.000000000000000000e+00
0.000000000000000000e+00
0.000000000000000000e+00
0.000000000000000000e+00
0.000000000000000000e+00
0.000000000000000000e+00
0.000000000000000000e+00
0.000000000000000000e+00
0.000000000000000000e+00
0.000000000000000000e+00
0.000000000000000000e+00
0.000000000000000000e+00
0.000000000000000000e+00
0.000000000000000000e+00
0.000000000000000000e+00
0.000000000000000000e+00
0.000000000000000000e+00
0.000000000000000000e+00
0.000000000000000000e+00
0.000000000000000000e+00
0.000000000000000000e+00
0.000000000000000000e+00
0.000000000000000000e+00
0.000000000000000000e+00
0.000000000000000000e+00
0.000000000000000000e+00
0.000000000000000000e+00
0.000000000000000000e+00
0.000000000000000000e+00
0.000000000000000000e+00
0.000000000000000000e+00
0.000000000000000000e+00
0.000000000000000000e+00
0.000000000000000000e+00
0.000000000000000000e+00
0.000000000000000000e+00
0.000000000000000000e+00
0.000000000000000000e+00
0.000000000000000000e+00
0.000000000000000000e+00
0.000000000000000000e+00
0.000000000000000000e+00
0.000000000000000000e+00
0.000000000000000000e+00
0.000000000000000000e+00
0.000000000000000000e+00
0.000000000000000000e+00
0.000000000000000000e+00
0.000000000000000000e+00
0.000000000000000000e+00
0.000000000000000000e+00
0.000000000000000000e+00
0.000000000000000000e+00
0.000000000000000000e+00
0.000000000000000000e+00
0.000000000000000000e+00
0.000000000000000000e+00
0.000000000000000000e+00
0.000000000000000000e+00
0.000000000000000000e+00
0.000000000000000000e+00
0.000000000000000000e+00
0.000000000000000000e+00
0.000000000000000000e+00
0.000000000000000000e+00
0.000000000000000000e+00
0.000000000000000000e+00
0.000000000000000000e+00
0.000000000000000000e+00
0.000000000000000000e+00
0.000000000000000000e+00
0.000000000000000000e+00
0.000000000000000000e+00
0.000000000000000000e+00
0.000000000000000000e+00
0.000000000000000000e+00
0.000000000000000000e+00
0.000000000000000000e+00
0.000000000000000000e+00
0.000000000000000000e+00
0.000000000000000000e+00
0.000000000000000000e+00
0.000000000000000000e+00
0.000000000000000000e+00
0.000000000000000000e+00
0.000000000000000000e+00
0.000000000000000000e+00
0.000000000000000000e+00
0.000000000000000000e+00
0.000000000000000000e+00
0.000000000000000000e+00
0.000000000000000000e+00
0.000000000000000000e+00
0.000000000000000000e+00
0.000000000000000000e+00
0.000000000000000000e+00
0.000000000000000000e+00
0.000000000000000000e+00
0.000000000000000000e+00
0.000000000000000000e+00
0.000000000000000000e+00
0.000000000000000000e+00
0.000000000000000000e+00
0.000000000000000000e+00
0.000000000000000000e+00
0.000000000000000000e+00
0.000000000000000000e+00
0.000000000000000000e+00
0.000000000000000000e+00
0.000000000000000000e+00
0.000000000000000000e+00
0.000000000000000000e+00
0.000000000000000000e+00
0.000000000000000000e+00
0.000000000000000000e+00
0.000000000000000000e+00
0.000000000000000000e+00
0.000000000000000000e+00
0.000000000000000000e+00
0.000000000000000000e+00
0.000000000000000000e+00
0.000000000000000000e+00
0.000000000000000000e+00
0.000000000000000000e+00
0.000000000000000000e+00
0.000000000000000000e+00
0.000000000000000000e+00
0.000000000000000000e+00
0.000000000000000000e+00
0.000000000000000000e+00
0.000000000000000000e+00
0.000000000000000000e+00
0.000000000000000000e+00
0.000000000000000000e+00
0.000000000000000000e+00
0.000000000000000000e+00
0.000000000000000000e+00
0.000000000000000000e+00
0.000000000000000000e+00
0.000000000000000000e+00
0.000000000000000000e+00
0.000000000000000000e+00
0.000000000000000000e+00
0.000000000000000000e+00
0.000000000000000000e+00
0.000000000000000000e+00
0.000000000000000000e+00
0.000000000000000000e+00
0.000000000000000000e+00
0.000000000000000000e+00
0.000000000000000000e+00
0.000000000000000000e+00
0.000000000000000000e+00
0.000000000000000000e+00
0.000000000000000000e+00
0.000000000000000000e+00
0.000000000000000000e+00
0.000000000000000000e+00
0.000000000000000000e+00
0.000000000000000000e+00
0.000000000000000000e+00
0.000000000000000000e+00
0.000000000000000000e+00
0.000000000000000000e+00
0.000000000000000000e+00
0.000000000000000000e+00
0.000000000000000000e+00
0.000000000000000000e+00
0.000000000000000000e+00
0.000000000000000000e+00
0.000000000000000000e+00
0.000000000000000000e+00
0.000000000000000000e+00
0.000000000000000000e+00
0.000000000000000000e+00
0.000000000000000000e+00
0.000000000000000000e+00
0.000000000000000000e+00
0.000000000000000000e+00
0.000000000000000000e+00
0.000000000000000000e+00
0.000000000000000000e+00
0.000000000000000000e+00
0.000000000000000000e+00
0.000000000000000000e+00
0.000000000000000000e+00
0.000000000000000000e+00
0.000000000000000000e+00
0.000000000000000000e+00
0.000000000000000000e+00
0.000000000000000000e+00
0.000000000000000000e+00
0.000000000000000000e+00
0.000000000000000000e+00
0.000000000000000000e+00
0.000000000000000000e+00
0.000000000000000000e+00
0.000000000000000000e+00
0.000000000000000000e+00
0.000000000000000000e+00
0.000000000000000000e+00
0.000000000000000000e+00
0.000000000000000000e+00
0.000000000000000000e+00
0.000000000000000000e+00
0.000000000000000000e+00
0.000000000000000000e+00
0.000000000000000000e+00
0.000000000000000000e+00
0.000000000000000000e+00
0.000000000000000000e+00
0.000000000000000000e+00
0.000000000000000000e+00
0.000000000000000000e+00
0.000000000000000000e+00
0.000000000000000000e+00
0.000000000000000000e+00
0.000000000000000000e+00
0.000000000000000000e+00
0.000000000000000000e+00
0.000000000000000000e+00
0.000000000000000000e+00
0.000000000000000000e+00
0.000000000000000000e+00
0.000000000000000000e+00
0.000000000000000000e+00
0.000000000000000000e+00
0.000000000000000000e+00
0.000000000000000000e+00
0.000000000000000000e+00
0.000000000000000000e+00
0.000000000000000000e+00
0.000000000000000000e+00
0.000000000000000000e+00
0.000000000000000000e+00
0.000000000000000000e+00
0.000000000000000000e+00
0.000000000000000000e+00
0.000000000000000000e+00
0.000000000000000000e+00
0.000000000000000000e+00
0.000000000000000000e+00
0.000000000000000000e+00
0.000000000000000000e+00
0.000000000000000000e+00
0.000000000000000000e+00
0.000000000000000000e+00
0.000000000000000000e+00
0.000000000000000000e+00
0.000000000000000000e+00
0.000000000000000000e+00
0.000000000000000000e+00
0.000000000000000000e+00
0.000000000000000000e+00
0.000000000000000000e+00
0.000000000000000000e+00
0.000000000000000000e+00
0.000000000000000000e+00
0.000000000000000000e+00
0.000000000000000000e+00
0.000000000000000000e+00
0.000000000000000000e+00
0.000000000000000000e+00
0.000000000000000000e+00
0.000000000000000000e+00
0.000000000000000000e+00
0.000000000000000000e+00
0.000000000000000000e+00
0.000000000000000000e+00
0.000000000000000000e+00
0.000000000000000000e+00
0.000000000000000000e+00
0.000000000000000000e+00
0.000000000000000000e+00
0.000000000000000000e+00
0.000000000000000000e+00
0.000000000000000000e+00
0.000000000000000000e+00
0.000000000000000000e+00
0.000000000000000000e+00
0.000000000000000000e+00
0.000000000000000000e+00
0.000000000000000000e+00
0.000000000000000000e+00
0.000000000000000000e+00
0.000000000000000000e+00
0.000000000000000000e+00
0.000000000000000000e+00
0.000000000000000000e+00
0.000000000000000000e+00
0.000000000000000000e+00
0.000000000000000000e+00
0.000000000000000000e+00
0.000000000000000000e+00
0.000000000000000000e+00
0.000000000000000000e+00
0.000000000000000000e+00
0.000000000000000000e+00
0.000000000000000000e+00
0.000000000000000000e+00
0.000000000000000000e+00
0.000000000000000000e+00
0.000000000000000000e+00
0.000000000000000000e+00
0.000000000000000000e+00
0.000000000000000000e+00
0.000000000000000000e+00
0.000000000000000000e+00
0.000000000000000000e+00
0.000000000000000000e+00
0.000000000000000000e+00
0.000000000000000000e+00
0.000000000000000000e+00
0.000000000000000000e+00
0.000000000000000000e+00
0.000000000000000000e+00
0.000000000000000000e+00
0.000000000000000000e+00
0.000000000000000000e+00
0.000000000000000000e+00
0.000000000000000000e+00
0.000000000000000000e+00
0.000000000000000000e+00
0.000000000000000000e+00
0.000000000000000000e+00
0.000000000000000000e+00
0.000000000000000000e+00
0.000000000000000000e+00
0.000000000000000000e+00
0.000000000000000000e+00
0.000000000000000000e+00
0.000000000000000000e+00
0.000000000000000000e+00
0.000000000000000000e+00
0.000000000000000000e+00
0.000000000000000000e+00
0.000000000000000000e+00
0.000000000000000000e+00
0.000000000000000000e+00
0.000000000000000000e+00
0.000000000000000000e+00
0.000000000000000000e+00
0.000000000000000000e+00
0.000000000000000000e+00
0.000000000000000000e+00
0.000000000000000000e+00
