2.173290160351611655e-01
4.086362988290297843e-02
3.041346639825755899e-02
3.286413919331137440e-02
3.651876368964121489e-02
3.958492593395997877e-02
4.178396560277516242e-02
4.308111529266674816e-02
4.350725730370708783e-02
4.314128896721213663e-02
4.209501774985190820e-02
4.049473487043308423e-02
3.846664220251609645e-02
3.612784002613604606e-02
3.358182545370494432e-02
3.091699831708120613e-02
2.820694797239571561e-02
2.551167157085271545e-02
2.287917858046786476e-02
2.034714816871113080e-02
1.794444996117994240e-02
1.569244065274498501e-02
1.360602243966606804e-02
1.169449748108597649e-02
9.962276272128471610e-03
8.409500311858776958e-03
7.032627481992088231e-03
5.825009966366647210e-03
4.777475917745859987e-03
3.878911448031775386e-03
3.116830356135555195e-03
2.477914995972281542e-03
1.948511635344384952e-03
1.515066203195198757e-03
1.164490300480246383e-03
8.844518890058164105e-04
6.635895690664532671e-04
4.916534051311665602e-04
3.595785978979867004e-04
2.595007814052040164e-04
1.847232902380411743e-04
1.296474196304850239e-04
8.967658215475877959e-05
6.110448942277082790e-05
4.099622615426769500e-05
2.706951760410460146e-05
1.758179264654940649e-05
1.122696494637766821e-05
7.044313184310643419e-06
4.340521331868358454e-06
2.624887751184306523e-06
1.556940383649750851e-06
9.051903563036327131e-07
5.154844700224060031e-07
2.873333451763850063e-07
1.566475023748085927e-07
8.346116898996529297e-08
4.342190958191635706e-08
2.204038397716270545e-08
1.090482804703004241e-08
5.254020437786323558e-09
2.462639216021275654e-09
1.121725102187808040e-09
4.959815452339469782e-10
2.126325097954664183e-10
8.827622734031905238e-11
3.544412339804613293e-11
1.374476275220104730e-11
5.140395463854621742e-12
1.851237620914975349e-12
6.409681751885491168e-13
2.130026112260055109e-13
6.781431674833794981e-14
2.064675041266056476e-14
5.999362098608447926e-15
1.658788534137979689e-15
4.364333765965324528e-16
1.081530414626596678e-16
2.548848284298839971e-17
5.665365818528118108e-18
1.184187897096850967e-18
2.320904376953424995e-19
4.251606971422404779e-20
7.255260234379006650e-21
1.149267039413273536e-21
1.683531691054848817e-22
2.271488124817840889e-23
2.810821431690846653e-24
3.175562036421602920e-25
3.259701811754004454e-26
3.024627416082717699e-27
2.523014518843297180e-28
1.880942931289199487e-29
1.245416352485386272e-30
7.274684395670471975e-32
3.721629461862766255e-33
1.654571523365254631e-34
6.338830641414711519e-36
2.073606828927295456e-37
5.734530487136098251e-39
1.326070685050606970e-40
2.533333517877406309e-42
3.945212514112717792e-44
4.934391753864957515e-46
4.874509934309371199e-48
3.732305003354137620e-50
2.168029543978146790e-52
9.322462055423718565e-55
2.884376631964286089e-57
6.212536199177637440e-60
8.959651516045530234e-63
8.261494964890245336e-66
4.607844655959247999e-69
1.453412874808628625e-72
2.386829914209548969e-76
1.840945506102428717e-80
5.852954325779910895e-85
6.482019056734048036e-90
2.002598639251745628e-95
1.277221386995556194e-101
1.102353333813118525e-108
6.935993720374785512e-117
1.219327711565339320e-126
1.201098951257877585e-138
3.261288613579488051e-154
2.823770063964485648e-176
3.319325758211340268e-214
