2.139508508921603713e-01
2.762716275804467242e-02
9.005192024079433297e-03
5.523714361985691303e-03
4.990554503355967494e-03
5.127199780667511357e-03
5.398532222650573482e-03
5.677185340057409706e-03
5.937893208952417512e-03
6.179281463754251157e-03
6.404212571133020490e-03
6.615436433540215592e-03
6.814954663623019188e-03
7.004132363392301212e-03
7.183882217817278044e-03
7.354804304847188667e-03
7.517280958038182956e-03
7.671541084243733120e-03
7.817705148009040234e-03
7.955817801910977302e-03
8.085872322594342756e-03
8.207829355933522059e-03
8.321631521611595403e-03
8.427214872390117323e-03
8.524517873734508908e-03
8.613488370037503117e-03
8.694088880992276516e-03
8.766300494801509968e-03
8.830125575470545649e-03
8.885589468294884802e-03
8.932741364018908017e-03
8.971654463928486686e-03
9.002425572919510108e-03
9.025174234016117639e-03
9.040041505186550974e-03
9.047188467322669556e-03
9.046794540828573261e-03
9.039055677432851835e-03
9.024182483681083417e-03
9.002398323159870389e-03
8.973937435921938710e-03
8.939043105860942223e-03
8.897965899945615292e-03
8.850961997245315044e-03
8.798291620537343483e-03
8.740217578924647582e-03
8.677003926252795790e-03
8.608914737126780251e-03
8.536212999923012065e-03
8.459159624294231711e-03
8.378012559211923949e-03
8.293026016512066237e-03
8.204449794150683525e-03
8.112528692879832429e-03
8.017502019773499813e-03
7.919603171928421906e-03
7.819059293695572802e-03
7.716091000938021804e-03
7.610912166029006574e-03
7.503729757583563371e-03
7.394743729234419874e-03
7.284146952108443325e-03
7.172125186017270712e-03
7.058857084739878288e-03
6.944514231134190502e-03
6.829261198167371066e-03
6.713255632293388224e-03
6.596648355930947137e-03
6.479583486101885871e-03
6.362198566577668794e-03
6.244624711151693791e-03
6.126986755904894298e-03
6.009403418562792032e-03
5.891987463255764917e-03
5.774845869188893407e-03
5.658080001905976472e-03
5.541785785995538213e-03
5.426053878233290037e-03
5.310969840290354245e-03
5.196614310257033180e-03
5.083063172341041255e-03
4.970387724197551475e-03
4.858654841436695071e-03
4.747927138932645647e-03
4.638263128629610543e-03
4.529717373602646160e-03
4.422340638186622770e-03
4.316180034037544674e-03
4.211279162031870624e-03
4.107678249950100571e-03
4.005414285922734817e-03
3.904521147646403990e-03
3.805029727403125717e-03
3.706968052936812207e-03
3.610361404259480791e-03
3.515232426474730176e-03
3.421601238718030395e-03
3.329485539324265452e-03
3.238900707339612516e-03
3.149859900501376670e-03
3.062374149813062649e-03
2.976452450844276499e-03
2.892101851886152118e-03
2.809327539092629396e-03
2.728132918736538102e-03
2.648519696707059452e-03
2.570487955372232920e-03
2.494036227925941398e-03
2.419161570334879552e-03
2.345859630995844169e-03
2.274124718208662878e-03
2.203949865564471845e-03
2.135326895343637229e-03
2.068246480011499445e-03
2.002698201894746819e-03
1.938670611115049600e-03
1.876151281851302444e-03
1.815126866995811538e-03
1.755583151264763749e-03
1.697505102817797439e-03
1.640876923436756412e-03
1.585682097308798539e-03
1.531903438454762772e-03
1.479523136839273369e-03
1.428522803195504459e-03
1.378883512593795336e-03
1.330585846779892964e-03
1.283609935306023178e-03
1.237935495475005112e-03
1.193541871115325276e-03
1.150408070203106682e-03
1.108512801345114046e-03
1.067834509135095773e-03
1.028351408394989099e-03
9.900415173109398427e-04
9.528826894735962193e-04
9.168526448313941285e-04
8.819289995650697427e-04
8.480892948914726817e-04
8.153110248046105011e-04
7.835716627618262648e-04
7.528486873233501166e-04
7.231196067535588948e-04
6.943619825928358741e-04
6.665534522092453774e-04
6.396717503399364192e-04
6.136947296326122729e-04
5.886003801982618664e-04
5.643668481868450429e-04
5.409724533984907593e-04
5.183957059433831225e-04
4.966153219644077726e-04
4.756102384371423803e-04
4.553596270627750385e-04
4.358429072700860775e-04
4.170397583433181708e-04
3.989301306936267420e-04
3.814942562921871429e-04
3.647126582838797725e-04
3.485661598009349321e-04
3.330358919964525300e-04
3.181033013182812800e-04
3.037501560441181487e-04
2.899585520991346298e-04
2.767109181777830979e-04
2.639900201917495023e-04
2.517789650662722038e-04
2.400612039072582023e-04
2.288205345618174675e-04
2.180411035949203025e-04
2.077074077049575584e-04
1.978042946010455090e-04
1.883169633648403246e-04
1.792309643195999242e-04
1.705321984291088507e-04
1.622069162489445256e-04
1.542417164523695748e-04
1.466235439529051479e-04
1.393396876453911108e-04
1.323777777870579955e-04
1.257257830397703468e-04
1.193720071942994994e-04
1.133050855970636170e-04
1.075139812993892795e-04
1.019879809488995946e-04
9.671669044220482020e-05
9.169003035759458280e-05
8.689823118590178262e-05
8.233182837728969116e-05
7.798165722111509283e-05
7.383884757552160172e-05
6.989481846289528227e-05
6.614127254673735144e-05
6.257019050498070626e-05
5.917382531417851403e-05
5.594469645849937034e-05
5.287558407682137055e-05
4.995952306069606139e-05
4.718979711541498672e-05
4.455993279576961298e-05
4.206369352761841118e-05
3.969507362579779915e-05
3.744829231832802252e-05
3.531778778639212417e-05
3.329821122896691311e-05
3.138442096053149153e-05
2.957147654968465765e-05
2.785463300607993086e-05
2.622933502252538653e-05
2.469121127867170354e-05
2.323606881219795003e-05
2.185988746297414989e-05
2.055881439523291735e-05
1.932915870233752723e-05
1.816738609835534819e-05
1.707011370017857274e-05
1.603410490363694086e-05
1.505626435657296785e-05
1.413363303158379009e-05
1.326338340071482705e-05
1.244281471413034261e-05
1.166934838439379535e-05
1.094052347776328346e-05
1.025399231358214114e-05
9.607516172568955978e-06
8.998961114580377571e-06
8.426293906159523228e-06
7.887578057939911808e-06
7.380969971794494621e-06
6.904715197390777914e-06
6.457144797603178256e-06
6.036671822131723584e-06
5.641787888390416152e-06
5.271059868720540359e-06
4.923126682705056190e-06
4.596696193310800557e-06
4.290542205475851611e-06
4.003501565578042747e-06
3.734471360177393546e-06
3.482406212346383096e-06
3.246315673770043312e-06
3.025261710771951823e-06
2.818356282344558185e-06
2.624759008199432856e-06
2.443674924832370051e-06
2.274352327528990450e-06
2.116080696223392886e-06
1.968188703101150402e-06
1.830042299797967580e-06
1.701042882071784364e-06
1.580625529748656973e-06
1.468257319844336480e-06
1.363435710664489817e-06
1.265686994745686145e-06
1.174564818525687716e-06
1.089648766596537766e-06
1.010543008466325784e-06
9.368750057282811994e-07
8.682942776160873017e-07
8.044712228990128072e-07
7.450959961472424395e-07
6.898774363864857258e-07
6.385420462493625385e-07
5.908330197152595520e-07
5.465093166025548816e-07
5.053447820146324741e-07
4.671273089549017495e-07
4.316580424181384297e-07
3.987506232505884280e-07
3.682304701652215784e-07
3.399340983113868244e-07
3.137084728463455112e-07
2.894103960336508746e-07
2.669059263737979069e-07
2.460698283904824970e-07
2.267850516809641989e-07
2.089422379290400619e-07
1.924392545787499140e-07
1.771807539568880193e-07
1.630777566375819367e-07
1.500472579075184841e-07
1.380118562235810291e-07
1.268994025965754752e-07
1.166426698752069552e-07
1.071790409467727933e-07
9.845021491065355902e-08
9.040193030794837229e-08
8.298370454560758633e-08
7.614858867583820855e-08
6.985293672979632437e-08
6.405618884099983104e-08
5.872066742838048415e-08
5.381138574006491327e-08
4.929586808433712944e-08
4.514398111231590145e-08
4.132777554816231071e-08
3.782133777858457532e-08
3.460065076215274262e-08
3.164346371053847764e-08
2.892917006780231242e-08
2.643869328790724401e-08
2.415437997522532635e-08
2.205989994847028236e-08
2.014015282341926597e-08
1.838118072615150761e-08
1.677008677766304485e-08
1.529495898922651761e-08
1.394479925009946334e-08
1.270945709088856252e-08
1.157956793393482129e-08
1.054649554361114869e-08
9.602278419682309341e-09
8.739579885313212281e-09
7.951641634363975036e-09
7.232240513308041097e-09
6.575648338778366920e-09
5.976594539627367021e-09
5.430231457451505816e-09
4.932102113197030784e-09
4.478110295280109958e-09
4.064492787653152234e-09
3.687793634195020399e-09
3.344840256583727238e-09
3.032721338182820287e-09
2.748766330864495350e-09
2.490526481208964703e-09
2.255757272782689464e-09
2.042402176712179257e-09
1.848577632247602576e-09
1.672559160851687330e-09
1.512768533074613385e-09
1.367761923656794171e-09
1.236218970827267115e-09
1.116932680117193848e-09
1.008800122133438994e-09
9.108138380818010657e-10
8.220539364516585715e-10
7.416808004576425476e-10
6.689283828618896220e-10
6.030980230049087155e-10
5.435527675232104015e-10
4.897121460711540174e-10
4.410473602193190999e-10
3.970768765500692847e-10
3.573623665059789133e-10
3.215049856615996333e-10
2.891419582435676244e-10
2.599434388753468390e-10
2.336096443094465187e-10
2.098682177900164148e-10
1.884718100387553189e-10
1.691958795202896781e-10
1.518366598632135625e-10
1.362093156677369348e-10
1.221462434213013054e-10
1.094955277021333343e-10
9.811952440116844718e-11
8.789357014523799952e-11
7.870479979735754116e-11
7.045107050195953322e-11
6.303998050523289443e-11
5.638796995229862311e-11
5.041950685882288623e-11
4.506634077868595321e-11
4.026682532205030838e-11
3.596530201967587561e-11
3.211153465945876350e-11
2.866020371624896380e-11
2.557043908953045266e-11
2.280539560912764203e-11
2.033187131261980046e-11
1.811996053000621033e-11
1.614273631450753123e-11
1.437595888540765495e-11
1.279782395411475942e-11
1.138871920759590698e-11
1.013101331520975923e-11
9.008862899479444197e-12
8.008035377365243021e-12
7.115750408343069347e-12
6.320537143119333563e-12
5.612102628541569944e-12
4.981216264605849891e-12
4.419602160773893283e-12
3.919844333650765574e-12
3.475298531939993541e-12
3.080015417691021425e-12
2.728668741218902658e-12
2.416495148483350695e-12
2.139232181196116343e-12
1.893069865927191891e-12
1.674603237556187903e-12
1.480790288265522294e-12
1.308914460420133589e-12
1.156551771107701193e-12
1.021538293630305321e-12
9.019444951244526368e-13
7.960498428603278070e-13
7.023221196987499008e-13
6.193935168618467173e-13
5.460506132620787426e-13
4.812083518688517056e-13
4.239046602324674742e-13
3.732822295398141571e-13
3.285796885105828928e-13
2.891198255904003984e-13
2.543016222962394693e-13
2.235908078372403151e-13
1.965133737570036020e-13
1.726483251054589081e-13
1.516236991765810089e-13
1.331078887936213356e-13
1.168079449383356839e-13
1.024647038828508597e-13
8.984809763518587728e-14
7.875442443391386621e-14
6.900381522954266779e-14
6.043662597292631347e-14
5.291266672580976315e-14
4.630757030230276619e-14
4.051130291938653883e-14
3.542659075246684094e-14
3.096795437446415780e-14
2.705980725922890455e-14
2.363587804520369706e-14
2.063709984873117802e-14
1.801165659507404832e-14
1.571380960671926053e-14
1.370346972326522411e-14
1.194611990125180567e-14
1.041002978289718092e-14
9.067756934116116272e-15
7.895726615004326145e-15
6.872090750462477469e-15
5.978814387207427481e-15
5.199860738816343317e-15
4.520317246544588627e-15
3.928144017594026336e-15
3.411938564009651243e-15
2.962556297051642266e-15
2.571389798105822492e-15
2.230873768847731398e-15
1.934523601406861904e-15
1.677100836137141638e-15
1.453297728287530870e-15
1.258774975462336223e-15
1.089914660088757446e-15
9.429796886382184571e-16
8.157221969107636688e-16
7.051136722634941392e-16
6.097514143236847359e-16
5.268567839224345743e-16
4.552128367917353739e-16
3.927899062057636247e-16
3.388898903976513131e-16
2.922464311423048744e-16
2.521316353383220485e-16
2.170208581998587757e-16
1.868339036558697720e-16
1.608679711757782314e-16
1.386121569286267193e-16
1.190154052878984588e-16
1.023430877266071864e-16
8.791505215319787271e-17
7.546835857188404168e-17
6.480007891524584773e-17
5.550962842273454564e-17
4.749764331600086415e-17
4.095340740160069681e-17
3.513996930453342380e-17
3.007769412779559111e-17
2.580061429396480756e-17
2.219662651663994341e-17
1.910091157430101173e-17
1.632770031272205792e-17
1.386325797531165323e-17
1.183883664921588793e-17
1.022000000238675368e-17
8.767939934109352782e-18
7.389449858829805385e-18
6.441374447621911178e-18
5.466999907511654335e-18
4.665535411405379773e-18
3.987773607012461863e-18
3.459349609096569927e-18
2.827680148484934436e-18
2.537802067272858022e-18
2.143852797209798957e-18
1.679948239106424232e-18
1.605787790686622241e-18
1.423330691477184300e-18
1.291235114021074869e-18
1.116628377292805837e-18
8.769689048060448551e-19
9.613294291619761740e-19
6.814149542922486841e-19
5.590160658098850293e-19
5.036856189002418195e-19
3.224242201303061781e-19
3.063628470560694943e-19
3.101502388521856994e-19
3.015536072223843850e-19
1.517950942521546916e-19
2.609353268184784569e-19
4.008184574609288383e-19
2.910057626534898475e-19
2.820043397194731981e-19
1.207920457069778688e-19
1.318337270527797085e-19
1.225578858116508583e-19
2.126333573127845767e-19
1.262022101207842422e-19
1.039187678204162873e-19
1.446301490561003331e-19
3.401542297589847789e-22
0.000000000000000000e+00
2.979031615914729270e-19
7.228815942416549859e-20
0.000000000000000000e+00
6.839311784336922892e-20
1.195905620301634270e-19
7.846988997255282892e-20
1.681685070869554635e-19
1.106914999143853367e-19
2.521834011977443234e-20
1.079702032555221602e-20
7.438953836114152152e-21
0.000000000000000000e+00
0.000000000000000000e+00
1.013895773944036075e-19
6.430436279133775312e-20
5.611446723714557935e-20
3.960286729980672792e-21
1.224635929731428189e-19
6.529534320492239158e-20
5.305888582343406807e-20
7.469096199288112523e-20
1.286414562081328652e-19
8.879854166311476697e-20
6.954935867443118697e-21
3.174708477633033514e-19
1.490173908269905409e-19
1.178804806525918134e-19
1.865542417953216991e-19
1.754632178508417822e-19
7.473275842712101748e-20
5.596479207648775587e-20
7.688956377704252680e-20
5.667009809572054679e-20
5.175100516136005592e-20
1.248010876539884953e-19
1.141200051604708044e-19
1.862179158805804914e-19
7.642810413416819432e-20
1.552224156421344994e-19
1.203707978475276050e-19
6.470925501901943211e-20
5.435709584971327410e-20
5.202086612754848912e-20
5.113239202148516732e-20
1.992975441503156862e-19
1.523332490510369659e-19
7.067996196989841457e-20
2.536837185836126530e-19
8.916009465762435621e-20
8.482817107974408412e-20
2.335126354946198149e-19
1.363289233163863000e-19
1.940267776762071148e-19
1.557274647042058192e-19
0.000000000000000000e+00
1.037615944292271015e-19
1.398047556455703720e-19
2.290542285250834040e-20
1.537131971956617538e-19
2.479877980440105499e-19
4.261725315286532883e-20
3.412416996718794306e-20
7.841356826860429284e-20
6.205203360340028791e-20
2.067179530086879380e-19
2.820035411667852033e-19
7.348790905908292558e-20
0.000000000000000000e+00
1.038564582474401537e-19
9.107000496755092459e-20
1.887297594380628314e-19
1.062370399972797060e-19
6.814103394921285333e-20
1.099287167429071589e-19
6.362029709847454948e-20
1.331220892431156049e-19
7.096441877284425784e-20
1.010691320258524302e-20
1.022162609614897272e-19
1.381133641179985441e-19
0.000000000000000000e+00
2.862229935966876240e-21
9.951258514908193787e-20
1.146267578408438940e-20
1.487856913828187896e-19
6.834350835108098629e-20
0.000000000000000000e+00
0.000000000000000000e+00
0.000000000000000000e+00
0.000000000000000000e+00
0.000000000000000000e+00
9.175390570696788177e-20
5.249048010243655227e-20
4.539763468447860064e-20
1.425550377831353816e-19
5.906495455419427849e-20
0.000000000000000000e+00
1.134231647886377518e-19
5.317897574880898128e-20
4.258678503319105648e-20
1.144851996295014036e-19
1.511325821564263438e-19
5.779974926397117550e-20
0.000000000000000000e+00
3.656396463894045188e-20
1.616020458565123774e-19
1.571707023283360903e-19
0.000000000000000000e+00
8.672007352089002443e-20
4.555260634012051802e-20
2.866499994816100826e-19
7.782554130425114415e-20
2.194380609658467378e-19
1.904811938057682629e-20
0.000000000000000000e+00
1.857899221701978652e-19
0.000000000000000000e+00
3.937672992867986327e-20
1.388775345896434890e-19
1.012478655345234007e-19
9.918840711940094584e-20
1.485716058437217344e-19
3.054186434551048008e-19
2.321229218484939615e-19
7.402657523042146136e-20
0.000000000000000000e+00
0.000000000000000000e+00
2.388971207635909248e-19
1.489909085947263689e-19
1.123383273621886844e-19
2.553486338533253689e-19
3.006472040619106261e-20
1.726639071180984799e-19
9.279810277338735719e-20
1.809953556274861217e-19
0.000000000000000000e+00
9.789882886474812117e-20
8.212464872684562114e-20
5.565369387101577280e-20
1.133636638333689405e-21
4.568585368551490993e-20
2.463468675407857216e-19
1.775415493281618913e-19
1.994461969919570902e-20
0.000000000000000000e+00
1.447940879759109242e-19
0.000000000000000000e+00
0.000000000000000000e+00
1.681165591652748814e-19
1.645265671962774256e-19
0.000000000000000000e+00
9.513044178761490969e-20
1.531220809225038931e-19
1.121224771744524745e-19
7.272413672229085932e-21
0.000000000000000000e+00
4.243983363058020828e-20
2.427469002280007930e-19
7.355089338138217012e-20
1.244637093403037655e-19
5.718212437517040027e-20
4.698288733538816114e-20
6.957512311280764254e-20
4.812743625088396620e-20
6.882915900575240937e-20
7.185491571385413088e-20
1.215709768837004028e-19
1.034381242175702675e-19
1.373724260434841182e-21
0.000000000000000000e+00
3.792381665230126781e-20
3.927413727175839857e-20
8.834062479870787959e-20
1.939278567724427524e-19
1.098356039430391105e-19
4.622885396354428026e-20
1.386687603045447572e-19
1.759520287779478100e-19
3.324725090433432305e-20
3.817795675510741838e-20
6.268720680821341289e-20
1.157191729456371616e-19
7.317516329116206195e-20
9.250076936267088918e-20
9.423193838494789137e-20
0.000000000000000000e+00
0.000000000000000000e+00
8.289556310208381725e-20
1.157692784044388591e-19
4.632062696998342760e-20
6.130689543157954077e-20
3.847905665600660604e-20
2.576057526816850436e-19
6.416060926563618409e-20
0.000000000000000000e+00
1.320150444881398395e-19
1.710899082367644291e-19
5.330526715150518757e-20
3.784834303844916747e-20
2.086032508973757126e-19
8.236395996334989956e-21
0.000000000000000000e+00
2.556918859992065124e-19
8.866268017043616885e-20
4.404865653609928845e-20
1.609701514240348189e-19
1.762812889670617945e-19
1.545964134167036568e-19
5.318997532629125832e-20
4.016102903429526011e-20
1.370010491268827948e-19
1.961210920922588256e-19
2.074093070555734531e-19
2.349537044977895729e-19
2.397883191262537366e-19
1.860806184682041164e-20
4.283657197667241632e-20
1.665132894138496294e-19
8.883530820116393691e-21
2.648448850994303816e-19
2.177703785892783978e-20
1.433856120914726093e-19
0.000000000000000000e+00
1.909491332659241761e-19
2.358571834116188570e-19
1.686002471612226779e-19
1.238201781533347985e-20
1.440678023532788076e-19
1.076471074210045393e-19
1.532481835922110836e-19
2.582009140958916774e-19
1.480969601819724488e-19
1.609479585222814575e-19
6.301015446060502932e-20
5.107866173769763526e-20
4.884962222225117380e-20
4.799677270471835590e-20
1.217236472463023570e-19
0.000000000000000000e+00
1.189903074698544751e-19
5.500700500690689158e-20
1.956162205127623147e-19
0.000000000000000000e+00
0.000000000000000000e+00
1.160134169229555623e-19
5.227598960586875240e-20
9.381782653154864587e-20
0.000000000000000000e+00
8.943527208397745140e-20
4.392071435865594311e-20
4.033875768018817028e-20
6.381881104204506784e-20
4.157533319573633946e-20
2.114356310227986984e-19
7.947813201391834411e-21
3.711638959055582986e-20
0.000000000000000000e+00
2.317654766285452953e-19
8.048830840274248749e-21
6.022971580161766609e-20
1.122354452754215499e-19
1.921203965534211572e-19
2.988199042995082751e-21
1.582037769404392603e-19
1.475345711806859118e-19
1.964673733058518138e-19
0.000000000000000000e+00
1.093279518463079159e-19
4.351059224371971003e-20
6.058106909383364084e-20
0.000000000000000000e+00
3.209467641558520368e-20
3.054433080163725165e-19
6.361718592652160698e-20
8.796621247366629797e-20
3.998810382970971250e-20
0.000000000000000000e+00
5.600130486165684384e-20
0.000000000000000000e+00
2.038667573580076352e-19
5.052796924811435898e-20
8.407536990349338801e-20
1.860795814637432511e-19
2.222824134904764576e-19
5.392968288367299387e-20
8.569277480151315416e-20
6.120668893503917688e-20
3.619721958352191025e-20
0.000000000000000000e+00
2.997005641832628044e-20
3.063201007346183758e-20
1.541294789483736306e-19
9.293747290459974877e-20
1.342463589909699772e-19
9.086610937784434825e-20
1.113423591046878719e-19
3.926713724435041010e-20
2.048710029294886239e-19
1.726409763753903583e-19
4.667358385519977194e-20
1.078241982693270640e-19
2.130899182557538873e-19
0.000000000000000000e+00
8.171681748595640500e-20
8.432953022379386553e-20
3.693793096310998451e-20
2.551015564171161917e-19
4.943691765463468035e-21
0.000000000000000000e+00
2.986303075007060557e-20
3.045839370875266836e-20
0.000000000000000000e+00
1.518896963624617780e-19
1.407696734679266945e-19
0.000000000000000000e+00
7.850036720112657555e-20
0.000000000000000000e+00
2.735395606431109939e-20
0.000000000000000000e+00
5.036181832228790623e-20
0.000000000000000000e+00
9.903477688047832581e-20
3.263229525068649001e-20
0.000000000000000000e+00
9.752981795474894268e-20
3.110887580195661888e-20
2.436276630484391658e-20
4.771129659049666193e-20
0.000000000000000000e+00
9.540866930661662828e-20
2.871006759471720292e-20
1.212380235755528388e-19
0.000000000000000000e+00
0.000000000000000000e+00
1.928378194947599780e-19
3.667592962847427290e-20
9.701858669734238582e-20
1.271804623882483579e-19
1.054108996416950846e-19
0.000000000000000000e+00
1.447809136868574806e-19
3.278612368917348532e-20
0.000000000000000000e+00
6.961822855274580593e-20
2.505411639950057955e-20
0.000000000000000000e+00
1.904764893294394541e-20
1.926519100015734907e-20
1.428645181433024122e-19
1.296166069561681266e-19
1.291751368684045093e-19
0.000000000000000000e+00
1.687313061258542088e-19
0.000000000000000000e+00
0.000000000000000000e+00
1.900134170150801653e-20
1.432911553558596016e-19
3.074701720639680791e-20
0.000000000000000000e+00
0.000000000000000000e+00
0.000000000000000000e+00
1.165347196493957448e-19
0.000000000000000000e+00
1.798349460080159810e-20
1.756002787667340349e-20
1.706531233365748776e-20
1.406041736045837767e-19
2.761151762866751955e-20
6.775009847090173595e-20
1.946867617981659545e-19
1.567763324638295240e-19
5.564227410015410024e-20
7.217786803553061016e-20
2.329321246531671777e-20
1.182283864531736039e-19
1.243315765446844445e-19
2.817387247805965770e-20
1.194166787947355332e-19
5.252790420838590765e-20
2.291381662015761986e-20
2.428848886759783566e-19
3.362559945163402585e-19
1.977197114417049545e-19
0.000000000000000000e+00
2.412824287916436727e-20
7.321605338625105134e-20
1.764195115261287505e-19
6.165904496263757137e-20
1.525409268513481385e-19
1.349397333209271848e-19
5.789358905305305958e-20
2.273302897186235437e-19
0.000000000000000000e+00
1.012082390754819685e-19
0.000000000000000000e+00
5.047946403500395387e-20
2.820474507541118098e-20
0.000000000000000000e+00
1.231629993620059792e-19
0.000000000000000000e+00
1.481517423272582473e-19
1.830939939120935607e-19
1.866345006436820841e-19
2.124715990559160781e-19
2.897371937662094558e-19
0.000000000000000000e+00
2.888032499740352707e-20
2.510841803765590849e-19
0.000000000000000000e+00
1.528720005494202582e-19
3.834150173134159027e-20
2.973643354802991289e-20
5.305568016407682904e-20
2.035124085949951605e-19
1.158845891171835894e-19
0.000000000000000000e+00
1.019530758358396480e-19
0.000000000000000000e+00
1.754625088063421744e-19
1.126556016604518882e-19
2.328495301941341039e-19
4.352323087244104368e-20
0.000000000000000000e+00
0.000000000000000000e+00
1.247809105682687300e-19
3.352601586182790710e-20
1.260764911512672865e-19
8.275201474686002992e-20
5.494345493780490089e-20
0.000000000000000000e+00
4.882986363773876502e-20
5.089520122851095135e-20
1.995090959807502397e-19
3.648884911242034678e-20
1.739211343047386337e-19
2.328290838275983590e-19
1.388926570929900441e-19
1.081220845328502637e-19
3.043474571006379218e-19
0.000000000000000000e+00
1.510227261887060038e-19
2.088139885247859724e-19
1.393623479198104318e-19
1.351658739033599726e-19
6.051367689893345534e-20
1.299753670201001743e-19
1.094485560747999827e-19
0.000000000000000000e+00
2.751861821531162783e-19
1.689176991518326190e-19
0.000000000000000000e+00
1.772853803770878802e-19
3.610174974122169341e-19
5.262946487492277172e-20
1.817415098687323540e-19
1.399350151643137259e-19
1.377654745904401481e-19
1.376833480062960446e-19
3.859493715562124405e-20
2.301575221515830169e-19
9.386387706200644157e-20
3.603295663269638584e-20
2.049799521304713041e-19
0.000000000000000000e+00
0.000000000000000000e+00
2.519251244326102980e-19
4.406804097188791992e-20
2.544708474896908928e-19
0.000000000000000000e+00
2.530766715198812702e-19
4.404974324410794051e-20
1.800882202329301930e-19
6.400490525662423919e-20
4.043345950528267518e-19
7.882001280036457316e-20
0.000000000000000000e+00
0.000000000000000000e+00
0.000000000000000000e+00
2.753242355854702543e-20
2.754125194774027475e-20
2.677076232750004917e-20
2.242976584623682287e-19
0.000000000000000000e+00
5.046857528179297050e-20
0.000000000000000000e+00
0.000000000000000000e+00
2.214502964903682060e-20
9.625923050731382923e-20
7.557179643249037155e-20
2.440910830580872881e-20
2.067166213087745588e-20
1.953444472227148080e-20
1.869909280304488415e-20
1.667139416061626215e-19
1.256527703974583307e-19
1.471892270694365622e-19
0.000000000000000000e+00
1.416557711149280036e-19
1.238161039214469980e-19
2.210223532992749755e-19
1.786260038422632216e-19
5.312716331779499591e-20
1.205550839415219035e-19
9.900858277215360622e-20
2.381826338369066851e-20
1.183564500341614906e-19
2.417825813792050732e-20
2.917506185770701380e-19
2.822162342140175088e-19
3.559750539993079289e-20
7.178827856336318035e-20
4.685950423721880107e-20
7.140874328457707207e-20
1.467489006611684631e-19
0.000000000000000000e+00
0.000000000000000000e+00
2.418234566497803339e-19
0.000000000000000000e+00
0.000000000000000000e+00
9.270097278489877053e-20
0.000000000000000000e+00
4.394498777685815559e-19
4.130354248469686338e-20
4.676068010967380201e-20
2.110536043595554846e-20
1.906771158783226689e-20
1.175989344866305390e-19
2.336210879714990804e-20
1.424582682932518315e-19
2.436166140980452738e-20
0.000000000000000000e+00
1.662851612665751427e-20
0.000000000000000000e+00
1.534109898831386251e-20
8.945771054035345610e-20
1.178330523918790071e-19
6.968599683577571579e-20
1.762441473227182604e-20
6.409668439425712142e-20
1.631413296250352753e-20
0.000000000000000000e+00
1.365880376512390451e-19
1.887530015496558158e-20
8.760051215967517411e-20
0.000000000000000000e+00
3.687672196613478306e-20
1.370818174793594846e-19
1.418881894247073934e-19
1.868207552507127747e-20
0.000000000000000000e+00
1.353822124713423121e-19
1.415152754514331441e-19
2.416887641513687354e-19
1.975099994891296902e-19
0.000000000000000000e+00
1.382158009744236480e-19
2.182260847215824598e-19
1.732255542724073073e-19
1.709272828350529456e-19
2.348289821556683393e-20
1.160826357844177790e-19
9.410815844070297411e-20
1.192956016430084989e-19
0.000000000000000000e+00
1.625118951370090230e-20
1.398357859074592001e-19
0.000000000000000000e+00
1.564764902665594543e-20
6.468917401720673248e-20
1.656883025023700298e-19
2.199172993479465176e-19
2.462590949385007856e-20
0.000000000000000000e+00
8.905301045615852423e-20
1.793203828282196729e-20
1.466043729579730531e-20
2.122755890180745228e-19
2.236224998498798171e-20
1.387660402316965498e-19
0.000000000000000000e+00
0.000000000000000000e+00
3.767128755783228027e-20
8.826608786040442866e-20
1.579060128027436438e-20
3.101073475180525826e-19
2.483942706614403756e-20
1.410200010782899007e-20
1.266824574138995834e-20
3.690897923443149596e-20
1.121033053499864636e-19
0.000000000000000000e+00
1.149928843790815584e-20
1.095042649941942009e-20
6.006038777799852786e-20
6.168226168961594111e-20
3.599386701063381866e-20
3.564133312692976790e-20
3.534924070845320097e-20
0.000000000000000000e+00
8.584441257849730886e-21
1.074076440575542733e-19
1.185236082442135283e-20
5.789049136849397340e-20
2.080214017166359514e-19
1.892647749914002450e-19
9.036761719513928148e-20
1.271268965480552499e-20
5.907408187093791044e-20
1.089230383750951155e-20
1.826655780775614558e-19
8.988024959992388772e-20
6.246482045930933235e-20
6.126611431929902319e-20
1.152640366017569078e-20
9.575434681107739782e-21
9.106700451954515347e-21
8.315411769582943604e-20
1.133394937922383227e-20
8.688034573818355186e-21
0.000000000000000000e+00
3.236773974875143320e-20
0.000000000000000000e+00
8.142557537149598586e-20
5.913276447127527927e-20
1.327896012718617758e-19
1.141469541057476177e-20
0.000000000000000000e+00
6.654529553697824523e-21
6.418401712760886906e-21
1.549220326151547038e-19
1.108950102784680263e-20
1.307225113493071517e-19
2.832819706507467327e-19
9.070813967794322099e-20
1.112047976070302140e-20
1.073627475057898305e-19
1.103164296070583703e-19
1.164344204720626090e-20
0.000000000000000000e+00
5.751539881193464221e-20
0.000000000000000000e+00
5.711050242554923329e-20
8.329110444091987549e-20
9.850235914019199904e-21
1.066502064742410786e-19
1.018176675857221594e-20
8.175632383896812804e-20
8.372001498344328157e-20
9.548487806901385912e-21
7.168541234376194582e-21
6.682623146447619785e-21
6.353677205725509799e-21
3.083281175760627931e-20
6.622384448231680774e-21
7.999525569185201373e-20
7.603553592076763396e-21
0.000000000000000000e+00
1.041249245453974342e-19
1.310224255274975626e-19
1.327305567352027845e-19
0.000000000000000000e+00
5.529762408146342503e-20
6.780655505315284806e-21
5.427070154782765836e-21
2.990680026225962068e-20
2.041267934386176088e-19
1.593370701338828637e-19
1.015018055008910053e-20
6.333648656218845764e-21
2.042327955734607688e-19
3.596311860919248346e-20
7.541314054157745072e-21
8.073973869776106357e-20
1.321571759103179037e-19
1.337173724918560896e-19
8.454031795775148306e-20
0.000000000000000000e+00
3.177316397037237187e-20
7.447946299976818295e-21
8.096684506302789848e-20
0.000000000000000000e+00
8.068162216195218347e-20
7.930879183539218976e-21
0.000000000000000000e+00
5.562385317510029175e-21
5.286292988254949238e-21
5.456410915953355664e-20
0.000000000000000000e+00
4.552839308138770550e-21
4.221854565036130870e-21
1.279214853369323776e-19
6.684384956274587903e-21
1.033236981041012797e-19
6.068637982802501628e-21
0.000000000000000000e+00
5.323413967901310022e-20
2.939717324125838931e-20
1.034116203674303999e-19
0.000000000000000000e+00
3.675600275887170132e-21
1.521949597355100186e-19
5.613952605272297692e-20
2.033627445598068809e-19
8.163485153554198898e-21
0.000000000000000000e+00
1.033783527462753581e-19
2.785054534783313113e-19
1.837257747682901030e-19
0.000000000000000000e+00
5.855743585464249052e-21
1.295208080012208575e-19
2.063135899747165741e-19
9.819211349717235795e-21
1.552171810429065443e-19
1.329338989057035687e-19
8.946729761177309390e-21
1.306477032483115103e-19
8.678513506687616066e-21
2.793219037129393322e-19
1.105316359138056436e-19
0.000000000000000000e+00
0.000000000000000000e+00
5.594267394500066879e-20
6.942759914832691694e-21
0.000000000000000000e+00
5.497547153911391384e-20
1.299086823767026944e-19
0.000000000000000000e+00
0.000000000000000000e+00
4.506356651952806738e-21
0.000000000000000000e+00
1.774052527362946318e-19
1.056820689304729266e-19
1.048886237497932131e-19
5.530579972934902257e-20
5.457499839896689619e-20
2.280557188837596024e-19
7.594780635600268205e-21
5.429771114757733993e-20
5.054395377242460832e-21
1.282189519058181297e-19
0.000000000000000000e+00
1.529300294977740071e-19
1.548460168455070731e-19
5.598836729474908314e-20
5.476220196487821823e-20
2.033903276607999092e-19
1.558348777075916904e-19
1.804209259932610548e-19
3.218726493127166559e-20
5.677832879462013474e-21
1.289768862741174231e-19
6.347034878990595272e-21
0.000000000000000000e+00
2.275344487038092209e-19
1.805297968346186577e-19
1.308091782004721016e-19
6.383576927993243284e-21
1.040256537882455817e-19
5.389223799228883753e-21
2.916753309705132737e-20
5.393067215955098161e-20
1.283071621675398552e-19
2.981086175911505492e-20
7.837828206319049300e-20
0.000000000000000000e+00
3.273327729786838117e-21
2.944886763537655280e-21
0.000000000000000000e+00
5.193486724768315637e-20
0.000000000000000000e+00
1.966824919495137402e-21
2.993207846201410263e-19
4.495865868981614036e-21
0.000000000000000000e+00
1.260206204442982159e-19
3.006558918184846823e-19
1.784777250067955006e-19
0.000000000000000000e+00
3.091894207359737153e-21
1.268434448710853872e-19
0.000000000000000000e+00
5.232202503820620784e-20
0.000000000000000000e+00
1.262936540472314400e-19
2.783525854336150341e-20
7.677347428824773241e-20
1.265414864470896633e-19
2.878959998179664505e-21
1.260450892443003841e-19
1.019032087559734265e-19
2.618770988875315241e-21
0.000000000000000000e+00
1.694692184587798427e-21
5.107478620932880788e-20
5.117323633819379687e-20
1.750924059212761249e-19
1.013843430680184161e-19
1.507625443433421081e-19
2.279490225059738860e-21
1.256068032965019296e-19
0.000000000000000000e+00
1.486105709213181513e-21
2.988705502564456364e-19
7.690530697423187799e-20
2.250906764079135087e-19
2.727107470618251957e-20
1.843264463603904133e-21
0.000000000000000000e+00
1.240256254587794345e-21
9.976295777050747484e-22
7.778408761253874282e-22
2.539074661456818321e-20
1.245367739850383315e-19
0.000000000000000000e+00
9.967921364201553324e-20
2.544736839486213245e-20
0.000000000000000000e+00
3.614971068434745804e-22
0.000000000000000000e+00
7.458049195450721759e-20
2.482644099547125863e-19
1.741812776264558033e-19
0.000000000000000000e+00
3.468235648895803171e-22
0.000000000000000000e+00
7.447565547385450295e-20
2.084808053294168275e-23
3.097739867702741041e-24
2.060165331765834662e-25
1.725459043560190230e-26
2.243850384257666772e-27
2.768249540607239969e-28
3.650005639752249571e-29
4.989927264395873721e-30
6.271471744909915786e-31
7.013646556157073321e-32
7.277408466004982177e-33
7.450636191855629780e-34
7.827433344527550315e-35
8.540368630341938992e-36
9.652110573171583726e-37
1.112677137812957800e-37
1.285036872506186667e-38
1.461144386924607529e-39
1.624056459086853472e-40
1.762115906662586101e-41
1.877060659714453194e-42
1.994099093359521238e-43
2.160892931675074428e-44
2.430373746944049159e-45
2.837419038646611357e-46
3.384606233714717344e-47
4.044122430996092003e-48
4.771162204335835590e-49
5.519119839364007067e-50
6.250072925007328476e-51
6.939853294284982419e-52
7.580242659941530841e-53
8.180606722481282648e-54
8.769462416401567734e-55
9.394919847552331226e-56
1.012243971916639274e-56
1.102872353412139010e-57
1.219137428978760725e-58
1.367489354621663374e-59
1.551466483633098119e-60
1.770203908842252455e-61
2.017514505608280660e-62
2.282037777636810927e-63
2.548749992507339736e-64
2.801717109898322690e-65
3.027537273917784627e-66
3.218680420049623989e-67
3.375980930591880482e-68
3.509799194801402775e-69
3.639682107557891002e-70
3.792601844132948627e-71
4.000011270926088024e-72
4.294064121345134465e-73
4.703453692001729960e-74
5.249432829858605186e-75
5.942659136913455378e-76
6.781515383878616921e-77
7.752445188947556393e-78
8.832596274517390934e-79
9.994684887119528943e-80
1.121353208055448766e-80
1.247326808535597299e-81
1.377387947846957929e-82
1.513570457299598491e-83
1.660073254525364302e-84
1.823011426793350870e-85
2.009804562647868864e-86
2.228297929807954538e-87
2.485778668290959520e-88
2.788087891402491563e-89
3.139030214722239372e-90
3.540240580770492925e-91
3.991587428895730797e-92
4.492082879789251786e-93
5.041155035241053265e-94
5.640041846286261029e-95
6.293018851415719330e-96
7.008196408594986226e-97
7.797722464603536112e-98
8.677389456969505377e-99
9.665831543653704530e-100
1.078365878290018786e-100
1.205295460287051617e-101
1.349752422885442033e-102
1.514411781201860949e-103
1.702459363483990784e-104
1.917869732149205526e-105
2.165689145463892442e-106
2.452254705134365802e-107
2.785284339920372601e-108
3.173791068394010293e-109
3.627804281200016382e-110
4.157913218410031998e-111
4.774676049447401542e-112
5.487957216953248388e-113
6.306265247241727687e-114
7.236166141701612693e-115
8.281848747742087109e-116
9.444922208619096275e-117
1.072453208530426579e-117
1.211788637718735592e-118
1.362127650109892715e-119
1.523165095656539383e-120
1.694874332536426609e-121
1.877767079750745983e-122
2.073181356414336264e-123
2.283567775209474665e-124
2.512736023991844698e-125
2.766019888584854342e-126
3.050322702173432374e-127
3.374016556883506899e-128
3.746687366329517443e-129
4.178741770895879831e-130
4.680917578209574498e-131
5.263762992031493052e-132
5.937167507249908525e-133
6.710036036144080913e-134
7.590195806181468564e-135
8.584612414541959177e-136
9.699967942532466028e-137
1.094362195408622591e-137
1.232493787982818808e-138
1.385691550863059329e-139
1.555802826509935420e-140
1.745412532614081471e-141
1.958022765458813349e-142
2.198202835821229923e-143
2.471690605770428444e-144
2.785427901497869697e-145
3.147516969141786176e-146
3.567091346567823652e-147
4.054102732288034854e-148
4.619034687937443514e-149
5.272563290856799045e-150
6.025193019782879677e-151
6.886902151527195676e-152
7.866834990472740792e-153
8.973077990673803109e-154
1.021255338112151772e-154
1.159105779422265465e-155
1.311346538856490572e-156
1.478410582245288198e-157
1.660731774238511900e-158
1.858816843256665397e-159
2.073331982901570275e-160
2.305200996062820156e-161
2.555710686111801770e-162
2.826617932736862952e-163
3.120251646350139605e-164
3.439601737329160706e-165
3.788386588820606900e-166
4.171090534108292683e-167
4.592963733883939217e-168
5.059978761495169301e-169
5.578741136284601859e-170
6.156354835332059564e-171
6.800248144899910168e-172
7.517969651523457495e-173
8.316968238695839252e-174
9.204374203594285243e-175
1.018680070745126187e-175
1.127018555788370592e-176
1.245969280908604069e-177
1.375969202893738681e-178
1.517383058553568790e-179
1.670521122433396696e-180
1.835668374965072541e-181
2.013125588819230987e-182
2.203262438781050018e-183
2.406582303552379647e-184
2.623797956555602844e-185
2.855916854913720461e-186
3.104334276660772686e-187
3.370932202090129130e-188
3.658181686700667401e-189
3.969246638610358780e-190
4.308087481905176142e-191
4.679564198804010791e-192
5.089539659019646505e-193
5.544985828660441652e-194
6.054097169648907423e-195
6.626416982490857602e-196
7.272983264089419561e-197
8.006500527978759032e-198
8.841542742514595057e-199
9.794790021131237770e-200
1.088529809736152720e-200
1.213479531732106495e-201
1.356799747948366521e-202
1.521292709839047433e-203
1.710122138232135671e-204
1.926841316018596903e-205
2.175417176162588490e-206
2.460249675667871718e-207
2.786186645164310479e-208
3.158535468937615773e-209
3.583074303953458949e-210
4.066066984976516845e-211
4.614287169307409591e-212
5.235058533835521656e-213
5.936318849965719227e-214
6.726716455853654978e-215
7.615747977895110117e-216
8.613946108282013462e-217
9.733125820308699162e-218
1.098669659128186773e-218
1.239004697277907549e-219
1.396100612572845353e-220
1.572038459882259196e-221
1.769259350433478159e-222
1.990633714733809397e-223
2.239536892957128785e-224
2.519929390074248021e-225
2.836439374736317936e-226
3.194444159713725223e-227
3.600146535969677162e-228
4.060641031033641697e-229
4.583964542763259970e-230
5.179125501373470960e-231
5.856105885423283404e-232
6.625831204641878991e-233
7.500105081588716305e-234
8.491507386501400651e-235
9.613258011801554360e-236
1.087905224237921583e-236
1.230287812734985067e-237
1.389883104797592841e-238
1.568094549398603726e-239
1.766306854732459678e-240
1.985880335039419060e-241
2.228155354246470412e-242
2.494470097056821279e-243
2.786194868822650657e-244
3.104785921883477542e-245
3.451861426774637023e-246
3.829301661890659703e-247
4.239374804773462979e-248
4.684888899363982854e-249
5.169369677322390300e-250
5.697262959094880587e-251
6.274159379898820020e-252
6.907038199920099799e-253
7.604525983262989541e-254
8.377164977945740554e-255
9.237685108925221959e-256
1.020127262036636285e-256
1.128582759461721055e-257
1.251220187350534467e-258
1.390440837746280854e-259
1.548979255565036389e-260
1.729915683675777681e-261
1.936682965172011756e-262
2.173067206282858255e-263
2.443201747521410941e-264
2.751554354635796016e-265
3.102908044763158959e-266
3.502336622180097929e-267
3.955176819508404073e-268
4.466999920110789417e-269
5.043586856966567440e-270
5.690912006322139240e-271
6.415142165159109826e-272
7.222658444130179939e-273
8.120109926971851733e-274
9.114508832145346491e-275
1.021337744012618914e-275
1.142495709429752633e-276
1.275848902477695832e-277
1.422457548020684363e-278
1.583562761024668776e-279
1.760640369220051615e-280
1.955463766558325469e-281
2.170175362148876727e-282
2.407365705617735656e-283
2.670158858412406894e-284
2.962302073339327949e-285
3.288257380054321960e-286
3.653292295976999704e-287
4.063566636840789206e-288
4.526212335837985553e-289
5.049403339306898393e-290
5.642413068213312992e-291
6.315657646822961245e-292
7.080724118752292545e-293
7.950384196462527200e-294
8.938595706413706801e-295
1.006049576356828626e-295
1.133239178289931573e-296
1.277175864284540323e-297
1.439725257353869121e-298
1.622875455879799341e-299
1.828745811841041227e-300
2.059601818030096652e-301
2.317877927228520589e-302
2.606210238520031628e-303
2.927481052784993699e-304
3.284877317877895188e-305
3.681964953917434908e-306
4.122780973642438801e-307
4.611945198456194404e-308
5.154793227562868610e-309
5.757532158674978940e-310
6.427420400108320249e-311
7.172972773764871587e-312
8.004192005759080188e-313
8.932827655109388578e-314
9.972663559902639003e-315
1.113983497296648386e-315
1.245317657690799818e-316
1.393460277202422547e-317
1.560951001470834332e-318
1.750672209473873005e-319
1.965887204802319999e-320
2.208473436910372052e-321
2.420921664622108066e-322
1.482196937523739633e-323
0.000000000000000000e+00
0.000000000000000000e+00
0.000000000000000000e+00
0.000000000000000000e+00
0.000000000000000000e+00
0.000000000000000000e+00
0.000000000000000000e+00
0.000000000000000000e+00
0.000000000000000000e+00
0.000000000000000000e+00
0.000000000000000000e+00
0.000000000000000000e+00
0.000000000000000000e+00
0.000000000000000000e+00
0.000000000000000000e+00
0.000000000000000000e+00
0.000000000000000000e+00
0.000000000000000000e+00
0.000000000000000000e+00
0.000000000000000000e+00
0.000000000000000000e+00
0.000000000000000000e+00
0.000000000000000000e+00
0.000000000000000000e+00
0.000000000000000000e+00
0.000000000000000000e+00
0.000000000000000000e+00
0.000000000000000000e+00
0.000000000000000000e+00
0.000000000000000000e+00
0.000000000000000000e+00
0.000000000000000000e+00
0.000000000000000000e+00
0.000000000000000000e+00
0.000000000000000000e+00
0.000000000000000000e+00
0.000000000000000000e+00
0.000000000000000000e+00
0.000000000000000000e+00
0.000000000000000000e+00
0.000000000000000000e+00
0.000000000000000000e+00
0.000000000000000000e+00
0.000000000000000000e+00
0.000000000000000000e+00
0.000000000000000000e+00
0.000000000000000000e+00
0.000000000000000000e+00
0.000000000000000000e+00
0.000000000000000000e+00
0.000000000000000000e+00
0.000000000000000000e+00
0.000000000000000000e+00
0.000000000000000000e+00
0.000000000000000000e+00
0.000000000000000000e+00
0.000000000000000000e+00
0.000000000000000000e+00
0.000000000000000000e+00
0.000000000000000000e+00
0.000000000000000000e+00
0.000000000000000000e+00
0.000000000000000000e+00
0.000000000000000000e+00
0.000000000000000000e+00
0.000000000000000000e+00
0.000000000000000000e+00
0.000000000000000000e+00
0.000000000000000000e+00
0.000000000000000000e+00
0.000000000000000000e+00
0.000000000000000000e+00
0.000000000000000000e+00
0.000000000000000000e+00
0.000000000000000000e+00
0.000000000000000000e+00
0.000000000000000000e+00
0.000000000000000000e+00
0.000000000000000000e+00
0.000000000000000000e+00
0.000000000000000000e+00
0.000000000000000000e+00
0.000000000000000000e+00
0.000000000000000000e+00
0.000000000000000000e+00
0.000000000000000000e+00
0.000000000000000000e+00
0.000000000000000000e+00
0.000000000000000000e+00
0.000000000000000000e+00
0.000000000000000000e+00
0.000000000000000000e+00
0.000000000000000000e+00
0.000000000000000000e+00
0.000000000000000000e+00
0.000000000000000000e+00
0.000000000000000000e+00
0.000000000000000000e+00
0.000000000000000000e+00
0.000000000000000000e+00
0.000000000000000000e+00
0.000000000000000000e+00
0.000000000000000000e+00
0.000000000000000000e+00
0.000000000000000000e+00
0.000000000000000000e+00
0.000000000000000000e+00
0.000000000000000000e+00
0.000000000000000000e+00
0.000000000000000000e+00
0.000000000000000000e+00
0.000000000000000000e+00
0.000000000000000000e+00
0.000000000000000000e+00
0.000000000000000000e+00
0.000000000000000000e+00
0.000000000000000000e+00
0.000000000000000000e+00
0.000000000000000000e+00
0.000000000000000000e+00
0.000000000000000000e+00
0.000000000000000000e+00
0.000000000000000000e+00
0.000000000000000000e+00
0.000000000000000000e+00
0.000000000000000000e+00
0.000000000000000000e+00
0.000000000000000000e+00
0.000000000000000000e+00
0.000000000000000000e+00
0.000000000000000000e+00
0.000000000000000000e+00
0.000000000000000000e+00
0.000000000000000000e+00
0.000000000000000000e+00
0.000000000000000000e+00
0.000000000000000000e+00
0.000000000000000000e+00
0.000000000000000000e+00
0.000000000000000000e+00
0.000000000000000000e+00
0.000000000000000000e+00
0.000000000000000000e+00
0.000000000000000000e+00
0.000000000000000000e+00
0.000000000000000000e+00
0.000000000000000000e+00
0.000000000000000000e+00
0.000000000000000000e+00
0.000000000000000000e+00
0.000000000000000000e+00
0.000000000000000000e+00
0.000000000000000000e+00
0.000000000000000000e+00
0.000000000000000000e+00
0.000000000000000000e+00
0.000000000000000000e+00
0.000000000000000000e+00
0.000000000000000000e+00
0.000000000000000000e+00
0.000000000000000000e+00
0.000000000000000000e+00
0.000000000000000000e+00
0.000000000000000000e+00
0.000000000000000000e+00
0.000000000000000000e+00
0.000000000000000000e+00
0.000000000000000000e+00
0.000000000000000000e+00
0.000000000000000000e+00
0.000000000000000000e+00
0.000000000000000000e+00
0.000000000000000000e+00
0.000000000000000000e+00
0.000000000000000000e+00
0.000000000000000000e+00
0.000000000000000000e+00
0.000000000000000000e+00
0.000000000000000000e+00
0.000000000000000000e+00
0.000000000000000000e+00
0.000000000000000000e+00
0.000000000000000000e+00
0.000000000000000000e+00
0.000000000000000000e+00
0.000000000000000000e+00
0.000000000000000000e+00
0.000000000000000000e+00
0.000000000000000000e+00
0.000000000000000000e+00
0.000000000000000000e+00
0.000000000000000000e+00
0.000000000000000000e+00
0.000000000000000000e+00
0.000000000000000000e+00
0.000000000000000000e+00
0.000000000000000000e+00
0.000000000000000000e+00
0.000000000000000000e+00
0.000000000000000000e+00
0.000000000000000000e+00
0.000000000000000000e+00
0.000000000000000000e+00
0.000000000000000000e+00
0.000000000000000000e+00
0.000000000000000000e+00
0.000000000000000000e+00
0.000000000000000000e+00
0.000000000000000000e+00
0.000000000000000000e+00
0.000000000000000000e+00
0.000000000000000000e+00
0.000000000000000000e+00
0.000000000000000000e+00
0.000000000000000000e+00
0.000000000000000000e+00
0.000000000000000000e+00
0.000000000000000000e+00
0.000000000000000000e+00
0.000000000000000000e+00
0.000000000000000000e+00
0.000000000000000000e+00
0.000000000000000000e+00
0.000000000000000000e+00
0.000000000000000000e+00
0.000000000000000000e+00
0.000000000000000000e+00
0.000000000000000000e+00
0.000000000000000000e+00
0.000000000000000000e+00
0.000000000000000000e+00
0.000000000000000000e+00
0.000000000000000000e+00
0.000000000000000000e+00
0.000000000000000000e+00
0.000000000000000000e+00
0.000000000000000000e+00
0.000000000000000000e+00
0.000000000000000000e+00
0.000000000000000000e+00
0.000000000000000000e+00
0.000000000000000000e+00
0.000000000000000000e+00
0.000000000000000000e+00
0.000000000000000000e+00
0.000000000000000000e+00
0.000000000000000000e+00
0.000000000000000000e+00
0.000000000000000000e+00
0.000000000000000000e+00
0.000000000000000000e+00
0.000000000000000000e+00
0.000000000000000000e+00
0.000000000000000000e+00
0.000000000000000000e+00
0.000000000000000000e+00
0.000000000000000000e+00
0.000000000000000000e+00
0.000000000000000000e+00
0.000000000000000000e+00
0.000000000000000000e+00
0.000000000000000000e+00
0.000000000000000000e+00
0.000000000000000000e+00
0.000000000000000000e+00
0.000000000000000000e+00
0.000000000000000000e+00
0.000000000000000000e+00
0.000000000000000000e+00
0.000000000000000000e+00
0.000000000000000000e+00
0.000000000000000000e+00
0.000000000000000000e+00
0.000000000000000000e+00
0.000000000000000000e+00
0.000000000000000000e+00
0.000000000000000000e+00
0.000000000000000000e+00
0.000000000000000000e+00
0.000000000000000000e+00
0.000000000000000000e+00
0.000000000000000000e+00
0.000000000000000000e+00
0.000000000000000000e+00
0.000000000000000000e+00
0.000000000000000000e+00
0.000000000000000000e+00
0.000000000000000000e+00
0.000000000000000000e+00
0.000000000000000000e+00
0.000000000000000000e+00
0.000000000000000000e+00
0.000000000000000000e+00
0.000000000000000000e+00
0.000000000000000000e+00
0.000000000000000000e+00
0.000000000000000000e+00
0.000000000000000000e+00
0.000000000000000000e+00
0.000000000000000000e+00
0.000000000000000000e+00
0.000000000000000000e+00
0.000000000000000000e+00
0.000000000000000000e+00
0.000000000000000000e+00
0.000000000000000000e+00
0.000000000000000000e+00
0.000000000000000000e+00
0.000000000000000000e+00
0.000000000000000000e+00
0.000000000000000000e+00
0.000000000000000000e+00
0.000000000000000000e+00
0.000000000000000000e+00
0.000000000000000000e+00
0.000000000000000000e+00
0.000000000000000000e+00
0.000000000000000000e+00
0.000000000000000000e+00
0.000000000000000000e+00
0.000000000000000000e+00
0.000000000000000000e+00
0.000000000000000000e+00
0.000000000000000000e+00
0.000000000000000000e+00
0.000000000000000000e+00
0.000000000000000000e+00
0.000000000000000000e+00
0.000000000000000000e+00
0.000000000000000000e+00
0.000000000000000000e+00
0.000000000000000000e+00
0.000000000000000000e+00
0.000000000000000000e+00
0.000000000000000000e+00
0.000000000000000000e+00
0.000000000000000000e+00
0.000000000000000000e+00
0.000000000000000000e+00
0.000000000000000000e+00
0.000000000000000000e+00
0.000000000000000000e+00
0.000000000000000000e+00
0.000000000000000000e+00
0.000000000000000000e+00
0.000000000000000000e+00
0.000000000000000000e+00
0.000000000000000000e+00
0.000000000000000000e+00
0.000000000000000000e+00
0.000000000000000000e+00
0.000000000000000000e+00
0.000000000000000000e+00
0.000000000000000000e+00
0.000000000000000000e+00
0.000000000000000000e+00
0.000000000000000000e+00
0.000000000000000000e+00
0.000000000000000000e+00
0.000000000000000000e+00
0.000000000000000000e+00
0.000000000000000000e+00
0.000000000000000000e+00
0.000000000000000000e+00
0.000000000000000000e+00
0.000000000000000000e+00
0.000000000000000000e+00
0.000000000000000000e+00
0.000000000000000000e+00
0.000000000000000000e+00
0.000000000000000000e+00
0.000000000000000000e+00
0.000000000000000000e+00
0.000000000000000000e+00
0.000000000000000000e+00
0.000000000000000000e+00
0.000000000000000000e+00
0.000000000000000000e+00
0.000000000000000000e+00
0.000000000000000000e+00
0.000000000000000000e+00
0.000000000000000000e+00
0.000000000000000000e+00
0.000000000000000000e+00
0.000000000000000000e+00
0.000000000000000000e+00
0.000000000000000000e+00
0.000000000000000000e+00
0.000000000000000000e+00
0.000000000000000000e+00
0.000000000000000000e+00
0.000000000000000000e+00
0.000000000000000000e+00
0.000000000000000000e+00
0.000000000000000000e+00
0.000000000000000000e+00
0.000000000000000000e+00
0.000000000000000000e+00
0.000000000000000000e+00
0.000000000000000000e+00
0.000000000000000000e+00
0.000000000000000000e+00
0.000000000000000000e+00
0.000000000000000000e+00
0.000000000000000000e+00
0.000000000000000000e+00
0.000000000000000000e+00
0.000000000000000000e+00
0.000000000000000000e+00
0.000000000000000000e+00
0.000000000000000000e+00
0.000000000000000000e+00
0.000000000000000000e+00
0.000000000000000000e+00
0.000000000000000000e+00
0.000000000000000000e+00
0.000000000000000000e+00
0.000000000000000000e+00
0.000000000000000000e+00
0.000000000000000000e+00
0.000000000000000000e+00
0.000000000000000000e+00
0.000000000000000000e+00
0.000000000000000000e+00
0.000000000000000000e+00
0.000000000000000000e+00
0.000000000000000000e+00
0.000000000000000000e+00
0.000000000000000000e+00
0.000000000000000000e+00
0.000000000000000000e+00
0.000000000000000000e+00
0.000000000000000000e+00
0.000000000000000000e+00
0.000000000000000000e+00
0.000000000000000000e+00
0.000000000000000000e+00
0.000000000000000000e+00
0.000000000000000000e+00
0.000000000000000000e+00
0.000000000000000000e+00
0.000000000000000000e+00
0.000000000000000000e+00
0.000000000000000000e+00
0.000000000000000000e+00
0.000000000000000000e+00
0.000000000000000000e+00
0.000000000000000000e+00
0.000000000000000000e+00
0.000000000000000000e+00
0.000000000000000000e+00
0.000000000000000000e+00
0.000000000000000000e+00
0.000000000000000000e+00
0.000000000000000000e+00
0.000000000000000000e+00
0.000000000000000000e+00
0.000000000000000000e+00
0.000000000000000000e+00
0.000000000000000000e+00
0.000000000000000000e+00
0.000000000000000000e+00
0.000000000000000000e+00
0.000000000000000000e+00
0.000000000000000000e+00
0.000000000000000000e+00
0.000000000000000000e+00
0.000000000000000000e+00
0.000000000000000000e+00
0.000000000000000000e+00
0.000000000000000000e+00
0.000000000000000000e+00
0.000000000000000000e+00
0.000000000000000000e+00
0.000000000000000000e+00
0.000000000000000000e+00
0.000000000000000000e+00
0.000000000000000000e+00
0.000000000000000000e+00
0.000000000000000000e+00
0.000000000000000000e+00
0.000000000000000000e+00
0.000000000000000000e+00
0.000000000000000000e+00
0.000000000000000000e+00
0.000000000000000000e+00
0.000000000000000000e+00
0.000000000000000000e+00
0.000000000000000000e+00
0.000000000000000000e+00
0.000000000000000000e+00
0.000000000000000000e+00
0.000000000000000000e+00
0.000000000000000000e+00
0.000000000000000000e+00
0.000000000000000000e+00
0.000000000000000000e+00
0.000000000000000000e+00
0.000000000000000000e+00
0.000000000000000000e+00
0.000000000000000000e+00
0.000000000000000000e+00
0.000000000000000000e+00
0.000000000000000000e+00
0.000000000000000000e+00
0.000000000000000000e+00
0.000000000000000000e+00
0.000000000000000000e+00
0.000000000000000000e+00
0.000000000000000000e+00
0.000000000000000000e+00
0.000000000000000000e+00
0.000000000000000000e+00
0.000000000000000000e+00
0.000000000000000000e+00
0.000000000000000000e+00
0.000000000000000000e+00
0.000000000000000000e+00
0.000000000000000000e+00
0.000000000000000000e+00
0.000000000000000000e+00
0.000000000000000000e+00
0.000000000000000000e+00
0.000000000000000000e+00
0.000000000000000000e+00
0.000000000000000000e+00
0.000000000000000000e+00
0.000000000000000000e+00
0.000000000000000000e+00
0.000000000000000000e+00
0.000000000000000000e+00
0.000000000000000000e+00
0.000000000000000000e+00
0.000000000000000000e+00
0.000000000000000000e+00
0.000000000000000000e+00
0.000000000000000000e+00
0.000000000000000000e+00
0.000000000000000000e+00
0.000000000000000000e+00
0.000000000000000000e+00
0.000000000000000000e+00
0.000000000000000000e+00
0.000000000000000000e+00
0.000000000000000000e+00
0.000000000000000000e+00
0.000000000000000000e+00
0.000000000000000000e+00
0.000000000000000000e+00
0.000000000000000000e+00
0.000000000000000000e+00
0.000000000000000000e+00
0.000000000000000000e+00
0.000000000000000000e+00
0.000000000000000000e+00
0.000000000000000000e+00
0.000000000000000000e+00
0.000000000000000000e+00
0.000000000000000000e+00
0.000000000000000000e+00
0.000000000000000000e+00
0.000000000000000000e+00
0.000000000000000000e+00
0.000000000000000000e+00
0.000000000000000000e+00
0.000000000000000000e+00
0.000000000000000000e+00
0.000000000000000000e+00
0.000000000000000000e+00
0.000000000000000000e+00
0.000000000000000000e+00
0.000000000000000000e+00
0.000000000000000000e+00
0.000000000000000000e+00
0.000000000000000000e+00
0.000000000000000000e+00
0.000000000000000000e+00
0.000000000000000000e+00
0.000000000000000000e+00
0.000000000000000000e+00
0.000000000000000000e+00
0.000000000000000000e+00
0.000000000000000000e+00
0.000000000000000000e+00
0.000000000000000000e+00
0.000000000000000000e+00
0.000000000000000000e+00
0.000000000000000000e+00
0.000000000000000000e+00
0.000000000000000000e+00
0.000000000000000000e+00
0.000000000000000000e+00
0.000000000000000000e+00
0.000000000000000000e+00
0.000000000000000000e+00
0.000000000000000000e+00
0.000000000000000000e+00
0.000000000000000000e+00
0.000000000000000000e+00
0.000000000000000000e+00
0.000000000000000000e+00
0.000000000000000000e+00
0.000000000000000000e+00
0.000000000000000000e+00
0.000000000000000000e+00
0.000000000000000000e+00
0.000000000000000000e+00
0.000000000000000000e+00
0.000000000000000000e+00
0.000000000000000000e+00
0.000000000000000000e+00
0.000000000000000000e+00
0.000000000000000000e+00
0.000000000000000000e+00
0.000000000000000000e+00
0.000000000000000000e+00
0.000000000000000000e+00
0.000000000000000000e+00
0.000000000000000000e+00
0.000000000000000000e+00
0.000000000000000000e+00
0.000000000000000000e+00
0.000000000000000000e+00
0.000000000000000000e+00
0.000000000000000000e+00
0.000000000000000000e+00
0.000000000000000000e+00
0.000000000000000000e+00
0.000000000000000000e+00
0.000000000000000000e+00
0.000000000000000000e+00
0.000000000000000000e+00
0.000000000000000000e+00
0.000000000000000000e+00
0.000000000000000000e+00
0.000000000000000000e+00
0.000000000000000000e+00
0.000000000000000000e+00
0.000000000000000000e+00
0.000000000000000000e+00
0.000000000000000000e+00
0.000000000000000000e+00
0.000000000000000000e+00
0.000000000000000000e+00
0.000000000000000000e+00
0.000000000000000000e+00
0.000000000000000000e+00
0.000000000000000000e+00
0.000000000000000000e+00
0.000000000000000000e+00
0.000000000000000000e+00
0.000000000000000000e+00
0.000000000000000000e+00
0.000000000000000000e+00
0.000000000000000000e+00
0.000000000000000000e+00
0.000000000000000000e+00
0.000000000000000000e+00
0.000000000000000000e+00
0.000000000000000000e+00
0.000000000000000000e+00
0.000000000000000000e+00
0.000000000000000000e+00
0.000000000000000000e+00
0.000000000000000000e+00
0.000000000000000000e+00
0.000000000000000000e+00
0.000000000000000000e+00
0.000000000000000000e+00
0.000000000000000000e+00
0.000000000000000000e+00
0.000000000000000000e+00
0.000000000000000000e+00
0.000000000000000000e+00
0.000000000000000000e+00
0.000000000000000000e+00
0.000000000000000000e+00
0.000000000000000000e+00
0.000000000000000000e+00
0.000000000000000000e+00
0.000000000000000000e+00
0.000000000000000000e+00
0.000000000000000000e+00
0.000000000000000000e+00
0.000000000000000000e+00
0.000000000000000000e+00
0.000000000000000000e+00
0.000000000000000000e+00
0.000000000000000000e+00
0.000000000000000000e+00
0.000000000000000000e+00
0.000000000000000000e+00
0.000000000000000000e+00
0.000000000000000000e+00
0.000000000000000000e+00
0.000000000000000000e+00
0.000000000000000000e+00
0.000000000000000000e+00
0.000000000000000000e+00
0.000000000000000000e+00
0.000000000000000000e+00
0.000000000000000000e+00
0.000000000000000000e+00
0.000000000000000000e+00
0.000000000000000000e+00
0.000000000000000000e+00
0.000000000000000000e+00
0.000000000000000000e+00
0.000000000000000000e+00
0.000000000000000000e+00
0.000000000000000000e+00
0.000000000000000000e+00
0.000000000000000000e+00
0.000000000000000000e+00
0.000000000000000000e+00
0.000000000000000000e+00
0.000000000000000000e+00
0.000000000000000000e+00
0.000000000000000000e+00
0.000000000000000000e+00
0.000000000000000000e+00
0.000000000000000000e+00
0.000000000000000000e+00
0.000000000000000000e+00
0.000000000000000000e+00
0.000000000000000000e+00
0.000000000000000000e+00
0.000000000000000000e+00
0.000000000000000000e+00
0.000000000000000000e+00
0.000000000000000000e+00
0.000000000000000000e+00
0.000000000000000000e+00
0.000000000000000000e+00
0.000000000000000000e+00
0.000000000000000000e+00
0.000000000000000000e+00
0.000000000000000000e+00
0.000000000000000000e+00
0.000000000000000000e+00
0.000000000000000000e+00
0.000000000000000000e+00
0.000000000000000000e+00
0.000000000000000000e+00
0.000000000000000000e+00
0.000000000000000000e+00
0.000000000000000000e+00
0.000000000000000000e+00
0.000000000000000000e+00
0.000000000000000000e+00
0.000000000000000000e+00
0.000000000000000000e+00
0.000000000000000000e+00
0.000000000000000000e+00
0.000000000000000000e+00
0.000000000000000000e+00
0.000000000000000000e+00
0.000000000000000000e+00
0.000000000000000000e+00
0.000000000000000000e+00
0.000000000000000000e+00
0.000000000000000000e+00
0.000000000000000000e+00
0.000000000000000000e+00
0.000000000000000000e+00
0.000000000000000000e+00
0.000000000000000000e+00
0.000000000000000000e+00
0.000000000000000000e+00
0.000000000000000000e+00
0.000000000000000000e+00
0.000000000000000000e+00
0.000000000000000000e+00
0.000000000000000000e+00
0.000000000000000000e+00
0.000000000000000000e+00
0.000000000000000000e+00
0.000000000000000000e+00
0.000000000000000000e+00
0.000000000000000000e+00
0.000000000000000000e+00
0.000000000000000000e+00
0.000000000000000000e+00
0.000000000000000000e+00
0.000000000000000000e+00
0.000000000000000000e+00
0.000000000000000000e+00
0.000000000000000000e+00
0.000000000000000000e+00
0.000000000000000000e+00
0.000000000000000000e+00
0.000000000000000000e+00
0.000000000000000000e+00
0.000000000000000000e+00
0.000000000000000000e+00
0.000000000000000000e+00
0.000000000000000000e+00
0.000000000000000000e+00
0.000000000000000000e+00
0.000000000000000000e+00
0.000000000000000000e+00
0.000000000000000000e+00
0.000000000000000000e+00
0.000000000000000000e+00
0.000000000000000000e+00
0.000000000000000000e+00
0.000000000000000000e+00
0.000000000000000000e+00
0.000000000000000000e+00
0.000000000000000000e+00
0.000000000000000000e+00
0.000000000000000000e+00
0.000000000000000000e+00
0.000000000000000000e+00
0.000000000000000000e+00
0.000000000000000000e+00
0.000000000000000000e+00
0.000000000000000000e+00
0.000000000000000000e+00
0.000000000000000000e+00
0.000000000000000000e+00
0.000000000000000000e+00
0.000000000000000000e+00
0.000000000000000000e+00
0.000000000000000000e+00
0.000000000000000000e+00
0.000000000000000000e+00
0.000000000000000000e+00
0.000000000000000000e+00
0.000000000000000000e+00
0.000000000000000000e+00
0.000000000000000000e+00
0.000000000000000000e+00
0.000000000000000000e+00
0.000000000000000000e+00
0.000000000000000000e+00
0.000000000000000000e+00
0.000000000000000000e+00
0.000000000000000000e+00
0.000000000000000000e+00
0.000000000000000000e+00
0.000000000000000000e+00
0.000000000000000000e+00
0.000000000000000000e+00
0.000000000000000000e+00
0.000000000000000000e+00
0.000000000000000000e+00
0.000000000000000000e+00
0.000000000000000000e+00
0.000000000000000000e+00
0.000000000000000000e+00
0.000000000000000000e+00
0.000000000000000000e+00
0.000000000000000000e+00
0.000000000000000000e+00
0.000000000000000000e+00
0.000000000000000000e+00
0.000000000000000000e+00
0.000000000000000000e+00
0.000000000000000000e+00
0.000000000000000000e+00
0.000000000000000000e+00
0.000000000000000000e+00
0.000000000000000000e+00
0.000000000000000000e+00
0.000000000000000000e+00
0.000000000000000000e+00
0.000000000000000000e+00
0.000000000000000000e+00
0.000000000000000000e+00
0.000000000000000000e+00
0.000000000000000000e+00
0.000000000000000000e+00
0.000000000000000000e+00
0.000000000000000000e+00
0.000000000000000000e+00
0.000000000000000000e+00
0.000000000000000000e+00
0.000000000000000000e+00
0.000000000000000000e+00
0.000000000000000000e+00
0.000000000000000000e+00
0.000000000000000000e+00
0.000000000000000000e+00
0.000000000000000000e+00
0.000000000000000000e+00
0.000000000000000000e+00
0.000000000000000000e+00
0.000000000000000000e+00
0.000000000000000000e+00
0.000000000000000000e+00
0.000000000000000000e+00
0.000000000000000000e+00
0.000000000000000000e+00
0.000000000000000000e+00
0.000000000000000000e+00
0.000000000000000000e+00
0.000000000000000000e+00
0.000000000000000000e+00
0.000000000000000000e+00
0.000000000000000000e+00
0.000000000000000000e+00
0.000000000000000000e+00
0.000000000000000000e+00
0.000000000000000000e+00
0.000000000000000000e+00
0.000000000000000000e+00
0.000000000000000000e+00
0.000000000000000000e+00
0.000000000000000000e+00
0.000000000000000000e+00
0.000000000000000000e+00
0.000000000000000000e+00
0.000000000000000000e+00
0.000000000000000000e+00
0.000000000000000000e+00
0.000000000000000000e+00
0.000000000000000000e+00
0.000000000000000000e+00
0.000000000000000000e+00
0.000000000000000000e+00
0.000000000000000000e+00
0.000000000000000000e+00
0.000000000000000000e+00
0.000000000000000000e+00
0.000000000000000000e+00
0.000000000000000000e+00
0.000000000000000000e+00
0.000000000000000000e+00
0.000000000000000000e+00
0.000000000000000000e+00
0.000000000000000000e+00
0.000000000000000000e+00
0.000000000000000000e+00
0.000000000000000000e+00
0.000000000000000000e+00
0.000000000000000000e+00
0.000000000000000000e+00
0.000000000000000000e+00
0.000000000000000000e+00
0.000000000000000000e+00
0.000000000000000000e+00
0.000000000000000000e+00
0.000000000000000000e+00
0.000000000000000000e+00
0.000000000000000000e+00
0.000000000000000000e+00
0.000000000000000000e+00
0.000000000000000000e+00
0.000000000000000000e+00
0.000000000000000000e+00
0.000000000000000000e+00
0.000000000000000000e+00
0.000000000000000000e+00
0.000000000000000000e+00
0.000000000000000000e+00
0.000000000000000000e+00
0.000000000000000000e+00
0.000000000000000000e+00
0.000000000000000000e+00
0.000000000000000000e+00
0.000000000000000000e+00
0.000000000000000000e+00
0.000000000000000000e+00
0.000000000000000000e+00
0.000000000000000000e+00
0.000000000000000000e+00
0.000000000000000000e+00
0.000000000000000000e+00
0.000000000000000000e+00
0.000000000000000000e+00
0.000000000000000000e+00
0.000000000000000000e+00
0.000000000000000000e+00
0.000000000000000000e+00
0.000000000000000000e+00
0.000000000000000000e+00
0.000000000000000000e+00
0.000000000000000000e+00
0.000000000000000000e+00
0.000000000000000000e+00
0.000000000000000000e+00
0.000000000000000000e+00
0.000000000000000000e+00
0.000000000000000000e+00
0.000000000000000000e+00
0.000000000000000000e+00
0.000000000000000000e+00
0.000000000000000000e+00
0.000000000000000000e+00
0.000000000000000000e+00
0.000000000000000000e+00
0.000000000000000000e+00
0.000000000000000000e+00
0.000000000000000000e+00
0.000000000000000000e+00
0.000000000000000000e+00
0.000000000000000000e+00
0.000000000000000000e+00
0.000000000000000000e+00
0.000000000000000000e+00
0.000000000000000000e+00
0.000000000000000000e+00
0.000000000000000000e+00
0.000000000000000000e+00
0.000000000000000000e+00
0.000000000000000000e+00
0.000000000000000000e+00
0.000000000000000000e+00
0.000000000000000000e+00
0.000000000000000000e+00
0.000000000000000000e+00
0.000000000000000000e+00
0.000000000000000000e+00
0.000000000000000000e+00
0.000000000000000000e+00
0.000000000000000000e+00
0.000000000000000000e+00
0.000000000000000000e+00
0.000000000000000000e+00
0.000000000000000000e+00
0.000000000000000000e+00
0.000000000000000000e+00
0.000000000000000000e+00
0.000000000000000000e+00
0.000000000000000000e+00
0.000000000000000000e+00
