2.151765782647109271e-01
3.264452892290928276e-02
1.750641802646967990e-02
1.657352685688023852e-02
1.784057907197268006e-02
1.931780825916685346e-02
2.066523436349486029e-02
2.184337589846984534e-02
2.285137499420935789e-02
2.368686619803984580e-02
2.434597691160653513e-02
2.482671945824267354e-02
2.513072478302714324e-02
2.526358341879536215e-02
2.523441910753395842e-02
2.505511745884845751e-02
2.473946495842603566e-02
2.430234184366030989e-02
2.375903810645771733e-02
2.312471503914115267e-02
2.241400790253122305e-02
2.164075207772069714e-02
2.081781033362581704e-02
1.995697889565378400e-02
1.906895240018597129e-02
1.816333109391949502e-02
1.724865697668041820e-02
1.633246859957005262e-02
1.542136677160627599e-02
1.452108548478765922e-02
1.363656399030276946e-02
1.277201722014576803e-02
1.193100272113525699e-02
1.111648301393980930e-02
1.033088285594289425e-02
9.576141308589953757e-03
8.853758812554153937e-03
8.164839676824367509e-03
7.510130506692302109e-03
6.890055145406735228e-03
6.304746699439983323e-03
5.754077172058134904e-03
5.237685157677160128e-03
4.755001962471640600e-03
4.305276425180309605e-03
3.887598624109880451e-03
3.500922577759282752e-03
3.144087980859074354e-03
2.815840966629270560e-03
2.514853849858087603e-03
2.239743783032915620e-03
1.989090247525893661e-03
1.761451301677030828e-03
1.555378515330509441e-03
1.369430533840815126e-03
1.202185231843796911e-03
1.052250436514865287e-03
9.182732202300840016e-04
7.989477824054618633e-04
6.930219589749099431e-04
5.993024148665930268e-04
5.166585895342378594e-04
4.440254778412952509e-04
3.804053382610371827e-04
3.248684274329424683e-04
2.765528646776971777e-04
2.346637322608720550e-04
1.984715171996932607e-04
1.673099984573066950e-04
1.405736797176619407e-04
1.177148628499745668e-04
9.824045092754451201e-05
8.170856253083236492e-05
6.772503130007329801e-05
5.593985655053517202e-05
4.604366244885941856e-05
3.776421496999471953e-05
3.086303778457651244e-05
2.513216051213718760e-05
2.039102553305722752e-05
1.648357287250968841e-05
1.327551661681092597e-05
1.065182093564713703e-05
8.514379081373389899e-06
6.779894716251155412e-06
5.377961562912465519e-06
4.249334650194134268e-06
3.344384293892421839e-06
2.621722359418886308e-06
2.046989245653401112e-06
1.591789347916678910e-06
1.232762443979430871e-06
9.507784420293220645e-07
7.302431779523292440e-07
5.585033987395521652e-07
4.253396714663884044e-07
3.225366703959351938e-07
2.435210802847646415e-07
1.830581799803430271e-07
1.369990093671197769e-07
1.020708529890991334e-07
7.570457738108744461e-08
5.589312344484124188e-08
4.107617045722443227e-08
3.004664836644635622e-08
2.187537657658397264e-08
1.585064918957217223e-08
1.143006957046086198e-08
8.202362823938215937e-09
5.857267020523900156e-09
4.161926006714650912e-09
2.942483133030909335e-09
2.069810478614231742e-09
1.448506635579473931e-09
1.008462362015424340e-09
6.984315216116956472e-10
4.811585176811955510e-10
3.297066035164538101e-10
2.247070837382932007e-10
1.523104497284733917e-10
1.026692074664958287e-10
6.882111098158296860e-11
4.587193611448474223e-11
3.040107584881292996e-11
2.003177696179211309e-11
1.312231110626689024e-11
8.545409201298014381e-12
5.531688971693863341e-12
3.559226378143566126e-12
2.276125981629054928e-12
1.446602172295578788e-12
9.136574125101217414e-13
5.734123441414372919e-13
3.575760509310998408e-13
2.215412379998357149e-13
1.363609567860058509e-13
8.337841264495040099e-14
5.064040647806353134e-14
3.054799070493490427e-14
1.830168112215805702e-14
1.088868023375801426e-14
6.432245479301617073e-15
3.772588010416145029e-15
2.197581030312950900e-15
1.268984827775230101e-15
7.293353208660509341e-16
4.145048062835361070e-16
2.347674988302253036e-16
1.318906909002980920e-16
7.277987321746900031e-17
4.029402855024933096e-17
2.199327177683536649e-17
1.196350575098114365e-17
5.706290220711169194e-18
3.073516393346214281e-18
6.985092179197048852e-19
1.332089713679968993e-18
5.106101931051341020e-19
2.663012901365040197e-19
1.407116391969317084e-19
7.502019814164535685e-20
0.000000000000000000e+00
0.000000000000000000e+00
5.783472283447684808e-19
0.000000000000000000e+00
3.887029882337901187e-19
0.000000000000000000e+00
1.081537552669938619e-20
5.744453320124293566e-19
0.000000000000000000e+00
9.459571757886003579e-21
5.729057803219925528e-19
0.000000000000000000e+00
6.435230094055600863e-21
0.000000000000000000e+00
0.000000000000000000e+00
5.964708985533524096e-22
1.365856911244674474e-22
1.827436031295885222e-23
1.826477809626895146e-24
1.863517990876008099e-25
2.026685462127982625e-26
3.359862032095184672e-27
9.251758589817384218e-28
3.146079348306334453e-28
1.144038212618431615e-28
4.268225808706378777e-29
1.599848681453974154e-29
5.959926848127535631e-30
2.196135712262198770e-30
7.989433679436200728e-31
2.867426186357639877e-31
1.014923539229310380e-31
3.541855510901518118e-32
1.218392446342701143e-32
4.130534318090191192e-33
1.379719132113757710e-33
4.539849977893946515e-34
1.471152428560541739e-34
4.693925297796114880e-35
1.474252603866757621e-35
4.556775534411966544e-36
1.385747046139516058e-36
4.145140280278248650e-37
1.219297004870207341e-37
3.525969035202052919e-38
1.002137932112700263e-38
2.798564886439450157e-39
7.676769128535123595e-40
2.067905015006161755e-40
5.468432775674453178e-41
1.419200856358490983e-41
3.613593828419595748e-42
9.024274520738511917e-43
2.209647077216482215e-43
5.303083150134452498e-44
1.247047918692075919e-44
2.872355948294048692e-45
6.478014135388180270e-46
1.430009607468438967e-46
3.088667011258884465e-47
6.524940930215017052e-48
1.347690911868996140e-48
2.720467764068725512e-49
5.364931625020256239e-50
1.033180485453393672e-50
1.942226607413308181e-51
3.562474398492145563e-52
6.373004814039894995e-53
1.111439500993112415e-53
1.888777454399135193e-54
3.126289367314744015e-55
5.037634502831149988e-56
7.898860332957924249e-57
1.204561898648078685e-57
1.785675795786680390e-58
2.571946691003797315e-59
3.597321602473196762e-60
4.883391170901766411e-61
6.430584706806164478e-62
8.209609398965567341e-63
1.015519960590134295e-63
1.216448018197268513e-64
1.410188343279206892e-65
1.581147986477157627e-66
1.713590115501463322e-67
1.793912531025857901e-68
1.812883075545313559e-69
1.767340172500804216e-70
1.660936421870525553e-71
1.503702460194460063e-72
1.310487916794159882e-73
1.098613411279566081e-74
8.852546731689966623e-76
6.851183128963646188e-77
5.088515333251388076e-78
3.624016758803230333e-79
2.472858772440910169e-80
1.615271331579213141e-81
1.009127503265150434e-82
6.024322706576404125e-84
3.433434674524123490e-85
1.866351999242049501e-86
9.666672110280829715e-88
4.765864408905448857e-89
2.234281360075490029e-90
9.949535805369788689e-92
4.203976897030449920e-93
1.683526576934158105e-94
6.382290409887596257e-96
2.287753819345435720e-97
7.744279792536240598e-99
2.472506889012093374e-100
7.435434827147728834e-102
2.103276032533141754e-103
5.588507696129646473e-105
1.392748336422010698e-106
3.250662860842297817e-108
7.094396519661671298e-110
1.445440279787116057e-111
2.744711199177572899e-113
4.848950928542780536e-115
7.955489646570070214e-117
1.209862848844350628e-118
1.702175798022084477e-120
2.210983167474312491e-122
2.645790560717080929e-124
2.910387816243561873e-126
2.936064096526591341e-128
2.709867536746245677e-130
2.282436438888885912e-132
1.749709674064953991e-134
1.217427962003357229e-136
7.665926796897399054e-139
4.355127731914219014e-141
2.225126123992628271e-143
1.018956068922327332e-145
4.167296291693898420e-148
1.516414042134402925e-150
4.890136282975623720e-153
1.391684465887833024e-155
3.479749112901944542e-158
7.608485977031601935e-161
1.447515350092636136e-163
2.383523196407208683e-166
3.377825190496437095e-169
4.095130822390471549e-172
4.220163662209749319e-175
3.671563203828789895e-178
2.677047529214278769e-181
1.623088486978519980e-184
8.114466882044377898e-188
3.315041128718475525e-191
1.095999067248319588e-194
2.901858871789708642e-198
6.083824872972097504e-202
9.976978663030898303e-206
1.262946553867729985e-209
1.216410121770807535e-213
8.775588284285724892e-218
4.661721578179171815e-222
1.789648963572056829e-226
4.864468711422753504e-231
9.152897773767004006e-236
1.162900995746390793e-240
9.706186922346925079e-246
5.162108572114355278e-251
1.690916295821520071e-256
3.284241955150272262e-262
3.624447942746974173e-268
2.165947347687000617e-274
6.636943888241601879e-281
9.799593457622886113e-288
6.492590426330717753e-295
1.777795497216886075e-302
1.828459843701615687e-310
6.315245898271981577e-319
0.000000000000000000e+00
0.000000000000000000e+00
0.000000000000000000e+00
0.000000000000000000e+00
0.000000000000000000e+00
0.000000000000000000e+00
0.000000000000000000e+00
0.000000000000000000e+00
0.000000000000000000e+00
0.000000000000000000e+00
0.000000000000000000e+00
0.000000000000000000e+00
0.000000000000000000e+00
0.000000000000000000e+00
0.000000000000000000e+00
0.000000000000000000e+00
