2.142124783737666682e-01
2.875363979082345978e-02
1.101818627376716445e-02
8.210092399523893567e-03
8.147729132358328547e-03
8.623200497554751875e-03
9.160805514534268654e-03
9.667336521240221456e-03
1.013312354356668554e-02
1.056269325136686456e-02
1.096059742617254591e-02
1.132959949686965576e-02
1.167106224822560788e-02
1.198547147112962938e-02
1.227281072248471647e-02
1.253280996346562218e-02
1.276511200335905295e-02
1.296938509983415477e-02
1.314539806493211782e-02
1.329306779015283248e-02
1.341248587276217159e-02
1.350392933484364719e-02
1.356785942679886864e-02
1.360491180583457520e-02
1.361588080968328777e-02
1.360170004295115087e-02
1.356342104017521123e-02
1.350219136519286746e-02
1.341923315417260787e-02
1.331582281175204725e-02
1.319327232546811668e-02
1.305291246966022896e-02
1.289607802100864280e-02
1.272409499756317272e-02
1.253826985498776581e-02
1.233988052153071717e-02
1.213016912126820349e-02
1.191033621856052785e-02
1.168153641132073026e-02
1.144487510330998749e-02
1.120140629364167056e-02
1.095213123298998704e-02
1.069799780916917686e-02
1.043990053868675862e-02
1.017868105482003932e-02
9.915128996204346928e-03
9.649983212536931629e-03
9.383933215601205843e-03
9.117620814327181966e-03
8.851641882004697079e-03
8.586548212095083954e-03
8.322849426403744130e-03
8.061014905760067670e-03
7.801475718890634944e-03
7.544626529951225721e-03
7.290827469290844624e-03
7.040405955534181741e-03
6.793658460059797712e-03
6.550852207485757979e-03
6.312226807909072750e-03
6.077995818429561201e-03
5.848348232968244263e-03
5.623449900600892455e-03
5.403444873604143321e-03
5.188456687182236605e-03
4.978589573433351428e-03
4.773929612548714549e-03
4.574545824535074072e-03
4.380491204931185115e-03
4.191803708068559536e-03
4.008507181420930925e-03
3.830612254511628519e-03
3.658117185715095438e-03
3.491008670111174755e-03
3.329262611339623389e-03
3.172844860167426187e-03
3.021711922231583910e-03
2.875811637163483252e-03
2.735083831044217515e-03
2.599460943888922803e-03
2.468868633617358598e-03
2.343226357741022906e-03
2.222447933787476387e-03
2.106442079291553394e-03
1.995112932012918505e-03
1.888360550889932364e-03
1.786081398111801465e-03
1.688168802583719843e-03
1.594513404972392086e-03
1.505003584451271867e-03
1.419525867214394737e-03
1.337965316793385782e-03
1.260205906192777637e-03
1.186130871852062200e-03
1.115623049447802889e-03
1.048565191563353288e-03
9.848402672763892363e-04
9.243317437433507845e-04
8.669238498941759987e-04
8.125018223885211929e-04
7.609521340254455420e-04
7.121627048403196981e-04
6.660230961655909691e-04
6.224246879741998553e-04
5.812608398657485636e-04
5.424270360951503629e-04
5.058210150808188036e-04
4.713428838643996129e-04
4.388952180257179410e-04
4.083831475854271791e-04
3.797144294529495646e-04
3.527995069991228549e-04
3.275515573510663224e-04
3.038865270214119278e-04
2.817231564949893301e-04
2.609829944036388483e-04
2.415904019240180977e-04
2.234725480341016651e-04
2.065593962620098983e-04
1.907836835556324590e-04
1.760808918937687817e-04
1.623892132491428517e-04
1.496495085009894607e-04
1.378052608801689886e-04
1.268025245130679579e-04
1.165898686122593674e-04
1.071183178420170965e-04
9.834128936575320043e-05
9.021452706036434729e-05
8.269603335933639349e-05
7.574599916300991194e-05
6.932673223012052438e-05
6.340258444031123756e-05
5.793987829273166312e-05
5.290683298120551456e-05
4.827349036195729422e-05
4.401164110571584032e-05
4.009475130217342065e-05
3.649788976141424529e-05
3.319765623428037052e-05
3.017211075145448068e-05
2.740070425979193469e-05
2.486421071391837101e-05
2.254466076142462331e-05
2.042527714126404125e-05
1.849041189719849909e-05
1.672548549119591384e-05
1.511692788598174622e-05
1.365212165094391709e-05
1.231934713181158030e-05
1.110772971167150682e-05
1.000718917888291242e-05
9.008391206697776088e-06
8.102700939242882952e-06
7.282138669585030940e-06
6.539337587340061162e-06
5.867503566061341024e-06
5.260376954068073186e-06
4.712196326715553081e-06
4.217664153213309326e-06
3.771914326715446300e-06
3.370481502959995576e-06
3.009272189741501482e-06
2.684537527094718353e-06
2.392847696303392798e-06
2.131067894503402713e-06
1.896335810749122761e-06
1.686040539044124089e-06
1.497802863695541728e-06
1.329456852719117536e-06
1.179032695532527681e-06
1.044740722100493519e-06
9.249565417914455015e-07
8.182072415017809049e-07
7.231585841247272131e-07
6.386031500995841871e-07
5.634493665238039133e-07
4.967113702441119296e-07
4.374996532542308034e-07
3.850124408082105038e-07
3.385277546689373945e-07
2.973961160733335671e-07
2.610338450288226521e-07
2.289169147266870521e-07
2.005753218817760757e-07
1.755879359238707994e-07
1.535777919471518810e-07
1.342077943238641594e-07
1.171767998242966140e-07
1.022160509545782353e-07
8.908593199817394184e-08
7.757302208152125954e-08
6.748742116633809938e-08
5.866032654174426885e-08
5.094183890076476198e-08
4.419897856404015661e-08
3.831389380575802151e-08
3.318224451631456838e-08
2.871174577383021993e-08
2.482085696855374479e-08
2.143760330882426093e-08
1.849851755051326555e-08
1.594769077553036526e-08
1.373592193578635418e-08
1.181995678575774525e-08
1.016180755084864691e-08
8.728145480111221900e-09
7.489759077204998928e-09
6.421071468750642294e-09
5.499710929188949029e-09
4.706129148972918681e-09
4.023262315392145333e-09
3.436230549754837317e-09
2.932071658433666240e-09
2.499505545131883704e-09
2.128725991124565767e-09
1.811216833053010131e-09
1.539589851672981690e-09
1.307441984843507393e-09
1.109229689819479380e-09
9.401585262868932001e-10
7.960862232244037975e-10
6.734376718519899396e-10
5.691304834952183287e-10
4.805098404707983644e-10
4.052915746368528105e-10
3.415124682638636312e-10
2.874869238807172620e-10
2.417692188401929747e-10
2.031206782052048557e-10
1.704811303153774544e-10
1.429441439709391166e-10
1.197355510457651007e-10
1.001948455477705600e-10
8.375909322674834249e-11
6.994902927495133615e-11
5.835705211298062913e-11
4.863688447968647417e-11
4.049465249145599445e-11
3.368122883631688534e-11
2.798564279567540312e-11
2.322942918951930523e-11
1.926178162803299027e-11
1.595540397442868267e-11
1.320296091697403559e-11
1.091404797853300065e-11
9.012600513297209533e-12
7.434689218971448380e-12
6.126645139029599903e-12
5.043461582434320591e-12
4.147432000098139419e-12
3.407008528019335652e-12
2.795822204604678749e-12
2.291851373533855645e-12
1.876736283379849938e-12
1.535176217711344248e-12
1.254441352676555954e-12
1.023948480364305877e-12
8.349110922752745442e-13
6.800416017978469842e-13
5.533023358936274799e-13
4.496967589208591025e-13
3.650957343546429868e-13
2.960880761851313127e-13
2.398619097681901274e-13
1.941016517495260162e-13
1.568983262429490689e-13
1.266873389504284039e-13
1.021793330140783651e-13
8.232130698906123294e-14
6.625051320022714542e-14
5.325621050051793684e-14
4.276383309521589306e-14
3.430002493368894381e-14
2.748051821742084907e-14
2.199263361882213158e-14
1.757995228768102347e-14
1.403673866491855211e-14
1.119513353832841114e-14
8.918857112107161531e-15
7.097008124867136168e-15
5.640805052693470455e-15
4.478642451207256253e-15
3.551386680923897439e-15
2.812892402218387110e-15
2.225090242229587937e-15
1.758534162188212431e-15
1.387715157003414506e-15
1.093925861128167301e-15
8.616108724726865323e-16
6.778779832787247831e-16
5.320238678099646591e-16
4.171446220256058886e-16
3.269315229277768765e-16
2.555239032965905550e-16
2.002184366988846215e-16
1.559483407277192576e-16
1.213974692120093784e-16
9.482257966318825305e-17
7.365197224689144042e-17
5.687403713605822065e-17
4.414210326335969899e-17
3.446073998635061635e-17
2.655841871858617678e-17
2.059456788746848651e-17
1.588819626144971114e-17
1.226762259203507669e-17
9.467315711154170298e-18
7.188276288684762107e-18
5.732731000150518951e-18
4.341241983625444677e-18
3.505853995138733345e-18
2.648650283013598189e-18
1.992494627433630611e-18
1.528159173264616769e-18
1.459127840013138963e-18
8.364975264650822689e-19
8.767725448341012052e-19
6.318120169077798089e-19
6.156030833890084300e-19
2.564996487507772136e-19
5.550713922730889020e-19
0.000000000000000000e+00
7.024518004918093166e-20
3.552069210237701994e-20
4.041629194149514292e-19
2.570901231082657310e-19
1.736147546584918619e-19
0.000000000000000000e+00
1.907377200180452775e-19
2.005084488067212396e-19
3.112401810289435693e-19
2.106253622139586866e-19
0.000000000000000000e+00
6.368724651259379871e-20
0.000000000000000000e+00
5.685679928569398793e-20
5.724807056994065846e-20
1.115446359080393795e-19
3.429192058784798557e-19
8.780122721049583003e-20
0.000000000000000000e+00
1.629687282519620860e-19
6.420646134956293133e-20
1.650825293048828801e-19
0.000000000000000000e+00
0.000000000000000000e+00
4.380791111146735907e-20
2.690915836448270417e-19
3.500518961974421599e-19
8.032377444729713992e-20
5.166662751440704946e-20
0.000000000000000000e+00
2.674992465715976042e-19
4.002811342394497372e-19
1.973682697732715509e-19
1.782917009845566831e-19
3.451833601007566182e-19
1.957376194198550653e-19
3.509833531252863231e-19
0.000000000000000000e+00
2.816952311995385063e-19
3.620422402733787043e-19
9.201649679930788931e-20
1.219807499581792882e-19
4.064328329020381565e-19
2.101804765412469843e-19
0.000000000000000000e+00
4.002086891714789617e-19
9.836110968491610480e-20
1.830994971860926254e-19
0.000000000000000000e+00
4.001802863957223931e-19
0.000000000000000000e+00
6.470375136431564437e-20
1.197765815967536163e-19
1.809789130187981111e-19
0.000000000000000000e+00
0.000000000000000000e+00
5.431818893908153004e-20
1.668208839850642901e-19
3.445602981681624188e-19
8.036166338399429726e-20
5.656790060226540814e-20
5.197588753767999662e-20
4.963652092340222706e-20
4.976516852128375803e-19
8.802033304778330030e-20
1.104481228096924842e-19
5.515385151143036714e-20
0.000000000000000000e+00
2.685946646429093967e-19
0.000000000000000000e+00
4.366870966660341083e-19
2.460430438692191263e-19
1.208063904801631104e-19
5.436897922623760359e-20
4.650920184328991449e-20
4.430989231101233780e-20
0.000000000000000000e+00
0.000000000000000000e+00
0.000000000000000000e+00
3.501290538190445410e-20
3.436053213558975105e-20
3.261450674498464499e-20
1.433201226149682356e-19
3.480207249514418246e-20
8.503634074738772439e-20
1.449383661848366110e-19
0.000000000000000000e+00
2.555945382674731808e-20
3.618751694059375777e-19
1.584583449876887507e-19
0.000000000000000000e+00
8.175961569650561255e-20
1.987699843281409885e-19
2.637361148245250983e-19
4.467022889226552913e-20
0.000000000000000000e+00
1.384168117217668557e-19
1.468515345618780137e-19
3.559727705634454096e-20
2.526133328608981105e-19
2.116023823490403175e-19
3.235690643166929218e-19
1.638660706554535846e-19
1.512612753172355868e-19
4.067722702214647747e-20
0.000000000000000000e+00
1.427370709135654635e-19
2.037482376588374444e-19
9.891771465359874523e-20
3.742897363104350183e-19
3.359955527602902024e-19
0.000000000000000000e+00
3.169607570863889115e-19
2.227434170969239903e-19
2.191035667913208438e-19
5.080437824347172970e-20
3.211742261248513924e-19
2.254576562916966152e-19
2.779187710456165838e-19
5.642259599063054703e-20
4.311777923966865795e-20
2.655942805787080714e-19
1.659396088149556910e-19
3.295667732839039043e-19
1.707606636713886399e-19
2.158578258418494580e-19
0.000000000000000000e+00
2.086265947672952481e-19
4.926248176200577849e-20
4.896314421646085277e-19
1.767775114791816142e-19
0.000000000000000000e+00
0.000000000000000000e+00
2.051480144639865030e-19
0.000000000000000000e+00
9.120483105160811214e-20
1.498335362945206936e-19
2.639680504179098871e-19
0.000000000000000000e+00
3.190607793540159752e-20
3.015257647809403842e-20
1.409157374879384247e-19
3.703982217984119635e-19
2.700189154826213085e-19
0.000000000000000000e+00
3.095020305701677127e-19
2.106123848180042372e-19
3.863375831227738615e-20
8.584300835549364740e-20
2.562227776956651675e-19
3.761440642607983301e-19
2.144601441586100304e-19
0.000000000000000000e+00
0.000000000000000000e+00
1.403652714648526361e-19
1.449955305509886756e-19
0.000000000000000000e+00
1.945591519262254189e-19
3.284176227131991717e-20
2.517842650413531005e-20
2.315805296831785780e-20
1.341240452580363386e-19
0.000000000000000000e+00
1.319833232137162885e-19
2.316080839134917999e-20
0.000000000000000000e+00
1.286490968917173926e-19
1.887786673744227690e-19
3.041168459274723268e-19
2.531284386051553290e-19
2.746451717232996175e-20
5.253506848639848972e-19
3.852641900075595248e-20
2.259277577164251320e-20
7.679568257388221633e-20
0.000000000000000000e+00
0.000000000000000000e+00
1.733021216148554063e-20
7.266818806847926621e-20
0.000000000000000000e+00
1.269212880601972774e-19
4.676262724280356525e-19
1.989306739856055442e-19
2.485663629028201052e-19
0.000000000000000000e+00
1.785006735446645690e-20
1.683114057286944412e-20
2.408681633485901321e-19
2.252794499930859972e-20
1.598073621856957540e-20
1.270175863349530795e-19
0.000000000000000000e+00
0.000000000000000000e+00
5.181740113146132298e-19
0.000000000000000000e+00
0.000000000000000000e+00
1.283134777875304639e-20
1.245895950855392217e-19
1.456523255788856130e-20
2.363161571676289237e-19
1.293518870335729535e-19
0.000000000000000000e+00
0.000000000000000000e+00
0.000000000000000000e+00
0.000000000000000000e+00
0.000000000000000000e+00
1.195237715863145107e-19
9.279373632801501706e-21
6.532288099792555440e-21
0.000000000000000000e+00
1.738130603230822580e-19
8.810377865606636254e-21
5.399738623819221807e-21
1.172601787463998157e-19
1.746615092021046766e-19
6.469052129758664540e-20
0.000000000000000000e+00
6.240669554327628835e-19
1.309896872890623488e-19
1.241077997515848062e-19
2.927864910264386207e-19
2.402887693096186850e-19
1.536059038068871006e-20
1.146147934762131528e-20
6.672618202271020977e-20
1.086630733972782216e-20
9.051266450861647172e-21
1.767780676723594230e-19
1.227159660976479527e-19
2.905554895369848182e-19
1.195408901702752942e-20
2.330803683829599385e-19
1.233273244988577249e-19
9.527152343159601376e-21
7.476581205697579922e-21
6.568795755457142584e-21
5.710223954244499327e-21
3.424454992955866807e-19
1.776909564208226684e-19
7.803000071351399267e-21
4.557199766222907792e-19
1.078652418434049454e-20
6.301631434172574933e-20
4.005799623172915413e-19
1.226813263842990605e-19
2.893441417191936696e-19
1.782964262767356483e-19
0.000000000000000000e+00
1.191647142453319728e-19
1.755166568634097524e-19
0.000000000000000000e+00
2.299754883596210121e-19
3.997945174775311058e-19
0.000000000000000000e+00
0.000000000000000000e+00
1.164932980558357630e-19
3.720246590950016366e-21
3.402095184984094086e-19
4.541865400807096900e-19
0.000000000000000000e+00
0.000000000000000000e+00
1.150904034782400528e-19
5.860950214144767201e-20
2.831551480166608963e-19
1.147328604295814073e-19
1.492858255171224677e-21
5.712946775695774745e-20
6.091336033770310721e-22
1.690001843723942579e-19
5.924048043021474400e-23
9.874661494568769150e-24
1.241595013162543358e-24
1.473735770596895201e-25
1.685086880810633739e-26
1.831646583863764835e-27
2.151788079289315749e-28
2.547223932486441390e-29
2.885796827689397108e-30
3.146245448763153920e-31
3.281068491792803966e-32
3.317624587219662719e-33
3.384144426057416629e-34
3.603125224753653516e-35
4.021975318706746189e-36
4.607582358332038847e-37
5.296938195736708136e-38
5.984199513879117922e-39
6.564701846487950668e-40
6.938111763646815459e-41
7.058818503708177779e-42
7.002670282395574732e-43
6.976937149409305991e-44
7.245378469803873430e-45
8.020588466381201740e-46
9.397358816986582169e-47
1.135579721125134588e-47
1.381082390291154321e-48
1.666839472265861083e-49
1.986249472685788789e-50
2.336588878260842323e-51
2.717986790560331750e-52
3.131487844499599741e-53
3.577613085542686307e-54
4.056432443481687237e-55
4.569296610792753889e-56
5.121600081849080037e-57
5.725716999610484036e-58
6.403421468282509382e-59
7.187154838344645374e-60
8.119234307229588754e-61
9.248020968126190803e-62
1.062095487464027786e-62
1.227628798847193570e-63
1.423718778269339696e-64
1.651203658595228003e-65
1.910248133180579407e-66
2.201702778759572744e-67
2.528478644222115471e-68
2.896316995546078398e-69
3.313535357570910747e-70
3.789711068621256672e-71
4.333647736888325877e-72
4.951206060230430836e-73
5.643599097606568449e-74
6.406577554148014197e-75
7.230653996527691587e-76
8.102248419925735954e-77
9.005468992425229072e-78
9.924204887669759166e-79
1.084428018209762787e-79
1.175554219510999544e-80
1.265387619066753738e-81
1.354321413981136304e-82
1.443762561170810292e-83
1.536354382837261641e-84
1.636209176564528744e-85
1.749133957723804500e-86
1.882817317225875936e-87
2.046934217599230713e-88
2.253125990806176678e-89
2.514830604741093276e-90
2.846972731255695964e-91
3.265564464527509985e-92
3.787298494697460666e-93
4.429217942805908951e-94
5.208510603877937475e-95
6.142405008042790128e-96
7.248063818895939754e-97
8.542311041173479132e-98
1.004102815134092740e-98
1.175813168619861057e-99
1.370419690605088699e-100
1.588498572536265986e-101
1.830031622635256471e-102
2.094381226195589597e-103
2.380404366738140442e-104
2.686738934438293856e-105
3.012264620586210007e-106
3.356702525674029059e-107
3.721280776459615262e-108
4.109367266117643367e-109
4.526962881684170689e-110
4.982963531227220874e-111
5.489136426852692116e-112
6.059809888229602916e-113
6.711336658904730974e-114
7.461446176191683952e-115
8.328639172515331898e-116
9.331788778656771897e-117
1.049009123587892242e-117
1.182345809790249139e-118
1.335336873892935868e-119
1.510412080427674808e-120
1.710434349468125066e-121
1.938859017049775782e-122
2.199881436251884223e-123
2.498556154987429792e-124
2.840877485966006275e-125
3.233820748286284018e-126
3.685355095978322104e-127
4.204453620825730541e-128
4.801150164871171269e-129
5.486742853308052912e-130
6.274368483766442024e-131
7.180486198254460215e-132
8.228600363741275965e-133
9.458524418394442176e-134
1.094935506208997455e-134
1.287625423991607960e-135
1.565017683382561217e-136
2.025994438391441990e-137
2.910500192233575288e-138
4.801081697611554763e-139
9.107705210791995116e-140
1.922686260862452761e-140
4.329556662162340534e-141
1.006937261338193355e-141
2.372996984918919451e-142
5.610543586844385738e-143
1.324337792517563191e-143
3.113547765272365714e-144
7.282558643077120603e-145
1.693733006680442465e-145
3.915777622398997174e-146
8.997851470909075531e-147
2.054799511564778960e-147
4.663205824579490367e-148
1.051634543850462283e-148
2.356642415445607483e-149
5.247541876299071558e-150
1.161012522401792896e-150
2.552244673238037650e-151
5.574396322541908517e-152
1.209620758827596670e-152
2.607727119613156577e-153
5.584987192116373353e-154
1.188269275408150441e-154
2.511456382671519275e-155
5.272782367994431944e-156
1.099620289727116171e-156
2.277820517237970699e-157
4.686570843402832169e-158
9.577116724776842756e-159
1.943762355555896024e-159
3.918006333568695884e-160
7.843057026764526161e-161
1.559152083022477265e-161
3.077931502836528813e-162
6.033664896375457395e-163
1.174463396595405514e-163
2.269959196631973772e-164
4.356131485054401617e-165
8.299888781771281314e-166
1.570058470570139103e-166
2.948597102588920243e-167
5.497367723769677003e-168
1.017460304481526501e-168
1.869334300935570295e-169
3.409154362359481729e-170
6.171344878718182888e-171
1.108841804738846696e-171
1.977420545267385997e-172
3.499863577769104507e-173
6.147643136684414670e-174
1.071653451688318601e-174
1.853834175501156696e-175
3.182296951016448408e-176
5.420585665943967182e-177
9.161565453783574753e-178
1.536361066563766684e-178
2.556224958787509352e-179
4.219577344058834313e-180
6.910106610806209040e-181
1.122608052251111995e-181
1.809175685719096105e-182
2.892171028190677611e-183
4.586054104454574375e-184
7.212861005834712068e-185
1.125149493414486635e-185
1.740716867234519602e-186
2.670804694316621053e-187
4.063805607641841467e-188
6.131702995556336638e-189
9.174177723486933878e-190
1.361041522537397282e-190
2.002045725130964076e-191
2.919813250977748365e-192
4.221769969297848937e-193
6.051628722602168969e-194
8.599394625279535683e-195
1.211325665168237465e-195
1.691339537253176466e-196
2.340759501707662986e-197
3.210835320939173804e-198
4.365093032627730142e-199
5.881147403372990496e-200
7.852400176713483092e-201
1.038946422260417011e-201
1.362111542524995910e-202
1.769453967109762897e-203
2.277461656268045544e-204
2.904197025446026709e-205
3.668952725435557270e-206
4.591735710458885468e-207
5.692563945082610062e-208
6.990570303823967535e-209
8.502921856057158428e-210
1.024357940727262774e-210
1.222194103679156946e-211
1.444143310721697418e-212
1.689813105766423517e-213
1.957950813004989456e-214
2.246342075264028592e-215
2.551744243174157616e-216
2.869865185523916681e-217
3.195396432249755562e-218
3.522106834513358301e-219
3.842999220476668445e-220
4.150528052054418993e-221
4.436871175043985426e-222
4.694243825442746190e-223
4.915238588823963349e-224
5.093171495257472666e-225
5.222412307565482967e-226
5.298676656607786785e-227
5.319259168029301331e-228
5.283190094167887548e-229
5.191302993750020551e-230
5.046207282412220910e-231
4.852166449693276312e-232
4.614889752091659725e-233
4.341251578005282860e-234
4.038957829314796185e-235
3.716182097337186495e-236
3.381195835208112355e-237
3.042016069173873736e-238
2.706091593359405930e-239
2.380044398331330350e-240
2.069477783513506798e-241
1.778856771497160504e-242
1.511460665594883260e-243
1.269402402691128853e-244
1.053705172917410015e-245
8.644238795770825147e-247
7.007975078546874336e-248
5.614183136371905722e-249
4.444047573612468313e-250
3.475670217159820394e-251
2.685564461868268910e-252
2.049929595358530555e-253
1.545672981729466728e-254
1.151172270786515686e-255
8.467896723261739728e-257
6.151649334832276745e-258
4.413228293178106531e-259
3.126351440221398294e-260
2.186771025456583804e-261
1.510150467831690694e-262
1.029569249488720560e-263
6.929088634155917288e-265
4.603078796335370639e-266
3.018135325478873103e-267
1.953048467319743026e-268
1.247202833625442112e-269
7.859164647242678154e-271
4.886479942535955594e-272
2.997513996286744911e-273
1.813996057765011636e-274
1.082893763295937626e-275
6.376375012934973223e-277
3.703088908664275928e-278
2.120900187902650746e-279
1.197858021171501085e-280
6.670868914255296590e-282
3.662807008163226313e-283
1.982725317953398042e-284
1.058010463918099004e-285
5.564907697717585438e-287
2.884881240928551382e-288
1.473875997367090769e-289
7.420236044994724589e-291
3.680939425629049423e-292
1.799052636970095527e-293
8.662296733536804983e-295
4.108522086878937794e-296
1.919378508708123815e-297
8.831139816781124975e-299
4.001403691778525791e-300
1.785276278676344033e-301
7.842482835198212385e-303
3.391673543608220493e-304
1.443921915995098845e-305
6.050608635159997151e-307
2.495377268840045810e-308
1.012770119430780192e-309
4.044626070345884249e-311
1.589255136708409176e-312
6.143433048208498900e-314
2.336065361298632922e-315
8.737131484969125915e-317
3.213778450442306871e-318
1.162437651535284869e-319
4.135329455691233575e-321
1.432790372939614978e-322
0.000000000000000000e+00
0.000000000000000000e+00
0.000000000000000000e+00
0.000000000000000000e+00
0.000000000000000000e+00
0.000000000000000000e+00
0.000000000000000000e+00
0.000000000000000000e+00
0.000000000000000000e+00
0.000000000000000000e+00
0.000000000000000000e+00
0.000000000000000000e+00
0.000000000000000000e+00
0.000000000000000000e+00
0.000000000000000000e+00
0.000000000000000000e+00
0.000000000000000000e+00
0.000000000000000000e+00
0.000000000000000000e+00
0.000000000000000000e+00
0.000000000000000000e+00
0.000000000000000000e+00
0.000000000000000000e+00
0.000000000000000000e+00
0.000000000000000000e+00
0.000000000000000000e+00
0.000000000000000000e+00
0.000000000000000000e+00
0.000000000000000000e+00
0.000000000000000000e+00
0.000000000000000000e+00
0.000000000000000000e+00
0.000000000000000000e+00
0.000000000000000000e+00
0.000000000000000000e+00
0.000000000000000000e+00
0.000000000000000000e+00
0.000000000000000000e+00
0.000000000000000000e+00
0.000000000000000000e+00
0.000000000000000000e+00
0.000000000000000000e+00
0.000000000000000000e+00
0.000000000000000000e+00
0.000000000000000000e+00
0.000000000000000000e+00
0.000000000000000000e+00
0.000000000000000000e+00
0.000000000000000000e+00
0.000000000000000000e+00
0.000000000000000000e+00
0.000000000000000000e+00
0.000000000000000000e+00
0.000000000000000000e+00
0.000000000000000000e+00
0.000000000000000000e+00
0.000000000000000000e+00
0.000000000000000000e+00
0.000000000000000000e+00
0.000000000000000000e+00
0.000000000000000000e+00
0.000000000000000000e+00
0.000000000000000000e+00
0.000000000000000000e+00
0.000000000000000000e+00
0.000000000000000000e+00
0.000000000000000000e+00
0.000000000000000000e+00
0.000000000000000000e+00
0.000000000000000000e+00
0.000000000000000000e+00
0.000000000000000000e+00
0.000000000000000000e+00
0.000000000000000000e+00
0.000000000000000000e+00
0.000000000000000000e+00
0.000000000000000000e+00
0.000000000000000000e+00
0.000000000000000000e+00
0.000000000000000000e+00
0.000000000000000000e+00
0.000000000000000000e+00
0.000000000000000000e+00
0.000000000000000000e+00
0.000000000000000000e+00
0.000000000000000000e+00
0.000000000000000000e+00
0.000000000000000000e+00
0.000000000000000000e+00
0.000000000000000000e+00
0.000000000000000000e+00
0.000000000000000000e+00
0.000000000000000000e+00
0.000000000000000000e+00
0.000000000000000000e+00
0.000000000000000000e+00
0.000000000000000000e+00
0.000000000000000000e+00
0.000000000000000000e+00
0.000000000000000000e+00
0.000000000000000000e+00
0.000000000000000000e+00
0.000000000000000000e+00
0.000000000000000000e+00
0.000000000000000000e+00
0.000000000000000000e+00
0.000000000000000000e+00
0.000000000000000000e+00
0.000000000000000000e+00
0.000000000000000000e+00
0.000000000000000000e+00
0.000000000000000000e+00
0.000000000000000000e+00
0.000000000000000000e+00
0.000000000000000000e+00
0.000000000000000000e+00
0.000000000000000000e+00
0.000000000000000000e+00
0.000000000000000000e+00
0.000000000000000000e+00
0.000000000000000000e+00
0.000000000000000000e+00
0.000000000000000000e+00
0.000000000000000000e+00
0.000000000000000000e+00
0.000000000000000000e+00
0.000000000000000000e+00
0.000000000000000000e+00
0.000000000000000000e+00
0.000000000000000000e+00
0.000000000000000000e+00
0.000000000000000000e+00
0.000000000000000000e+00
0.000000000000000000e+00
0.000000000000000000e+00
0.000000000000000000e+00
0.000000000000000000e+00
0.000000000000000000e+00
0.000000000000000000e+00
0.000000000000000000e+00
0.000000000000000000e+00
0.000000000000000000e+00
0.000000000000000000e+00
0.000000000000000000e+00
0.000000000000000000e+00
0.000000000000000000e+00
0.000000000000000000e+00
0.000000000000000000e+00
0.000000000000000000e+00
0.000000000000000000e+00
0.000000000000000000e+00
0.000000000000000000e+00
0.000000000000000000e+00
0.000000000000000000e+00
0.000000000000000000e+00
0.000000000000000000e+00
0.000000000000000000e+00
0.000000000000000000e+00
0.000000000000000000e+00
0.000000000000000000e+00
0.000000000000000000e+00
0.000000000000000000e+00
0.000000000000000000e+00
0.000000000000000000e+00
0.000000000000000000e+00
0.000000000000000000e+00
0.000000000000000000e+00
0.000000000000000000e+00
0.000000000000000000e+00
0.000000000000000000e+00
0.000000000000000000e+00
0.000000000000000000e+00
0.000000000000000000e+00
0.000000000000000000e+00
0.000000000000000000e+00
0.000000000000000000e+00
0.000000000000000000e+00
0.000000000000000000e+00
0.000000000000000000e+00
0.000000000000000000e+00
0.000000000000000000e+00
0.000000000000000000e+00
0.000000000000000000e+00
0.000000000000000000e+00
0.000000000000000000e+00
0.000000000000000000e+00
0.000000000000000000e+00
0.000000000000000000e+00
0.000000000000000000e+00
0.000000000000000000e+00
0.000000000000000000e+00
0.000000000000000000e+00
0.000000000000000000e+00
0.000000000000000000e+00
0.000000000000000000e+00
0.000000000000000000e+00
0.000000000000000000e+00
0.000000000000000000e+00
0.000000000000000000e+00
0.000000000000000000e+00
0.000000000000000000e+00
0.000000000000000000e+00
0.000000000000000000e+00
0.000000000000000000e+00
0.000000000000000000e+00
0.000000000000000000e+00
0.000000000000000000e+00
0.000000000000000000e+00
0.000000000000000000e+00
0.000000000000000000e+00
0.000000000000000000e+00
0.000000000000000000e+00
0.000000000000000000e+00
0.000000000000000000e+00
0.000000000000000000e+00
0.000000000000000000e+00
0.000000000000000000e+00
0.000000000000000000e+00
0.000000000000000000e+00
0.000000000000000000e+00
0.000000000000000000e+00
0.000000000000000000e+00
0.000000000000000000e+00
0.000000000000000000e+00
0.000000000000000000e+00
0.000000000000000000e+00
0.000000000000000000e+00
0.000000000000000000e+00
0.000000000000000000e+00
0.000000000000000000e+00
0.000000000000000000e+00
0.000000000000000000e+00
0.000000000000000000e+00
0.000000000000000000e+00
0.000000000000000000e+00
0.000000000000000000e+00
0.000000000000000000e+00
0.000000000000000000e+00
0.000000000000000000e+00
0.000000000000000000e+00
0.000000000000000000e+00
0.000000000000000000e+00
0.000000000000000000e+00
0.000000000000000000e+00
0.000000000000000000e+00
0.000000000000000000e+00
0.000000000000000000e+00
0.000000000000000000e+00
0.000000000000000000e+00
0.000000000000000000e+00
0.000000000000000000e+00
0.000000000000000000e+00
0.000000000000000000e+00
0.000000000000000000e+00
0.000000000000000000e+00
0.000000000000000000e+00
0.000000000000000000e+00
0.000000000000000000e+00
0.000000000000000000e+00
0.000000000000000000e+00
0.000000000000000000e+00
0.000000000000000000e+00
0.000000000000000000e+00
0.000000000000000000e+00
0.000000000000000000e+00
0.000000000000000000e+00
0.000000000000000000e+00
0.000000000000000000e+00
0.000000000000000000e+00
0.000000000000000000e+00
0.000000000000000000e+00
0.000000000000000000e+00
0.000000000000000000e+00
0.000000000000000000e+00
0.000000000000000000e+00
0.000000000000000000e+00
0.000000000000000000e+00
