2.139590214167041704e-01
2.766332379864942098e-02
9.071723335359471382e-03
5.614029477739967793e-03
5.097600002452124315e-03
5.246103974364198924e-03
5.526517931771409917e-03
5.812785375906685988e-03
6.080298465685188801e-03
6.327972025357421308e-03
6.558785614943418371e-03
6.775532768758083142e-03
6.980227183988684837e-03
7.174231239632725653e-03
7.358447098139737387e-03
7.533459960685238120e-03
7.699635021609320916e-03
7.857183280688701671e-03
8.006207687988858152e-03
8.146736699837228007e-03
8.278749448747962578e-03
8.402195053324896037e-03
8.517007633554458945e-03
8.623118039758093448e-03
8.720462974084262908e-03
8.808991985074256931e-03
8.888672694279908110e-03
8.959494537794630148e-03
9.021471256301701741e-03
9.074642333674736230e-03
9.119073559565741074e-03
9.154856871809854621e-03
9.182109617585190384e-03
9.200973356873037509e-03
9.211612317286836660e-03
9.214211595565706056e-03
9.208975187945288993e-03
9.196123919306202835e-03
9.175893329555885256e-03
9.148531565217233805e-03
9.114297314739261066e-03
9.073457817639379863e-03
9.026286970227392903e-03
8.973063544318723647e-03
8.914069529956008056e-03
8.849588608658205680e-03
8.779904760019226206e-03
8.705301001499375635e-03
8.626058258901883255e-03
8.542454363225020914e-03
8.454763168239941631e-03
8.363253782199401784e-03
8.268189906459451344e-03
8.169829273441828188e-03
8.068423176221157372e-03
7.964216082049710432e-03
7.857445322287189352e-03
7.748340851460346936e-03
7.637125068501989487e-03
7.524012693594466644e-03
7.409210694448854599e-03
7.292918256273055524e-03
7.175326790109632334e-03
7.056619974647229329e-03
6.936973827023784449e-03
6.816556798536196025e-03
6.695529891551117198e-03
6.574046794269438471e-03
6.452254030332712186e-03
6.330291120572618772e-03
6.208290754494630824e-03
6.086378969354439526e-03
5.964675334930598025e-03
5.843293142322516023e-03
5.722339595306577369e-03
5.601916002970270050e-03
5.482117972512102859e-03
5.363035601248445500e-03
5.244753667005179823e-03
5.127351816196406946e-03
5.010904749003214538e-03
4.895482401164916002e-03
4.781150121984122092e-03
4.667968848226043861e-03
4.555995273662667364e-03
4.445282014074292132e-03
4.335877767576624790e-03
4.227827470188660550e-03
4.121172446599699266e-03
4.015950556129552901e-03
3.912196333908431883e-03
3.809941127329287153e-03
3.709213227848672054e-03
3.610037998231313983e-03
3.512437995349252003e-03
3.416433088659202345e-03
3.322040574491691694e-03
3.229275286293111381e-03
3.138149700966990415e-03
3.048674041464055628e-03
2.960856375772405805e-03
2.874702712458636171e-03
2.790217092910045760e-03
2.707401680424873468e-03
2.626256846294278569e-03
2.546781253015523595e-03
2.468971934770328776e-03
2.392824375297021751e-03
2.318332583278881996e-03
2.245489165364674897e-03
2.174285396930583213e-03
2.104711290686129242e-03
2.036755663219741181e-03
1.970406199572583787e-03
1.905649515923065699e-03
1.842471220457164282e-03
1.780855972493929811e-03
1.720787539929043196e-03
1.662248855053476007e-03
1.605222068798885975e-03
1.549688603456037764e-03
1.495629203907660560e-03
1.443023987412754951e-03
1.391852491974941751e-03
1.342093723324081118e-03
1.293726200536462253e-03
1.246728000316266877e-03
1.201076799957939657e-03
1.156749919007017506e-03
1.113724359634662509e-03
1.071976845739660905e-03
1.031483860790052007e-03
9.922216844154890716e-04
9.541664277604805728e-04
9.172940676081117392e-04
8.815804792833110363e-04
8.470014683445806778e-04
8.135328010731055848e-04
7.811502337681202994e-04
7.498295408579740010e-04
7.195465418364520608e-04
6.902771270346326959e-04
6.619972822390724973e-04
6.346831121678656344e-04
6.083108628168726719e-04
5.828569426891264983e-04
5.582979429214953576e-04
5.346106563233023797e-04
5.117720953426444430e-04
4.897595089770266337e-04
4.685503986457652476e-04
4.481225330425098337e-04
4.284539619871203598e-04
4.095230292968638874e-04
3.913083846978233351e-04
3.737889947979805973e-04
3.569441531443299435e-04
3.407534893868681696e-04
3.251969775730039185e-04
3.102549435964966078e-04
2.959080718254199606e-04
2.821374109342197163e-04
2.689243789652108040e-04
2.562507676452438878e-04
2.440987459834937474e-04
2.324508631765611374e-04
2.212900508471975637e-04
2.105996246430618920e-04
2.003632852219612082e-04
1.905651186500097009e-04
1.811895962390257383e-04
1.722215738494215572e-04
1.636462906846399175e-04
1.554493676029593523e-04
1.476168049722184844e-04
1.401349800927842849e-04
1.329906442135872730e-04
1.261709191658332832e-04
1.196632936384322502e-04
1.134556191188537086e-04
1.075361055225156201e-04
1.018933165334136109e-04
9.651616467807801354e-05
9.139390615442411717e-05
8.651613543646535667e-05
8.187277967526731929e-05
7.745409291591264238e-05
7.325065014957384468e-05
6.925334121922367551e-05
6.545336459679895779e-05
6.184222104899576671e-05
5.841170720823350330e-05
5.515390906462901897e-05
5.206119539417272668e-05
4.912621113760977978e-05
4.634187074391918359e-05
4.370135149153669621e-05
4.119808679988867518e-05
3.882575954311498267e-05
3.657829537722109652e-05
3.444985609126742390e-05
3.243483299259460116e-05
3.052784033543718892e-05
2.872370880172360586e-05
2.701747904221704635e-05
2.540439528564992158e-05
2.387989902285194140e-05
2.243962277243613925e-05
2.107938393396755408e-05
1.979517873412698205e-05
1.858317627080136931e-05
1.743971265962407645e-05
1.636128528696565625e-05
1.534454717297565471e-05
1.438630144782709768e-05
1.348349594390180205e-05
1.263321790628589815e-05
1.183268882353810989e-05
1.107925938035859350e-05
1.037040453344033271e-05
9.703718711474848950e-06
9.076911139929386715e-06
8.487801291006432362e-06
7.934314458845351725e-06
7.414477459816930652e-06
6.926414457507093754e-06
6.468342911764331921e-06
6.038569650951966672e-06
5.635487066428142932e-06
5.257569427984462793e-06
4.903369318896900544e-06
4.571514189059443813e-06
4.260703024534216573e-06
3.969703131714121520e-06
3.697347034193383013e-06
3.442529480344113774e-06
3.204204559479933400e-06
2.981382924445316824e-06
2.773129118342514006e-06
2.578559003125173059e-06
2.396837287653878009e-06
2.227175152824245331e-06
2.068827971323975202e-06
1.921093119534431882e-06
1.783307879112015271e-06
1.654847425725845192e-06
1.535122902454900093e-06
1.423579575343143780e-06
1.319695068601425945e-06
1.222977676991270479e-06
1.132964752877872816e-06
1.049221165555786874e-06
9.713378303839650421e-07
8.989303053390379715e-07
8.316374526476678838e-07
7.691201631423378020e-07
7.110601410758309401e-07
6.571587471242660834e-07
6.071358973996582701e-07
5.607290162939039120e-07
5.176920410582509497e-07
4.777944760379780751e-07
4.408204945729634642e-07
4.065680865817177824e-07
3.748482499316690609e-07
3.454842237366688027e-07
3.183107617647150600e-07
2.931734442307654147e-07
2.699280262454700109e-07
2.484398212994578633e-07
2.285831181797356871e-07
2.102406297715354586e-07
1.933029722861458331e-07
1.776681734427676188e-07
1.632412082513133379e-07
1.499335610424380912e-07
1.376628124792492427e-07
1.263522502933218706e-07
1.159305025811620381e-07
1.063311925051769971e-07
9.749261331207766648e-08
8.935742262122176504e-08
8.187235497324307376e-08
7.498795167839121910e-08
6.865830704545072290e-08
6.284083011181822766e-08
5.749602102764060170e-08
5.258726129681604806e-08
4.808061711028030082e-08
4.394465503414903321e-08
4.015026936049869333e-08
3.667052045966796270e-08
3.348048350524722316e-08
3.055710696410102113e-08
2.787908028664158747e-08
2.542671026206279912e-08
2.318180551148787898e-08
2.112756865036737868e-08
1.924849563487273739e-08
1.753028188088537905e-08
1.595973472024360944e-08
1.452469181517739978e-08
1.321394515597786881e-08
1.201717029223119317e-08
1.092486046548614910e-08
9.928265339098534439e-09
9.019334019405898862e-09
8.190662098855761235e-09
7.435442457137543473e-09
6.747419576859005006e-09
6.120847136855214915e-09
5.550448668179284138e-09
5.031381069952297384e-09
4.559200791103684072e-09
4.129832492892887304e-09
3.739540033224718973e-09
3.384899597829640243e-09
3.062774848446973009e-09
2.770293930331782854e-09
2.504828224269288681e-09
2.263972700855992163e-09
2.045527790171297469e-09
1.847482628374185444e-09
1.667999605898048926e-09
1.505400114348840721e-09
1.358151399001778228e-09
1.224854452994736204e-09
1.104232850264200970e-09
9.951224787755760903e-10
8.964620820486669376e-10
8.072845569172544772e-10
7.267089591233319480e-10
6.539331453622160671e-10
5.882270193619258061e-10
5.289263328312113910e-10
4.754269807280205480e-10
4.271797848176221236e-10
3.836856944826526021e-10
3.444914009766064455e-10
3.091853029366222262e-10
2.773938247075167831e-10
2.487780412433348674e-10
2.230305823797703203e-10
1.998728144599151214e-10
1.790522504993978206e-10
1.603401925189283903e-10
1.435295726553885952e-10
1.284329822129311194e-10
1.148808757429235457e-10
1.027199320215469641e-10
9.181155068711746097e-11
8.203049967066834443e-11
7.326366325901780744e-11
6.540891740989545712e-11
5.837409390491301577e-11
5.207604755982140362e-11
4.643980199369766450e-11
4.139777455002755244e-11
3.688907214178063955e-11
3.285885090111952676e-11
2.925773715102141141e-11
2.604129705556590329e-11
2.316956198553480023e-11
2.060659196347427383e-11
1.832008411788067335e-11
1.628101690816492520e-11
1.446332429669869700e-11
1.284360919324337750e-11
1.140087626156833336e-11
1.011629204696859296e-11
8.972970143076951818e-12
7.955778480363491782e-12
7.051159858025819182e-12
6.246972353736179069e-12
5.532349872996795019e-12
4.897568147431701784e-12
4.333930008241549301e-12
3.833661203322097018e-12
3.389813249712205296e-12
2.996179588627843021e-12
2.647218040808222205e-12
2.337981842174437173e-12
2.064058199377895316e-12
1.821511695550565750e-12
1.606833864502897632e-12
1.416899555710929361e-12
1.248922857292977945e-12
1.100424654169737626e-12
9.692000274831388095e-13
8.532860988523435088e-13
7.509370093882528828e-13
6.606021353341656526e-13
5.809033792243266792e-13
5.106165870265664766e-13
4.486554097100655562e-13
3.940558559658733249e-13
3.459625014203312627e-13
3.036173714374584835e-13
2.663486190448023754e-13
2.335605454810933111e-13
2.047273660589296860e-13
1.793809630268150342e-13
1.571098526626969548e-13
1.375480506799959695e-13
1.203737005835872427e-13
1.053007670226891266e-13
9.207845884039320965e-14
8.048373831333775772e-14
7.032060141576091963e-14
6.141557421324974583e-14
5.361677491075250826e-14
4.678917953278864504e-14
4.081420607013044618e-14
3.558803482219966615e-14
3.101820065156860623e-14
2.702433012895211765e-14
2.353489087862671460e-14
2.048747721410936999e-14
1.782730029375066120e-14
1.550654542516472474e-14
1.348212472337052713e-14
1.171708104601907466e-14
1.017901135481139703e-14
8.839042192819801206e-15
7.672526710249230995e-15
6.657244298403420563e-15
5.773858094234131884e-15
5.005320739010843874e-15
4.336950657462820865e-15
3.756846619218309165e-15
3.252854000615115536e-15
2.815379380279806320e-15
2.435822888424701649e-15
2.106385287265025904e-15
1.820577968768954616e-15
1.573142842051866698e-15
1.358628105863700432e-15
1.172874751607170578e-15
1.011899368460193063e-15
8.727793639300165504e-16
7.525300538075118185e-16
6.484496589036323159e-16
5.584435159881600226e-16
4.808301938339371966e-16
4.138900824502405684e-16
3.560274925721096736e-16
3.061268999764027768e-16
2.627750980653549145e-16
2.257188280400982155e-16
1.935072057888617662e-16
1.662649203186478794e-16
1.426919693248812733e-16
1.225134049190617087e-16
1.049143659228660417e-16
8.969424725241738142e-17
7.666301138653720161e-17
6.567816419195619096e-17
5.583696474154067263e-17
4.792150564844246022e-17
4.103817181796454287e-17
3.516055738861582218e-17
2.993183163995917382e-17
2.559777510075282422e-17
2.186745034836438225e-17
1.872419293360021526e-17
1.610491905353902482e-17
1.374122574834073881e-17
1.152762851791873141e-17
1.002269139967059328e-17
8.545512687504310586e-18
7.219943258740517657e-18
6.165969583357262874e-18
5.339994243194051125e-18
4.635237152024263384e-18
3.915056264853446047e-18
3.214229308446419602e-18
2.710290765720537625e-18
2.401890079148253281e-18
2.072102945783935394e-18
1.626875779235606811e-18
1.537622649024136155e-18
1.269765532645788357e-18
1.076668274817631018e-18
9.204944043774575265e-19
8.407941759053590392e-19
6.119688815633066283e-19
6.299292376636138472e-19
5.140875042584466767e-19
2.842380074861161589e-19
4.233184932647144641e-19
4.162320611946471925e-19
4.611915801580219474e-19
3.875863732926394343e-19
2.531840115440852738e-19
4.389178156316143790e-19
2.300064755572994883e-19
1.750647832641594107e-19
1.783619659160250998e-19
6.724173600216556836e-20
6.949042689236108431e-20
1.104196255133773129e-19
1.327134140777635598e-19
3.883248538631669117e-21
1.408593190016444731e-19
3.043975648474055376e-19
2.055033121119671064e-19
2.106700641773969820e-19
5.525635273570991834e-20
7.792487018154413495e-20
7.675449032903241421e-20
1.773964335642808813e-19
9.301397277418236167e-20
7.559595511926185011e-20
1.223683279216969825e-19
0.000000000000000000e+00
0.000000000000000000e+00
2.915907153109012357e-19
5.744710170212884963e-20
0.000000000000000000e+00
5.909266065303096831e-20
1.131365730369273091e-19
7.113699313207208590e-20
1.654091821895462346e-19
1.058621956231059325e-19
1.819255448559541602e-20
4.544293816061103688e-21
1.750803993733605991e-21
0.000000000000000000e+00
0.000000000000000000e+00
1.004058291603771037e-19
6.139390066736198169e-20
5.332688983215859347e-20
0.000000000000000000e+00
1.230026875426751677e-19
6.292474158131464537e-20
5.073104802279724116e-20
7.340728769947280466e-20
1.550146003399856859e-19
8.756874800287935534e-20
2.989820066580079268e-21
3.259116393900507799e-19
1.487833536665309491e-19
1.176337519507067145e-19
1.892750817491028663e-19
1.772779420035828070e-19
7.285928969965346767e-20
5.423409870228963623e-20
7.621178527030808138e-20
5.508090884803951210e-20
5.019105026060352270e-20
1.260585482245710094e-19
1.143815352901146845e-19
1.892506802221150339e-19
7.474858732240754479e-20
1.573540666752312687e-19
1.206538282956871481e-19
6.314321008656005935e-20
5.288159519825538172e-20
5.060236386259839599e-20
4.972563198044174368e-20
2.034606401990573558e-19
1.535429770375741629e-19
6.904788278760772023e-20
2.596206738217061974e-19
8.752964633219823153e-20
8.421875545884572048e-20
2.385938366691730040e-19
1.366201185279370078e-19
2.228615519198329482e-19
1.569694959395439148e-19
0.000000000000000000e+00
1.045992440467843329e-19
1.413144604062892589e-19
1.965229575748064584e-20
1.562616017073874136e-19
2.531128649512347945e-19
3.918031372949849273e-20
6.166150222105999818e-21
7.827678572951113658e-20
6.077741476784416539e-20
2.109818786596066407e-19
2.879201126252066497e-19
4.511130809796935267e-20
0.000000000000000000e+00
1.046971655174630933e-19
9.068349660563469859e-20
1.919815302481078256e-19
1.055960127579403242e-19
6.661744316589172006e-20
8.464438062605258483e-20
6.219518361677745823e-20
1.344869934940796850e-19
6.942085135420259627e-20
6.736645167554858245e-21
1.028110806552868960e-19
1.393822576954824831e-19
0.000000000000000000e+00
2.547180031739442534e-20
1.001168029816866656e-19
3.375271755462080547e-20
1.511107133790579565e-19
6.662093929146855147e-20
0.000000000000000000e+00
0.000000000000000000e+00
0.000000000000000000e+00
0.000000000000000000e+00
0.000000000000000000e+00
9.223426545643590137e-20
5.079340171073628701e-20
4.368991761501652858e-20
1.445781706599635159e-19
5.719568422727275435e-20
0.000000000000000000e+00
1.147347582205503843e-19
5.138853270650029982e-20
4.083717100002956248e-20
1.155708017976400469e-19
1.530145836826973363e-19
5.586962272486111332e-20
0.000000000000000000e+00
3.510453070264260319e-20
1.646416542185654766e-19
1.332851942940837380e-19
0.000000000000000000e+00
8.715709773390063046e-20
4.390335338644769444e-20
2.943379181165425575e-19
7.578157740258492000e-20
2.241948006664610809e-19
1.529991033477269302e-20
0.000000000000000000e+00
1.901252723891604825e-19
0.000000000000000000e+00
3.816323060654109872e-20
1.155136532127302450e-19
1.015945649617069082e-19
9.952284633163566360e-20
1.507762180525348033e-19
3.131076306317417297e-19
2.357543325645403746e-19
7.217766233369425774e-20
0.000000000000000000e+00
0.000000000000000000e+00
2.453573905541837355e-19
1.501996231716115396e-19
1.126795155871599015e-19
2.613816429903420741e-19
2.653069216873712519e-20
1.761363754823323075e-19
9.230569128437527811e-20
1.843115943663249314e-19
0.000000000000000000e+00
9.883101620952122562e-20
8.183198310544559479e-20
5.439580856929418676e-20
0.000000000000000000e+00
4.472185399574722238e-20
2.526067462934118381e-19
1.795586499195142076e-19
1.641130189777083400e-20
0.000000000000000000e+00
1.474766829341644453e-19
0.000000000000000000e+00
0.000000000000000000e+00
1.717040582922339965e-19
1.409034686729374752e-19
0.000000000000000000e+00
9.583513138489487516e-20
1.553669738965018985e-19
1.122983021012726475e-19
3.779462996168662926e-21
0.000000000000000000e+00
4.126800229730628413e-20
2.487731742732422144e-19
7.157905455668373574e-20
1.255747734327085092e-19
5.545160395923466529e-20
4.539459973649737803e-20
6.896491499803460545e-20
4.652150668540879999e-20
6.817141354961487057e-20
7.113319559762664319e-20
1.226667441432095428e-19
1.034533725586213445e-19
0.000000000000000000e+00
0.000000000000000000e+00
3.652444994962815501e-20
3.766528712951774257e-20
8.853811583589545112e-20
1.976816426509614921e-19
8.381091567498690995e-20
4.430691681028695586e-20
1.406241879959892740e-19
1.786103480333459684e-19
4.453596651322823890e-21
3.659705969777893742e-20
6.194378530457110609e-20
1.167562920406040629e-19
7.218882311439732120e-20
9.253485914670700887e-20
9.423312558819493414e-20
0.000000000000000000e+00
0.000000000000000000e+00
8.330551466984468623e-20
1.425143017319117165e-19
4.440919801791313579e-20
8.622710592844173123e-20
3.674095206838322686e-20
2.642843768380959669e-19
6.184338027025116725e-20
0.000000000000000000e+00
1.342694870189975170e-19
1.738539117713148865e-19
5.123571226407514550e-20
3.611603344721117469e-20
2.134989055947982379e-19
4.275911442893669447e-21
0.000000000000000000e+00
2.627002844432271538e-19
8.740024243192598304e-20
4.225062006452513940e-20
1.640460187333570897e-19
1.790413755261237561e-19
1.563282361396297721e-19
5.126471223579003965e-20
3.857263301167393792e-20
1.135068000060154308e-19
1.999865202015333343e-19
2.109760008802732597e-19
2.393653212224469106e-19
2.441097195660252690e-19
1.455432307406461508e-20
4.144971520801553131e-20
1.697502128622125473e-19
5.200454407644261050e-21
2.719102198146240702e-19
1.777575240569980757e-20
1.456722610113187889e-19
0.000000000000000000e+00
1.952658067113019545e-19
2.404292666341747010e-19
1.701098074008871413e-19
8.505951095243586087e-21
1.464050648944676106e-19
1.076888723446229364e-19
1.551842266700352706e-19
2.636909234303151256e-19
1.485458469347367777e-19
1.626119616321090997e-19
6.096843226739724344e-20
4.935684563438629385e-20
4.719943058931995014e-20
4.633282009508564561e-20
1.228103481719336496e-19
0.000000000000000000e+00
1.202400449298493387e-19
5.297073164512909611e-20
1.992887439150039972e-19
0.000000000000000000e+00
0.000000000000000000e+00
1.171713468445790762e-19
5.013649931517010660e-20
9.366395790559560154e-20
0.000000000000000000e+00
6.380420432867951089e-20
4.185392225161924015e-20
3.829559864479151055e-20
6.270374952279852916e-20
3.940968832943939770e-20
2.158369398242646311e-19
3.365777889162448772e-21
3.512684340803418532e-20
0.000000000000000000e+00
2.373098029629647402e-19
3.401831781697356019e-21
8.488116237900476986e-20
1.128563765883505205e-19
1.953246285760278880e-19
0.000000000000000000e+00
1.609305152662309825e-19
1.487844503783740450e-19
1.995532789036006843e-19
0.000000000000000000e+00
1.102959335779378097e-19
4.129742892801734628e-20
5.952114133900766015e-20
0.000000000000000000e+00
3.038167731871040771e-20
3.138000772395126891e-19
6.069407166085897233e-20
8.767340820976142491e-20
3.787307254113904530e-20
0.000000000000000000e+00
8.099484019103932303e-20
0.000000000000000000e+00
2.087050558829288762e-19
4.803239834825822497e-20
8.392817449884943452e-20
1.895979036774071283e-19
2.263303990572332275e-19
5.127431260165295734e-20
5.981577221149764525e-20
6.018081404913655901e-20
3.425095135877228091e-20
0.000000000000000000e+00
2.836164324918773926e-20
2.886788654864261840e-20
1.569833471925316281e-19
9.248733192201572397e-20
1.359135682330025339e-19
9.046506883075591222e-20
1.120184081424458273e-19
3.708068174101397881e-20
2.094877932281470087e-19
1.747684415577247334e-19
4.419388563799457269e-20
1.086691216805049923e-19
2.174627553024371802e-19
0.000000000000000000e+00
5.619140337300514617e-20
8.431687660677978513e-20
3.496496822625835942e-20
2.616621303856322410e-19
2.612141181090021900e-20
0.000000000000000000e+00
2.830476326164225727e-20
2.874796253294703434e-20
0.000000000000000000e+00
1.549644502765562226e-19
1.422322197451876998e-19
0.000000000000000000e+00
7.872830641540918693e-20
0.000000000000000000e+00
2.577043628263954786e-20
0.000000000000000000e+00
4.972914814277708790e-20
0.000000000000000000e+00
1.002458881596675153e-19
3.060343492477328253e-20
0.000000000000000000e+00
9.875013952696181669e-20
2.909780119181445466e-20
2.259879757574443583e-20
4.693713854018571053e-20
0.000000000000000000e+00
9.663999043691915739e-20
2.672288456732623039e-20
1.232292899132443192e-19
0.000000000000000000e+00
0.000000000000000000e+00
1.978633117434807758e-19
3.433807827641912501e-20
1.237944995067505453e-19
1.289701118359457966e-19
1.061365988978199717e-19
0.000000000000000000e+00
1.479983061534376338e-19
3.073499358421028116e-20
0.000000000000000000e+00
7.013492123054222845e-20
2.340717824857628450e-20
0.000000000000000000e+00
1.773971024462133439e-20
1.786680634124564319e-20
1.461034184336181603e-19
1.313546296674882191e-19
1.309178085107622113e-19
0.000000000000000000e+00
1.729863373088615983e-19
0.000000000000000000e+00
0.000000000000000000e+00
1.779399849551057954e-20
1.466354959131920237e-19
2.884575753896442652e-20
0.000000000000000000e+00
0.000000000000000000e+00
0.000000000000000000e+00
1.190820031749646362e-19
0.000000000000000000e+00
1.676501036438617083e-20
1.628848718608754239e-20
1.579427262840170073e-20
1.439799473631470950e-19
2.574434017251265518e-20
6.821081916767358284e-20
1.996647508072810819e-19
1.592830901641892655e-19
5.452234714997510739e-20
7.248777954834770933e-20
2.175495391414148433e-20
1.206488535758631955e-19
1.264310897549091771e-19
2.638253926315407325e-20
1.217761905644552717e-19
5.171037527129076879e-20
2.142307303541187449e-20
2.499410227436771943e-19
3.450552071924650329e-19
2.003591977629328499e-19
0.000000000000000000e+00
2.286252575696648989e-20
7.378788007038156438e-20
1.804605015949259719e-19
6.050126102297457547e-20
1.812865806349513044e-19
1.108871191570407664e-19
5.692689874203989932e-20
2.331203082465253508e-19
0.000000000000000000e+00
1.025995281728558913e-19
0.000000000000000000e+00
5.003610644607625935e-20
2.657197411110865728e-20
0.000000000000000000e+00
1.254585312438892407e-19
0.000000000000000000e+00
1.512833971206744531e-19
1.864206585433624982e-19
1.896843974698384904e-19
2.163811401269062923e-19
2.962755224228843417e-19
0.000000000000000000e+00
2.715934019267100584e-20
2.577001761673684290e-19
0.000000000000000000e+00
1.557875969755225162e-19
3.590154524939001700e-20
2.779412633177094428e-20
5.211399000735564710e-20
2.337266713498321842e-19
1.158401459569626584e-19
0.000000000000000000e+00
1.028895670736043877e-19
0.000000000000000000e+00
1.791580826164378047e-19
1.126701459966993894e-19
2.376921962865867494e-19
4.032916238294845747e-20
0.000000000000000000e+00
0.000000000000000000e+00
1.265855574074893440e-19
3.093034773373830357e-20
1.275792006771783981e-19
8.193967203509479109e-20
5.336378511914927132e-20
0.000000000000000000e+00
4.772321214489431911e-20
4.951308441076390821e-20
2.036555654050287935e-19
3.336089633703098687e-20
1.771412431547134143e-19
2.372643710179720350e-19
1.392256125240855635e-19
1.079762484508940430e-19
3.118344872664752214e-19
0.000000000000000000e+00
1.534840478074324387e-19
2.124527714775025269e-19
1.398281065518355500e-19
1.359569567803056048e-19
5.856512262349021144e-20
1.311900039713363181e-19
1.094191697741055573e-19
0.000000000000000000e+00
2.823274768512127057e-19
1.699549712288174772e-19
0.000000000000000000e+00
1.806078936652049053e-19
3.699636622860912052e-19
4.838123023187244596e-20
1.845976303668624838e-19
1.403782966209037741e-19
1.383597126289565045e-19
1.382789094332217048e-19
3.544854107761787656e-20
2.349588710160776027e-19
9.206550949697392752e-20
3.298305540139261081e-20
2.087890719615902036e-19
0.000000000000000000e+00
0.000000000000000000e+00
2.578025886964667367e-19
4.015674427970643367e-20
2.599005381211417942e-19
0.000000000000000000e+00
2.587406765089046624e-19
4.003408255173696755e-20
1.826665934356900476e-19
6.126945532258280792e-20
4.151484592436483981e-19
7.477762803141557128e-20
0.000000000000000000e+00
0.000000000000000000e+00
0.000000000000000000e+00
2.488635800004251535e-20
2.472043350369207606e-20
2.392306273135944924e-20
2.288768674315331929e-19
0.000000000000000000e+00
4.859132706826280175e-20
0.000000000000000000e+00
0.000000000000000000e+00
1.951972748963754112e-20
9.630511732580081325e-20
7.425257123795999665e-20
2.132985745069735785e-20
1.791347797203858831e-20
1.685615952307625964e-20
1.606203950479419916e-20
1.696873177480227738e-19
1.002137279337727929e-19
1.487183033747133103e-19
0.000000000000000000e+00
1.438565694509553805e-19
9.864375950566378750e-20
2.255037064455500528e-19
1.805951815946544215e-19
7.637917275173967348e-20
1.216204917867972180e-19
9.887957747388945275e-20
2.100199258997897246e-20
1.197345235628021451e-19
2.135100375648301498e-20
2.996572170765512578e-19
2.876791073476860547e-19
3.165886493095251308e-20
4.541192923894086351e-20
4.535878516082320817e-20
7.084780106595463962e-20
1.488420190265704904e-19
0.000000000000000000e+00
0.000000000000000000e+00
2.480877845866159447e-19
0.000000000000000000e+00
0.000000000000000000e+00
9.339304911745575546e-20
0.000000000000000000e+00
4.531279844331247662e-19
3.659470014964928495e-20
4.508122102121510768e-20
1.864952253038873872e-20
1.681525989459159683e-20
1.190936842776293805e-19
2.054307513026525013e-20
1.447821518163356098e-19
2.135489352194192172e-20
0.000000000000000000e+00
1.449742456075372483e-20
0.000000000000000000e+00
1.324423904760920007e-20
9.007201501623847887e-20
1.189177138948722539e-19
6.871219859806379165e-20
1.506613255622864113e-20
6.375706147948636790e-20
1.388741737542228462e-20
0.000000000000000000e+00
1.392499783431897172e-19
1.607996499525480746e-20
8.825350729056026336e-20
0.000000000000000000e+00
3.587174397154476630e-20
1.396153051728843635e-19
1.438288321030895913e-19
1.590396666397713067e-20
0.000000000000000000e+00
1.382530237940782696e-19
1.435904848357328535e-19
2.473707020439288728e-19
2.007027617457580259e-19
0.000000000000000000e+00
1.410181073717715381e-19
2.230771438404656177e-19
1.499199183858373705e-19
1.737015884232894223e-19
2.055509717296681971e-20
1.177619899159375325e-19
9.448501734074934988e-20
1.205262830500505185e-19
0.000000000000000000e+00
1.429910088312469882e-20
1.424761960106724206e-19
0.000000000000000000e+00
1.362160991142566040e-20
6.447905329106139357e-20
1.688714165809293180e-19
2.242651058176853330e-19
2.109527499251086102e-20
0.000000000000000000e+00
8.975085063309389954e-20
1.528758031922484716e-20
1.241893264717861185e-20
2.175239923779516227e-19
1.891399603707174426e-20
1.410377835933327758e-19
0.000000000000000000e+00
0.000000000000000000e+00
3.651026283622175681e-20
8.872553972748520959e-20
1.312827513773290974e-20
3.190486351859482270e-19
2.077851738195857656e-20
1.168859564559656731e-20
1.049334882514019722e-20
3.571811311161448572e-20
1.135367105153582217e-19
0.000000000000000000e+00
9.433057518304565519e-21
8.901984536421114902e-21
5.990062261939515238e-20
3.549507518321756688e-20
3.472815606383248276e-20
3.441784018193023006e-20
3.416286337742998429e-20
0.000000000000000000e+00
6.792901042540438030e-21
1.093401212387068475e-19
9.446023453334169550e-21
5.792689635495882223e-20
2.134111143236220306e-19
1.927322528984080895e-19
9.014243344438719948e-20
1.034833215723616160e-20
5.916184011691724009e-20
8.888643079726576898e-21
1.874732434040507396e-19
8.986455520078817796e-20
6.200134506739916211e-20
6.103847842367330326e-20
9.467154066746963527e-21
7.843522133713782471e-21
7.420301609215458545e-21
8.426667496672600043e-20
9.152223901883959484e-21
6.954373684161925667e-21
0.000000000000000000e+00
3.170694027105104365e-20
0.000000000000000000e+00
1.083781315839233948e-19
5.889886662815005238e-20
1.354755653038698620e-19
8.967191375383770152e-21
0.000000000000000000e+00
5.164667888462968459e-21
4.932811257044746598e-21
1.590388135077683425e-19
8.643739564741314085e-21
1.338040259186232684e-19
2.912091723042637981e-19
1.158204816811359270e-19
8.853946701491813446e-21
1.094799436977424647e-19
1.118408827736999174e-19
9.353227057276710170e-21
0.000000000000000000e+00
3.212434796776345760e-20
0.000000000000000000e+00
5.743210163077312543e-20
8.417292906374302770e-20
7.701198772867923868e-21
1.087081360326373283e-19
7.901259631092067016e-21
8.285932709818743092e-20
8.436577339737860496e-20
7.345016672070202544e-21
5.485668292461268756e-21
5.073986468431174956e-21
4.768118502132578169e-21
3.019462956772251549e-20
4.877786543835960901e-21
8.124055455828329526e-20
5.578892183014712214e-21
0.000000000000000000e+00
8.069060948685359867e-20
1.337183141052774387e-19
1.350411373186766893e-19
0.000000000000000000e+00
5.567484585686959276e-20
5.025892331258714073e-21
4.001975154542804508e-21
5.519705925020559325e-20
2.099933701617568885e-19
1.621468801827745465e-19
7.553931056841039231e-21
4.769442285423214432e-21
2.102254701404031290e-19
3.405797901074636310e-20
5.683624191474081282e-21
8.197621643712833668e-20
1.347318665971323206e-19
1.358641140140070104e-19
8.473104934235409212e-20
0.000000000000000000e+00
5.672941755488852437e-20
5.536329000578607653e-21
8.202128558263908595e-20
0.000000000000000000e+00
8.172519942163658219e-20
5.642254742883009091e-21
0.000000000000000000e+00
3.868088783754685904e-21
3.589701374095375875e-21
5.475476735775792774e-20
0.000000000000000000e+00
2.945778959417254703e-21
2.663740382514261139e-21
1.310618949685552104e-19
4.319536993151733048e-21
1.054944223123099972e-19
3.930040804925691917e-21
0.000000000000000000e+00
5.375164023906970781e-20
2.865433503918338223e-20
1.055754409885220275e-19
0.000000000000000000e+00
2.357164935154259843e-21
1.565227858060644449e-19
5.569851804818401307e-20
2.090765998416428192e-19
5.401852834446822621e-21
0.000000000000000000e+00
8.004354343660540210e-20
2.868259150109596018e-19
1.867913525285224936e-19
0.000000000000000000e+00
4.139429577139078402e-21
1.582288603788425927e-19
2.111304479673863927e-19
6.480084789042495747e-21
1.587293198668090867e-19
1.345083359086047899e-19
5.846229015528715259e-21
1.330356524861705013e-19
5.539372431172606061e-21
2.871885283350058585e-19
8.418331849560285636e-20
0.000000000000000000e+00
0.000000000000000000e+00
5.533759473090333425e-20
4.087362588158649357e-21
0.000000000000000000e+00
5.441921383665659499e-20
1.317982899867378900e-19
0.000000000000000000e+00
0.000000000000000000e+00
2.269302671588240821e-21
0.000000000000000000e+00
2.075828138338024174e-19
1.060950725062563895e-19
1.057322800510250637e-19
5.433856704040749023e-20
5.398704310200848045e-20
2.340250435778174629e-19
3.887088943044378319e-21
5.392268363338056667e-20
2.597806652769118306e-21
1.307631044888195179e-19
0.000000000000000000e+00
1.563719288362106149e-19
1.572310424972313851e-19
5.449548152339585923e-20
5.393702211526029077e-20
2.081857788375692807e-19
1.576143884617578467e-19
1.832770242582680081e-19
2.915550193568657102e-20
2.663824070126513326e-21
1.308926563257896870e-19
2.668636880629311492e-21
0.000000000000000000e+00
2.331992142572045266e-19
1.826519787644606106e-19
1.311806054974950091e-19
2.394346286751548664e-21
7.897692688588638136e-20
1.856585306280187263e-21
2.712876154080505990e-20
5.271307881293155862e-20
1.297985990922078069e-19
2.705478414664544775e-20
1.039226269089390768e-19
0.000000000000000000e+00
7.229791255275380418e-22
5.568561257485380926e-22
0.000000000000000000e+00
5.174743702318814260e-20
0.000000000000000000e+00
1.961547691828463902e-22
3.088859151201150908e-19
6.657301806446812303e-22
0.000000000000000000e+00
1.546190171839128314e-19
3.090457972385457201e-19
1.805285415092267676e-19
1.716370949495679406e-22
7.128112811088138315e-24
6.817483998293029602e-25
5.146432509580987636e-26
5.825384412703177517e-27
8.978501729237042835e-28
1.266587942406634017e-28
1.638776863985902792e-29
2.034457673768690181e-30
2.436886855036784600e-31
2.796710770189848679e-32
3.116784451518123705e-33
3.412113435201528075e-34
3.651184479316062422e-35
3.810972678234982840e-36
3.927238678420174054e-37
4.070039931527083577e-38
4.283029521325639524e-39
4.593720294257413486e-40
5.062726961893254845e-41
5.777527850003585312e-42
6.806096659546801713e-43
8.143881138663889135e-44
9.695327465873319300e-45
1.130027560538560409e-45
1.278421724205907075e-46
1.400434104897753440e-47
1.487646630127718579e-48
1.538390073732561950e-49
1.557688449016117860e-50
1.556921249617770014e-51
1.553177385798379505e-52
1.567855625883842779e-53
1.624289170303798325e-54
1.744692482793233445e-55
1.946983040328677656e-56
2.241913433275008241e-57
2.630806314289102623e-58
3.104297423626469380e-59
3.642730949955103254e-60
4.218840154883598873e-61
4.802848191679482006e-62
5.369279200830610828e-63
5.904002368104691760e-64
6.409744142833529246e-65
6.908617286702759341e-66
7.440942127630944124e-67
8.060459387339827950e-68
8.826722412448125077e-69
9.795944005633461372e-70
1.101189671534487124e-70
1.249864519972431401e-71
1.425685636061268954e-72
1.626505523812056412e-73
1.848637514473079523e-74
2.088013463149125575e-75
2.341620069345981039e-76
2.608896278082233396e-77
2.892728407360775905e-78
3.199734488168112279e-79
3.539692412763813975e-80
3.924210396139531849e-81
4.364999959101840957e-82
4.872305635416727373e-83
5.454090797147394552e-84
6.116432185696979412e-85
6.865257230779808728e-86
7.709154786504078249e-87
8.662629284085010049e-88
9.748973608996035850e-89
1.100197844467562086e-89
1.246596571919508331e-90
1.419404215215278841e-91
1.624487923254222719e-92
1.867860485631863238e-93
2.155245982141200238e-94
2.491673557269117274e-95
2.881125901723401017e-96
3.326246655351422043e-97
3.828104514176876933e-98
4.386027891862765778e-99
4.997558847131054010e-100
5.658614913080908776e-101
6.363972873699324293e-102
7.108180746855439416e-103
7.886952508698561852e-104
8.699006607106475233e-105
9.548190405191079358e-106
1.044561585319763229e-106
1.141144890372134344e-107
1.247597445002093215e-108
1.367961578228019120e-109
1.507172125797014581e-110
1.670812148665876550e-111
1.864767437627629331e-112
2.094821368778453006e-113
2.366246399735913972e-114
2.683455781968896118e-115
3.049778168956276325e-116
3.467409460925061905e-117
3.937582118255596401e-118
4.460974176210583539e-119
5.038359772492336463e-120
5.671480961392821681e-121
6.364097278143831041e-122
7.123145388901941899e-123
7.959917478017627955e-124
8.891146366676857390e-125
9.939871671842728897e-126
1.113595934000683154e-126
1.251616101277506978e-127
1.412363247457075102e-128
1.600688130376496527e-129
1.821817826851525556e-130
2.081153671651535408e-131
2.384042853059359254e-132
2.735545331211864900e-133
3.140220090727103774e-134
3.601954249227211149e-135
4.123855428710330195e-136
4.708222803201325994e-137
5.356606437000038734e-138
6.069959004629699618e-139
6.848879487663478227e-140
7.693945146604808745e-141
8.606125488653311073e-142
9.587269113293050725e-143
1.064065007861299980e-143
1.177155394783255544e-144
1.298787482564878890e-145
1.430068434535979908e-146
1.572472358135063146e-147
1.727876179640704966e-148
1.898576449703797950e-149
2.087281963750458429e-150
2.297078598241364976e-151
2.531365099625953799e-152
2.793761486661479121e-153
3.087994869407668225e-154
3.417770409784548944e-155
3.786637428197130978e-156
4.197861987543416550e-157
4.654317528616788497e-158
5.158404365970200752e-159
5.712007341458044934e-160
6.316499045706742438e-161
6.972794131801376995e-162
7.681458627987508135e-163
8.442876879521689776e-164
9.257477660646174823e-165
1.012601975997108921e-165
1.104993555248891967e-166
1.203172842131753792e-167
1.307541634181897805e-168
1.418700984453873795e-169
1.537500871591467598e-170
1.665089930274540603e-171
1.802963441018478540e-172
1.953008159151995320e-173
2.117543366067584367e-174
2.299358722992914526e-175
2.501750971086017076e-176
2.728563028412218155e-177
2.984230291264481061e-178
3.273839638085998321e-179
3.603206480226894668e-180
3.978974027962609157e-181
4.408736722547206317e-182
4.901186696203559565e-183
5.466278526490458747e-184
6.115403976467100754e-185
6.861565482271075737e-186
7.719535497882490229e-187
8.705988972041581246e-188
9.839598562936967999e-189
1.114108677506556819e-189
1.263323580850826420e-190
1.434086402814975069e-191
1.629078683830110424e-192
1.851178850448157682e-193
2.103463921820550870e-194
2.389219771392453454e-195
2.711964354329347506e-196
3.075488454878445043e-197
3.483918435161654259e-198
3.941805223140633138e-199
4.454243418173114469e-200
5.027023962061769920e-201
5.666823332077064445e-202
6.381431616866863118e-203
7.180021029331252150e-204
8.073455225289473498e-205
9.074638027172345051e-206
1.019889759236801496e-206
1.146439856447930356e-207
1.289257026618476000e-208
1.450853367272451763e-209
1.634150410305191827e-210
1.842514087826446728e-211
2.079781044385226101e-212
2.350272661931465705e-213
2.658793178013302543e-214
3.010608688553036886e-215
3.411404712244790460e-216
3.867221396318191487e-217
4.384367356597425765e-218
4.969315505048405201e-219
5.628586903050521804e-220
6.368631512569423571e-221
7.195717483485757955e-222
8.115843075071771648e-223
9.134687226374090008e-224
1.025761595441800519e-224
1.148976201146962421e-225
1.283619448264569524e-226
1.430219324186560673e-227
1.589364047666574945e-228
1.761753798082523317e-229
1.948265479047228935e-230
2.150030522340932963e-231
2.368525268946048713e-232
2.605672995757875932e-233
2.863956202522016503e-234
3.146537340138346730e-235
3.457385748210798142e-236
3.801408170588893100e-237
4.184579823850706378e-238
4.614072597773610308e-239
5.098376567810089124e-240
5.647410608380036572e-241
6.272617540696677273e-242
6.987038979926223217e-243
7.805364938341370447e-244
8.743953393180626102e-245
9.820815561570100944e-246
1.105556367701608349e-246
1.246931977472556509e-247
1.408458649945073700e-248
1.592508435626663006e-249
1.801556419174742563e-250
2.038160901284921901e-251
2.304944542778844755e-252
2.604579182598539684e-253
2.939777758332047784e-254
3.313297464259458581e-255
3.727958921842669940e-256
4.186686645333876916e-257
4.692576388289467647e-258
5.248994980659280960e-259
5.859717939955535580e-260
6.529109403713657854e-261
7.262347742382468168e-262
8.065698556519330083e-263
8.946834657883627014e-264
9.915200138508452384e-265
1.098241284649982131e-265
1.216269665841008432e-266
1.347333205444133050e-267
1.493511088997969953e-268
1.657277916725162537e-269
1.841545030948664178e-270
2.049697118833457870e-271
2.285622419208869014e-272
2.553735114338041242e-273
2.858988901407561024e-274
3.206881319618856012e-275
3.603449153182910461e-276
4.055256124229238728e-277
4.569375108317509737e-278
5.153368214802029369e-279
5.815269232186553504e-280
6.563574095777452527e-281
7.407246138472453114e-282
8.355743881677811983e-283
9.419079960934181101e-284
1.060792041462880595e-284
1.193373395821476154e-285
1.340900099691816923e-286
1.504749198797114770e-287
1.686462435653468319e-288
1.887790652301668048e-289
2.110747675701474349e-290
2.357674359605745379e-291
2.631313353377759653e-292
2.934895068468927742e-293
3.272235227506499454e-294
3.647844320166072592e-295
4.067049265248185012e-296
4.536127599867275376e-297
5.062454592811235726e-298
5.654663815364687630e-299
6.322821900328265749e-300
7.078618474068535842e-301
7.935572545760086755e-302
8.909256963240371213e-303
1.001754286854228294e-303
1.128086637276953882e-304
1.272251987765667753e-305
1.436897055427581418e-306
1.625020840262220998e-307
1.840012601980890942e-308
2.085693167260718897e-309
2.366359649590622654e-310
2.686833564506851195e-311
3.052512207697266028e-312
3.469423042656592659e-313
3.944280733317136785e-314
4.484546378156429314e-315
5.098488446337503777e-316
5.795244770417944637e-317
6.584882224489841878e-318
7.478424648276028316e-319
8.487553729906774382e-320
9.624398780987482681e-321
1.082003764392329932e-321
1.185757550018991706e-322
4.940656458412465442e-324
0.000000000000000000e+00
0.000000000000000000e+00
0.000000000000000000e+00
0.000000000000000000e+00
0.000000000000000000e+00
0.000000000000000000e+00
0.000000000000000000e+00
0.000000000000000000e+00
0.000000000000000000e+00
0.000000000000000000e+00
0.000000000000000000e+00
0.000000000000000000e+00
0.000000000000000000e+00
0.000000000000000000e+00
0.000000000000000000e+00
0.000000000000000000e+00
0.000000000000000000e+00
0.000000000000000000e+00
0.000000000000000000e+00
0.000000000000000000e+00
0.000000000000000000e+00
0.000000000000000000e+00
0.000000000000000000e+00
0.000000000000000000e+00
0.000000000000000000e+00
0.000000000000000000e+00
0.000000000000000000e+00
0.000000000000000000e+00
0.000000000000000000e+00
0.000000000000000000e+00
0.000000000000000000e+00
0.000000000000000000e+00
0.000000000000000000e+00
0.000000000000000000e+00
0.000000000000000000e+00
0.000000000000000000e+00
0.000000000000000000e+00
0.000000000000000000e+00
0.000000000000000000e+00
0.000000000000000000e+00
0.000000000000000000e+00
0.000000000000000000e+00
0.000000000000000000e+00
0.000000000000000000e+00
0.000000000000000000e+00
0.000000000000000000e+00
0.000000000000000000e+00
0.000000000000000000e+00
0.000000000000000000e+00
0.000000000000000000e+00
0.000000000000000000e+00
0.000000000000000000e+00
0.000000000000000000e+00
0.000000000000000000e+00
0.000000000000000000e+00
0.000000000000000000e+00
0.000000000000000000e+00
0.000000000000000000e+00
0.000000000000000000e+00
0.000000000000000000e+00
0.000000000000000000e+00
0.000000000000000000e+00
0.000000000000000000e+00
0.000000000000000000e+00
0.000000000000000000e+00
0.000000000000000000e+00
0.000000000000000000e+00
0.000000000000000000e+00
0.000000000000000000e+00
0.000000000000000000e+00
0.000000000000000000e+00
0.000000000000000000e+00
0.000000000000000000e+00
0.000000000000000000e+00
0.000000000000000000e+00
0.000000000000000000e+00
0.000000000000000000e+00
0.000000000000000000e+00
0.000000000000000000e+00
0.000000000000000000e+00
0.000000000000000000e+00
0.000000000000000000e+00
0.000000000000000000e+00
0.000000000000000000e+00
0.000000000000000000e+00
0.000000000000000000e+00
0.000000000000000000e+00
0.000000000000000000e+00
0.000000000000000000e+00
0.000000000000000000e+00
0.000000000000000000e+00
0.000000000000000000e+00
0.000000000000000000e+00
0.000000000000000000e+00
0.000000000000000000e+00
0.000000000000000000e+00
0.000000000000000000e+00
0.000000000000000000e+00
0.000000000000000000e+00
0.000000000000000000e+00
0.000000000000000000e+00
0.000000000000000000e+00
0.000000000000000000e+00
0.000000000000000000e+00
0.000000000000000000e+00
0.000000000000000000e+00
0.000000000000000000e+00
0.000000000000000000e+00
0.000000000000000000e+00
0.000000000000000000e+00
0.000000000000000000e+00
0.000000000000000000e+00
0.000000000000000000e+00
0.000000000000000000e+00
0.000000000000000000e+00
0.000000000000000000e+00
0.000000000000000000e+00
0.000000000000000000e+00
0.000000000000000000e+00
0.000000000000000000e+00
0.000000000000000000e+00
0.000000000000000000e+00
0.000000000000000000e+00
0.000000000000000000e+00
0.000000000000000000e+00
0.000000000000000000e+00
0.000000000000000000e+00
0.000000000000000000e+00
0.000000000000000000e+00
0.000000000000000000e+00
0.000000000000000000e+00
0.000000000000000000e+00
0.000000000000000000e+00
0.000000000000000000e+00
0.000000000000000000e+00
0.000000000000000000e+00
0.000000000000000000e+00
0.000000000000000000e+00
0.000000000000000000e+00
0.000000000000000000e+00
0.000000000000000000e+00
0.000000000000000000e+00
0.000000000000000000e+00
0.000000000000000000e+00
0.000000000000000000e+00
0.000000000000000000e+00
0.000000000000000000e+00
0.000000000000000000e+00
0.000000000000000000e+00
0.000000000000000000e+00
0.000000000000000000e+00
0.000000000000000000e+00
0.000000000000000000e+00
0.000000000000000000e+00
0.000000000000000000e+00
0.000000000000000000e+00
0.000000000000000000e+00
0.000000000000000000e+00
0.000000000000000000e+00
0.000000000000000000e+00
0.000000000000000000e+00
0.000000000000000000e+00
0.000000000000000000e+00
0.000000000000000000e+00
0.000000000000000000e+00
0.000000000000000000e+00
0.000000000000000000e+00
0.000000000000000000e+00
0.000000000000000000e+00
0.000000000000000000e+00
0.000000000000000000e+00
0.000000000000000000e+00
0.000000000000000000e+00
0.000000000000000000e+00
0.000000000000000000e+00
0.000000000000000000e+00
0.000000000000000000e+00
0.000000000000000000e+00
0.000000000000000000e+00
0.000000000000000000e+00
0.000000000000000000e+00
0.000000000000000000e+00
0.000000000000000000e+00
0.000000000000000000e+00
0.000000000000000000e+00
0.000000000000000000e+00
0.000000000000000000e+00
0.000000000000000000e+00
0.000000000000000000e+00
0.000000000000000000e+00
0.000000000000000000e+00
0.000000000000000000e+00
0.000000000000000000e+00
0.000000000000000000e+00
0.000000000000000000e+00
0.000000000000000000e+00
0.000000000000000000e+00
0.000000000000000000e+00
0.000000000000000000e+00
0.000000000000000000e+00
0.000000000000000000e+00
0.000000000000000000e+00
0.000000000000000000e+00
0.000000000000000000e+00
0.000000000000000000e+00
0.000000000000000000e+00
0.000000000000000000e+00
0.000000000000000000e+00
0.000000000000000000e+00
0.000000000000000000e+00
0.000000000000000000e+00
0.000000000000000000e+00
0.000000000000000000e+00
0.000000000000000000e+00
0.000000000000000000e+00
0.000000000000000000e+00
0.000000000000000000e+00
0.000000000000000000e+00
0.000000000000000000e+00
0.000000000000000000e+00
0.000000000000000000e+00
0.000000000000000000e+00
0.000000000000000000e+00
0.000000000000000000e+00
0.000000000000000000e+00
0.000000000000000000e+00
0.000000000000000000e+00
0.000000000000000000e+00
0.000000000000000000e+00
0.000000000000000000e+00
0.000000000000000000e+00
0.000000000000000000e+00
0.000000000000000000e+00
0.000000000000000000e+00
0.000000000000000000e+00
0.000000000000000000e+00
0.000000000000000000e+00
0.000000000000000000e+00
0.000000000000000000e+00
0.000000000000000000e+00
0.000000000000000000e+00
0.000000000000000000e+00
0.000000000000000000e+00
0.000000000000000000e+00
0.000000000000000000e+00
0.000000000000000000e+00
0.000000000000000000e+00
0.000000000000000000e+00
0.000000000000000000e+00
0.000000000000000000e+00
0.000000000000000000e+00
0.000000000000000000e+00
0.000000000000000000e+00
0.000000000000000000e+00
0.000000000000000000e+00
0.000000000000000000e+00
0.000000000000000000e+00
0.000000000000000000e+00
0.000000000000000000e+00
0.000000000000000000e+00
0.000000000000000000e+00
0.000000000000000000e+00
0.000000000000000000e+00
0.000000000000000000e+00
0.000000000000000000e+00
0.000000000000000000e+00
0.000000000000000000e+00
0.000000000000000000e+00
0.000000000000000000e+00
0.000000000000000000e+00
0.000000000000000000e+00
0.000000000000000000e+00
0.000000000000000000e+00
0.000000000000000000e+00
0.000000000000000000e+00
0.000000000000000000e+00
0.000000000000000000e+00
0.000000000000000000e+00
0.000000000000000000e+00
0.000000000000000000e+00
0.000000000000000000e+00
0.000000000000000000e+00
0.000000000000000000e+00
0.000000000000000000e+00
0.000000000000000000e+00
0.000000000000000000e+00
0.000000000000000000e+00
0.000000000000000000e+00
0.000000000000000000e+00
0.000000000000000000e+00
0.000000000000000000e+00
0.000000000000000000e+00
0.000000000000000000e+00
0.000000000000000000e+00
0.000000000000000000e+00
0.000000000000000000e+00
0.000000000000000000e+00
0.000000000000000000e+00
0.000000000000000000e+00
0.000000000000000000e+00
0.000000000000000000e+00
0.000000000000000000e+00
0.000000000000000000e+00
0.000000000000000000e+00
0.000000000000000000e+00
0.000000000000000000e+00
0.000000000000000000e+00
0.000000000000000000e+00
0.000000000000000000e+00
0.000000000000000000e+00
0.000000000000000000e+00
0.000000000000000000e+00
0.000000000000000000e+00
0.000000000000000000e+00
0.000000000000000000e+00
0.000000000000000000e+00
0.000000000000000000e+00
0.000000000000000000e+00
0.000000000000000000e+00
0.000000000000000000e+00
0.000000000000000000e+00
0.000000000000000000e+00
0.000000000000000000e+00
0.000000000000000000e+00
0.000000000000000000e+00
0.000000000000000000e+00
0.000000000000000000e+00
0.000000000000000000e+00
0.000000000000000000e+00
0.000000000000000000e+00
0.000000000000000000e+00
0.000000000000000000e+00
0.000000000000000000e+00
0.000000000000000000e+00
0.000000000000000000e+00
0.000000000000000000e+00
0.000000000000000000e+00
0.000000000000000000e+00
0.000000000000000000e+00
0.000000000000000000e+00
0.000000000000000000e+00
0.000000000000000000e+00
0.000000000000000000e+00
0.000000000000000000e+00
0.000000000000000000e+00
0.000000000000000000e+00
0.000000000000000000e+00
0.000000000000000000e+00
0.000000000000000000e+00
0.000000000000000000e+00
0.000000000000000000e+00
0.000000000000000000e+00
0.000000000000000000e+00
0.000000000000000000e+00
0.000000000000000000e+00
0.000000000000000000e+00
0.000000000000000000e+00
0.000000000000000000e+00
0.000000000000000000e+00
0.000000000000000000e+00
0.000000000000000000e+00
0.000000000000000000e+00
0.000000000000000000e+00
0.000000000000000000e+00
0.000000000000000000e+00
0.000000000000000000e+00
0.000000000000000000e+00
0.000000000000000000e+00
0.000000000000000000e+00
0.000000000000000000e+00
0.000000000000000000e+00
0.000000000000000000e+00
0.000000000000000000e+00
0.000000000000000000e+00
0.000000000000000000e+00
0.000000000000000000e+00
0.000000000000000000e+00
0.000000000000000000e+00
0.000000000000000000e+00
0.000000000000000000e+00
0.000000000000000000e+00
0.000000000000000000e+00
0.000000000000000000e+00
0.000000000000000000e+00
0.000000000000000000e+00
0.000000000000000000e+00
0.000000000000000000e+00
0.000000000000000000e+00
0.000000000000000000e+00
0.000000000000000000e+00
0.000000000000000000e+00
0.000000000000000000e+00
0.000000000000000000e+00
0.000000000000000000e+00
0.000000000000000000e+00
0.000000000000000000e+00
0.000000000000000000e+00
0.000000000000000000e+00
0.000000000000000000e+00
0.000000000000000000e+00
0.000000000000000000e+00
0.000000000000000000e+00
0.000000000000000000e+00
0.000000000000000000e+00
0.000000000000000000e+00
0.000000000000000000e+00
0.000000000000000000e+00
0.000000000000000000e+00
0.000000000000000000e+00
0.000000000000000000e+00
0.000000000000000000e+00
0.000000000000000000e+00
0.000000000000000000e+00
0.000000000000000000e+00
0.000000000000000000e+00
0.000000000000000000e+00
0.000000000000000000e+00
0.000000000000000000e+00
0.000000000000000000e+00
0.000000000000000000e+00
0.000000000000000000e+00
0.000000000000000000e+00
0.000000000000000000e+00
0.000000000000000000e+00
0.000000000000000000e+00
0.000000000000000000e+00
0.000000000000000000e+00
0.000000000000000000e+00
0.000000000000000000e+00
0.000000000000000000e+00
0.000000000000000000e+00
0.000000000000000000e+00
0.000000000000000000e+00
0.000000000000000000e+00
0.000000000000000000e+00
0.000000000000000000e+00
0.000000000000000000e+00
0.000000000000000000e+00
0.000000000000000000e+00
0.000000000000000000e+00
0.000000000000000000e+00
0.000000000000000000e+00
0.000000000000000000e+00
0.000000000000000000e+00
0.000000000000000000e+00
0.000000000000000000e+00
0.000000000000000000e+00
0.000000000000000000e+00
0.000000000000000000e+00
0.000000000000000000e+00
0.000000000000000000e+00
0.000000000000000000e+00
0.000000000000000000e+00
0.000000000000000000e+00
0.000000000000000000e+00
0.000000000000000000e+00
0.000000000000000000e+00
0.000000000000000000e+00
0.000000000000000000e+00
0.000000000000000000e+00
0.000000000000000000e+00
0.000000000000000000e+00
0.000000000000000000e+00
0.000000000000000000e+00
0.000000000000000000e+00
0.000000000000000000e+00
0.000000000000000000e+00
0.000000000000000000e+00
0.000000000000000000e+00
0.000000000000000000e+00
0.000000000000000000e+00
0.000000000000000000e+00
0.000000000000000000e+00
0.000000000000000000e+00
0.000000000000000000e+00
0.000000000000000000e+00
0.000000000000000000e+00
0.000000000000000000e+00
0.000000000000000000e+00
0.000000000000000000e+00
0.000000000000000000e+00
0.000000000000000000e+00
0.000000000000000000e+00
0.000000000000000000e+00
0.000000000000000000e+00
0.000000000000000000e+00
0.000000000000000000e+00
0.000000000000000000e+00
0.000000000000000000e+00
0.000000000000000000e+00
0.000000000000000000e+00
0.000000000000000000e+00
0.000000000000000000e+00
0.000000000000000000e+00
0.000000000000000000e+00
0.000000000000000000e+00
0.000000000000000000e+00
0.000000000000000000e+00
0.000000000000000000e+00
0.000000000000000000e+00
0.000000000000000000e+00
0.000000000000000000e+00
0.000000000000000000e+00
0.000000000000000000e+00
0.000000000000000000e+00
0.000000000000000000e+00
0.000000000000000000e+00
0.000000000000000000e+00
0.000000000000000000e+00
0.000000000000000000e+00
0.000000000000000000e+00
0.000000000000000000e+00
0.000000000000000000e+00
0.000000000000000000e+00
0.000000000000000000e+00
0.000000000000000000e+00
0.000000000000000000e+00
0.000000000000000000e+00
0.000000000000000000e+00
0.000000000000000000e+00
0.000000000000000000e+00
0.000000000000000000e+00
0.000000000000000000e+00
0.000000000000000000e+00
0.000000000000000000e+00
0.000000000000000000e+00
0.000000000000000000e+00
0.000000000000000000e+00
0.000000000000000000e+00
0.000000000000000000e+00
0.000000000000000000e+00
0.000000000000000000e+00
0.000000000000000000e+00
0.000000000000000000e+00
0.000000000000000000e+00
0.000000000000000000e+00
0.000000000000000000e+00
0.000000000000000000e+00
0.000000000000000000e+00
0.000000000000000000e+00
0.000000000000000000e+00
0.000000000000000000e+00
0.000000000000000000e+00
0.000000000000000000e+00
0.000000000000000000e+00
0.000000000000000000e+00
0.000000000000000000e+00
0.000000000000000000e+00
0.000000000000000000e+00
0.000000000000000000e+00
0.000000000000000000e+00
0.000000000000000000e+00
0.000000000000000000e+00
0.000000000000000000e+00
0.000000000000000000e+00
0.000000000000000000e+00
0.000000000000000000e+00
0.000000000000000000e+00
0.000000000000000000e+00
0.000000000000000000e+00
0.000000000000000000e+00
0.000000000000000000e+00
0.000000000000000000e+00
0.000000000000000000e+00
0.000000000000000000e+00
0.000000000000000000e+00
0.000000000000000000e+00
0.000000000000000000e+00
0.000000000000000000e+00
0.000000000000000000e+00
0.000000000000000000e+00
0.000000000000000000e+00
0.000000000000000000e+00
0.000000000000000000e+00
0.000000000000000000e+00
0.000000000000000000e+00
0.000000000000000000e+00
0.000000000000000000e+00
0.000000000000000000e+00
0.000000000000000000e+00
0.000000000000000000e+00
0.000000000000000000e+00
0.000000000000000000e+00
0.000000000000000000e+00
0.000000000000000000e+00
0.000000000000000000e+00
0.000000000000000000e+00
0.000000000000000000e+00
0.000000000000000000e+00
0.000000000000000000e+00
0.000000000000000000e+00
0.000000000000000000e+00
0.000000000000000000e+00
0.000000000000000000e+00
0.000000000000000000e+00
0.000000000000000000e+00
0.000000000000000000e+00
0.000000000000000000e+00
0.000000000000000000e+00
0.000000000000000000e+00
0.000000000000000000e+00
0.000000000000000000e+00
0.000000000000000000e+00
0.000000000000000000e+00
0.000000000000000000e+00
0.000000000000000000e+00
0.000000000000000000e+00
0.000000000000000000e+00
0.000000000000000000e+00
0.000000000000000000e+00
0.000000000000000000e+00
0.000000000000000000e+00
0.000000000000000000e+00
0.000000000000000000e+00
0.000000000000000000e+00
0.000000000000000000e+00
0.000000000000000000e+00
0.000000000000000000e+00
0.000000000000000000e+00
0.000000000000000000e+00
0.000000000000000000e+00
0.000000000000000000e+00
0.000000000000000000e+00
0.000000000000000000e+00
0.000000000000000000e+00
0.000000000000000000e+00
0.000000000000000000e+00
0.000000000000000000e+00
0.000000000000000000e+00
0.000000000000000000e+00
0.000000000000000000e+00
0.000000000000000000e+00
0.000000000000000000e+00
0.000000000000000000e+00
0.000000000000000000e+00
0.000000000000000000e+00
0.000000000000000000e+00
0.000000000000000000e+00
0.000000000000000000e+00
0.000000000000000000e+00
0.000000000000000000e+00
0.000000000000000000e+00
0.000000000000000000e+00
0.000000000000000000e+00
0.000000000000000000e+00
0.000000000000000000e+00
0.000000000000000000e+00
0.000000000000000000e+00
0.000000000000000000e+00
0.000000000000000000e+00
0.000000000000000000e+00
0.000000000000000000e+00
0.000000000000000000e+00
0.000000000000000000e+00
0.000000000000000000e+00
0.000000000000000000e+00
0.000000000000000000e+00
0.000000000000000000e+00
0.000000000000000000e+00
0.000000000000000000e+00
0.000000000000000000e+00
0.000000000000000000e+00
0.000000000000000000e+00
0.000000000000000000e+00
0.000000000000000000e+00
0.000000000000000000e+00
0.000000000000000000e+00
0.000000000000000000e+00
0.000000000000000000e+00
0.000000000000000000e+00
0.000000000000000000e+00
0.000000000000000000e+00
0.000000000000000000e+00
0.000000000000000000e+00
0.000000000000000000e+00
0.000000000000000000e+00
0.000000000000000000e+00
0.000000000000000000e+00
0.000000000000000000e+00
0.000000000000000000e+00
0.000000000000000000e+00
0.000000000000000000e+00
0.000000000000000000e+00
0.000000000000000000e+00
0.000000000000000000e+00
0.000000000000000000e+00
0.000000000000000000e+00
0.000000000000000000e+00
0.000000000000000000e+00
0.000000000000000000e+00
0.000000000000000000e+00
0.000000000000000000e+00
0.000000000000000000e+00
0.000000000000000000e+00
0.000000000000000000e+00
0.000000000000000000e+00
0.000000000000000000e+00
0.000000000000000000e+00
0.000000000000000000e+00
0.000000000000000000e+00
0.000000000000000000e+00
0.000000000000000000e+00
0.000000000000000000e+00
0.000000000000000000e+00
0.000000000000000000e+00
0.000000000000000000e+00
0.000000000000000000e+00
0.000000000000000000e+00
0.000000000000000000e+00
0.000000000000000000e+00
0.000000000000000000e+00
0.000000000000000000e+00
0.000000000000000000e+00
0.000000000000000000e+00
0.000000000000000000e+00
0.000000000000000000e+00
0.000000000000000000e+00
0.000000000000000000e+00
0.000000000000000000e+00
0.000000000000000000e+00
0.000000000000000000e+00
0.000000000000000000e+00
0.000000000000000000e+00
0.000000000000000000e+00
0.000000000000000000e+00
0.000000000000000000e+00
0.000000000000000000e+00
0.000000000000000000e+00
0.000000000000000000e+00
0.000000000000000000e+00
0.000000000000000000e+00
0.000000000000000000e+00
0.000000000000000000e+00
0.000000000000000000e+00
0.000000000000000000e+00
0.000000000000000000e+00
0.000000000000000000e+00
0.000000000000000000e+00
0.000000000000000000e+00
0.000000000000000000e+00
0.000000000000000000e+00
0.000000000000000000e+00
0.000000000000000000e+00
0.000000000000000000e+00
0.000000000000000000e+00
0.000000000000000000e+00
0.000000000000000000e+00
0.000000000000000000e+00
0.000000000000000000e+00
0.000000000000000000e+00
0.000000000000000000e+00
0.000000000000000000e+00
0.000000000000000000e+00
0.000000000000000000e+00
0.000000000000000000e+00
0.000000000000000000e+00
0.000000000000000000e+00
0.000000000000000000e+00
0.000000000000000000e+00
0.000000000000000000e+00
0.000000000000000000e+00
0.000000000000000000e+00
0.000000000000000000e+00
0.000000000000000000e+00
0.000000000000000000e+00
0.000000000000000000e+00
0.000000000000000000e+00
0.000000000000000000e+00
0.000000000000000000e+00
0.000000000000000000e+00
0.000000000000000000e+00
0.000000000000000000e+00
0.000000000000000000e+00
0.000000000000000000e+00
0.000000000000000000e+00
0.000000000000000000e+00
0.000000000000000000e+00
0.000000000000000000e+00
0.000000000000000000e+00
0.000000000000000000e+00
0.000000000000000000e+00
0.000000000000000000e+00
0.000000000000000000e+00
0.000000000000000000e+00
0.000000000000000000e+00
0.000000000000000000e+00
0.000000000000000000e+00
0.000000000000000000e+00
0.000000000000000000e+00
0.000000000000000000e+00
0.000000000000000000e+00
0.000000000000000000e+00
0.000000000000000000e+00
0.000000000000000000e+00
0.000000000000000000e+00
0.000000000000000000e+00
0.000000000000000000e+00
0.000000000000000000e+00
0.000000000000000000e+00
0.000000000000000000e+00
0.000000000000000000e+00
0.000000000000000000e+00
0.000000000000000000e+00
0.000000000000000000e+00
0.000000000000000000e+00
0.000000000000000000e+00
0.000000000000000000e+00
0.000000000000000000e+00
0.000000000000000000e+00
0.000000000000000000e+00
0.000000000000000000e+00
0.000000000000000000e+00
0.000000000000000000e+00
0.000000000000000000e+00
0.000000000000000000e+00
0.000000000000000000e+00
0.000000000000000000e+00
0.000000000000000000e+00
0.000000000000000000e+00
0.000000000000000000e+00
0.000000000000000000e+00
0.000000000000000000e+00
0.000000000000000000e+00
0.000000000000000000e+00
0.000000000000000000e+00
0.000000000000000000e+00
0.000000000000000000e+00
0.000000000000000000e+00
0.000000000000000000e+00
0.000000000000000000e+00
0.000000000000000000e+00
0.000000000000000000e+00
0.000000000000000000e+00
0.000000000000000000e+00
0.000000000000000000e+00
0.000000000000000000e+00
0.000000000000000000e+00
0.000000000000000000e+00
0.000000000000000000e+00
0.000000000000000000e+00
0.000000000000000000e+00
0.000000000000000000e+00
0.000000000000000000e+00
0.000000000000000000e+00
0.000000000000000000e+00
0.000000000000000000e+00
0.000000000000000000e+00
0.000000000000000000e+00
0.000000000000000000e+00
0.000000000000000000e+00
0.000000000000000000e+00
0.000000000000000000e+00
0.000000000000000000e+00
0.000000000000000000e+00
0.000000000000000000e+00
0.000000000000000000e+00
0.000000000000000000e+00
0.000000000000000000e+00
0.000000000000000000e+00
0.000000000000000000e+00
0.000000000000000000e+00
0.000000000000000000e+00
0.000000000000000000e+00
0.000000000000000000e+00
0.000000000000000000e+00
0.000000000000000000e+00
0.000000000000000000e+00
0.000000000000000000e+00
0.000000000000000000e+00
0.000000000000000000e+00
0.000000000000000000e+00
0.000000000000000000e+00
0.000000000000000000e+00
0.000000000000000000e+00
0.000000000000000000e+00
0.000000000000000000e+00
0.000000000000000000e+00
0.000000000000000000e+00
0.000000000000000000e+00
0.000000000000000000e+00
0.000000000000000000e+00
0.000000000000000000e+00
0.000000000000000000e+00
0.000000000000000000e+00
0.000000000000000000e+00
0.000000000000000000e+00
0.000000000000000000e+00
0.000000000000000000e+00
0.000000000000000000e+00
0.000000000000000000e+00
0.000000000000000000e+00
0.000000000000000000e+00
0.000000000000000000e+00
0.000000000000000000e+00
0.000000000000000000e+00
0.000000000000000000e+00
0.000000000000000000e+00
0.000000000000000000e+00
0.000000000000000000e+00
0.000000000000000000e+00
0.000000000000000000e+00
0.000000000000000000e+00
0.000000000000000000e+00
0.000000000000000000e+00
0.000000000000000000e+00
0.000000000000000000e+00
0.000000000000000000e+00
0.000000000000000000e+00
0.000000000000000000e+00
0.000000000000000000e+00
0.000000000000000000e+00
0.000000000000000000e+00
0.000000000000000000e+00
0.000000000000000000e+00
0.000000000000000000e+00
0.000000000000000000e+00
0.000000000000000000e+00
0.000000000000000000e+00
0.000000000000000000e+00
0.000000000000000000e+00
0.000000000000000000e+00
0.000000000000000000e+00
0.000000000000000000e+00
0.000000000000000000e+00
0.000000000000000000e+00
0.000000000000000000e+00
0.000000000000000000e+00
0.000000000000000000e+00
0.000000000000000000e+00
0.000000000000000000e+00
0.000000000000000000e+00
0.000000000000000000e+00
0.000000000000000000e+00
0.000000000000000000e+00
0.000000000000000000e+00
0.000000000000000000e+00
0.000000000000000000e+00
0.000000000000000000e+00
0.000000000000000000e+00
0.000000000000000000e+00
0.000000000000000000e+00
0.000000000000000000e+00
0.000000000000000000e+00
0.000000000000000000e+00
0.000000000000000000e+00
0.000000000000000000e+00
0.000000000000000000e+00
0.000000000000000000e+00
0.000000000000000000e+00
0.000000000000000000e+00
0.000000000000000000e+00
0.000000000000000000e+00
0.000000000000000000e+00
0.000000000000000000e+00
0.000000000000000000e+00
0.000000000000000000e+00
0.000000000000000000e+00
0.000000000000000000e+00
0.000000000000000000e+00
0.000000000000000000e+00
0.000000000000000000e+00
0.000000000000000000e+00
0.000000000000000000e+00
0.000000000000000000e+00
0.000000000000000000e+00
0.000000000000000000e+00
0.000000000000000000e+00
0.000000000000000000e+00
0.000000000000000000e+00
0.000000000000000000e+00
0.000000000000000000e+00
0.000000000000000000e+00
0.000000000000000000e+00
0.000000000000000000e+00
0.000000000000000000e+00
0.000000000000000000e+00
0.000000000000000000e+00
0.000000000000000000e+00
