2.139429868727063810e-01
2.759227759732547566e-02
8.940849626798166166e-03
5.436237496096287328e-03
4.886788948692252776e-03
5.011899322055504875e-03
5.274417048285934273e-03
5.545694897047808748e-03
5.799819192132168143e-03
6.035128505211206050e-03
6.254367484350867833e-03
6.460240789674625075e-03
6.654736049133137300e-03
6.839219087249349786e-03
7.014611112292321732e-03
7.181525169197334330e-03
7.340358993195923894e-03
7.491357906745172573e-03
7.634658704666939279e-03
7.770321405237624011e-03
7.898352982868856592e-03
8.018725563137445514e-03
8.131390616103855926e-03
8.236290131671000769e-03
8.333365431461006376e-03
8.422564071533175656e-03
8.503845166594312457e-03
8.577183388700006586e-03
8.642571843647150337e-03
8.700023995262741450e-03
8.749574784780896064e-03
8.791281075301516507e-03
8.825221537414738859e-03
8.851496079988309743e-03
8.870224919053338111e-03
8.881547367286822536e-03
8.885620416637892913e-03
8.882617177155799348e-03
8.872725226105833418e-03
8.856144913071824568e-03
8.833087659007511638e-03
8.803774280161606042e-03
8.768433361491632591e-03
8.727299698601385936e-03
8.680612822371445991e-03
8.628615616273174055e-03
8.571553032812137540e-03
8.509670912595572456e-03
8.443214907093089111e-03
8.372429504210049389e-03
8.297557154255542911e-03
8.218837492709019088e-03
8.136506655318091405e-03
8.050796680446385689e-03
7.961934993191760110e-03
7.870143965574056058e-03
7.775640547011149380e-03
7.678635959336133597e-03
7.579335450730512354e-03
7.477938103135134927e-03
7.374636687939127057e-03
7.269617565016177861e-03
7.163060620471470817e-03
7.055139238765400014e-03
6.946020305190859362e-03
6.835864234985554108e-03
6.724825025662324075e-03
6.613050329429958664e-03
6.500681542854786638e-03
6.387853911175922668e-03
6.274696644936079114e-03
6.161333046820455239e-03
6.047880646813404322e-03
5.934451343982287408e-03
5.821151553382061632e-03
5.708082356744761075e-03
5.595339655773140172e-03
5.483014326999509531e-03
5.371192377300893980e-03
5.259955099278713908e-03
5.149379225817899905e-03
5.039537083237044177e-03
4.930496742527498179e-03
4.822322168258377263e-03
4.715073364794391923e-03
4.608806519536295075e-03
4.503574142950338838e-03
4.399425205203547073e-03
4.296405269265499323e-03
4.194556620377460666e-03
4.093918391824660601e-03
3.994526686977465345e-03
3.896414697594520297e-03
3.799612818403914037e-03
3.704148757998441781e-03
3.610047646098298035e-03
3.517332137248235964e-03
3.426022511029665554e-03
3.336136768876106409e-03
3.247690727589922464e-03
3.160698109663194737e-03
3.075170630510768062e-03
2.991118082725690522e-03
2.908548417469891938e-03
2.827467823112797280e-03
2.747880801230364461e-03
2.669790240075853305e-03
2.593197485631265013e-03
2.518102410345898247e-03
2.444503479664893956e-03
2.372397816447177708e-03
2.301781263367879728e-03
2.232648443395889720e-03
2.164992818432720165e-03
2.098806746193845798e-03
2.034081535409112095e-03
1.970807499413507278e-03
1.908974008195149768e-03
1.848569538962096951e-03
1.789581725285295955e-03
1.731997404869890528e-03
1.675802666003307949e-03
1.620982892723701364e-03
1.567522808748733577e-03
1.515406520200697797e-03
1.464617557160426608e-03
1.415138914079185854e-03
1.366953089074577753e-03
1.320042122133772934e-03
1.274387632244762709e-03
1.229970853473940327e-03
1.186772670006478033e-03
1.144773650163810781e-03
1.103954079411258041e-03
1.064293992367192337e-03
1.025773203824096496e-03
9.883713387909512805e-04
9.520678615654587507e-04
9.168421038441140411e-04
8.826732918776941574e-04
8.495405726794118956e-04
8.174230392928172198e-04
7.862997551265454551e-04
7.561497773631249480e-04
7.269521794491384933e-04
6.986860726744020984e-04
6.713306268481739926e-04
6.448650900807937356e-04
6.192688076796161890e-04
5.945212401687019650e-04
5.706019804422004160e-04
5.474907700619864852e-04
5.251675147107396279e-04
5.036122988122047591e-04
4.828053993310935251e-04
4.627272987656022812e-04
4.433586973462197022e-04
4.246805244550372663e-04
4.066739492804174842e-04
3.893203907223827991e-04
3.726015265646529027e-04
3.564993019297655079e-04
3.409959370341929925e-04
3.260739342607981935e-04
3.117160845663883651e-04
2.979054732425126702e-04
2.846254850479504198e-04
2.718598087316615548e-04
2.595924409651842392e-04
2.478076897037542943e-04
2.364901769954817279e-04
2.256248412581678706e-04
2.151969390433692859e-04
2.051920463073781894e-04
1.955960592088541034e-04
1.863951944527472595e-04
1.775759892001659186e-04
1.691253005637034334e-04
1.610303047076474549e-04
1.532784955723081710e-04
1.458576832415442567e-04
1.387559919723131924e-04
1.319618579048667680e-04
1.254640264719089648e-04
1.192515495247508723e-04
1.133137821941786541e-04
1.076403795034103927e-04
1.022212927501374007e-04
9.704676567431247847e-05
9.210733042789953737e-05
8.739380336241971429e-05
8.289728064970561272e-05
7.860913375082820840e-05
7.452100474772779164e-05
7.062480155159775322e-05
6.691269300166920522e-05
6.337710386750196085e-05
6.001070976746317621e-05
5.680643201560737452e-05
5.375743240864879792e-05
5.085710796427097787e-05
4.809908562155863879e-05
4.547721691380905663e-05
4.298557262355130076e-05
4.061843742911021667e-05
3.837030455160187381e-05
3.623587041076002299e-05
3.421002929756665755e-05
3.228786807120324171e-05
3.046466088738960211e-05
2.873586396475319923e-05
2.709711039545695463e-05
2.554420500588371667e-05
2.407311927277411314e-05
2.267998629984402351e-05
2.136109585948326516e-05
2.011288950381128211e-05
1.893195574896068206e-05
1.781502533614705435e-05
1.675896657271503244e-05
1.576078075606433809e-05
1.481759768298239313e-05
1.392667124668281537e-05
1.308537512350379039e-05
1.229119855096532468e-05
1.154174219861860927e-05
1.083471413286170167e-05
1.016792587665195442e-05
9.539288564834487439e-06
8.946809195560070089e-06
8.388586978078362848e-06
7.862809776995641718e-06
7.367750652899367015e-06
6.901764499074705557e-06
6.463284773882104504e-06
6.050820328227385776e-06
5.662952327357610746e-06
5.298331266198942917e-06
4.955674077172904548e-06
4.633761329475400007e-06
4.331434518570930494e-06
4.047593444666238365e-06
3.781193678741327941e-06
3.531244114719720827e-06
3.296804606250849985e-06
3.076983686520838699e-06
2.870936369451842541e-06
2.677862030615088146e-06
2.497002366119720787e-06
2.327639427736633997e-06
2.169093732430007963e-06
2.020722444531371379e-06
1.881917628691339958e-06
1.752104571761680280e-06
1.630740171786753042e-06
1.517311392211790523e-06
1.411333779480977041e-06
1.312350042145597091e-06
1.219928689668400212e-06
1.133662729066309817e-06
1.053168417594327048e-06
9.780840696471997936e-07
9.080689161276507666e-07
8.428020144986112414e-07
7.819812077975562731e-07
7.253221309144995283e-07
6.725572624329648111e-07
6.234350204212946170e-07
5.777189005256242252e-07
5.351866548061223697e-07
4.956295097585460266e-07
4.588514220017806545e-07
4.246683701795494585e-07
3.929076815992541524e-07
3.634073922368076072e-07
3.360156387213970697e-07
3.105900809861901931e-07
2.869973542766391070e-07
2.651125492815020875e-07
2.448187191625877127e-07
2.260064123057542022e-07
2.085732296586015556e-07
1.924234055492439980e-07
1.774674109191715821e-07
1.636215779460049704e-07
1.508077450621248218e-07
1.389529214066529922e-07
1.279889697965879419e-07
1.178523073242319474e-07
1.084836227271233360e-07
9.982760970805791900e-08
9.183271541931283206e-08
8.445090335321829616e-08
7.763742990749908579e-08
7.135063393224460098e-08
6.555173859247408877e-08
6.020466490093775431e-08
5.527585632206890442e-08
5.073411384181934945e-08
4.655044096742091740e-08
4.269789810386473194e-08
3.915146581217190042e-08
3.588791645558559415e-08
3.288569376964120011e-08
3.012479991936038806e-08
2.758668962532628623e-08
2.525417094978161084e-08
2.311131236991236528e-08
2.114335577517899358e-08
1.933663504706295297e-08
1.767849989106171137e-08
1.615724461477771952e-08
1.476204155950789614e-08
1.348287890811287509e-08
1.231050259955170165e-08
1.123636211342524237e-08
1.025255987059719633e-08
9.351804049478928694e-09
8.527364584938589142e-09
7.773032172869235123e-09
7.083080064077311551e-09
6.452228508955205064e-09
5.875611642025684676e-09
5.348746685536555853e-09
4.867505302465078077e-09
4.428086964904628746e-09
4.026994210516686692e-09
3.661009652215660603e-09
3.327174638918490496e-09
3.022769446665632600e-09
2.745294899945388346e-09
2.492455332394329677e-09
2.262142788864039510e-09
2.052422385695399995e-09
1.861518759989696697e-09
1.687803508645760400e-09
1.529783578162067843e-09
1.386090515560858065e-09
1.255470535048477347e-09
1.136775328039189407e-09
1.028953578968780888e-09
9.310431301677010542e-10
8.421637385596769576e-10
7.615104061249733203e-10
6.883472131573922241e-10
6.220016422480698908e-10
5.618593424356775865e-10
5.073593027808730425e-10
4.579894137001458107e-10
4.132823783104164912e-10
3.728119405822008750e-10
3.361894365927358249e-10
3.030605996659351695e-10
2.731026431549429484e-10
2.460215674092168219e-10
2.215496932976273624e-10
1.994433966004848710e-10
1.794810291128184170e-10
1.614610088589868874e-10
1.452000730732170229e-10
1.305316754730894640e-10
1.173045167700170757e-10
1.053812009792326782e-10
9.463700337256361248e-11
8.495874392275280330e-11
7.624375867591818895e-11
6.839895316675940550e-11
6.133994710736229853e-11
5.499028526336286088e-11
4.928071631655784875e-11
4.414854024160851093e-11
3.953701057799720222e-11
3.539478682355141920e-11
3.167543435029575923e-11
2.833697719299772778e-11
2.534147901307179043e-11
2.265466893114376790e-11
2.024560005115823634e-11
1.808633596698840150e-11
1.615166788786432053e-11
1.441885691401305476e-11
1.286740001068923488e-11
1.147881651570397602e-11
1.023645573544960157e-11
9.125320590688639566e-12
8.131909349408514829e-12
7.244069640946219863e-12
6.450868391171917177e-12
5.742475046375935089e-12
5.110051564660217020e-12
4.545654672470600832e-12
4.042150477232246614e-12
3.593132130559537112e-12
3.192849133418879456e-12
2.836142145603852607e-12
2.518383071815257885e-12
2.235422361076510550e-12
1.983540964216343223e-12
1.759408004809260321e-12
1.560038152717146370e-12
1.382762403287687333e-12
1.225188300747390582e-12
1.085178597212382379e-12
9.608207791713663944e-13
8.504059004921695003e-13
7.524067075440934114e-13
6.654591912660462047e-13
5.883451502587991253e-13
5.199782697494066257e-13
4.593877561424662595e-13
4.057101386885706660e-13
3.581735813517211777e-13
3.160910144920683104e-13
2.788511159690339347e-13
2.459084468911480169e-13
2.167782010656980030e-13
1.910282773357865792e-13
1.682751097329168403e-13
1.481775533523262433e-13
1.304324495338953684e-13
1.147699514413162702e-13
1.009511049486434241e-13
8.876335641990671585e-14
7.801778899758728999e-14
6.854802313360869447e-14
6.020526732925981644e-14
5.285835912984145026e-14
4.639038769238043794e-14
4.069868845067943698e-14
3.569227331044320716e-14
3.129022264088582391e-14
2.742067361750534104e-14
2.402093629378370987e-14
2.103438613123028589e-14
1.841231187427814027e-14
1.611134232876118544e-14
1.409244390009601854e-14
1.232189645318968567e-14
1.076958471502578560e-14
9.409460760752859189e-15
8.217937735539364703e-15
7.174577471173538259e-15
6.261198564397357915e-15
5.462220349956222731e-15
4.763364695607446663e-15
4.152246654285923291e-15
3.618166175384774085e-15
3.151356695943071969e-15
2.743908216914125998e-15
2.387910910635253533e-15
2.077829237514011571e-15
1.807151517525879285e-15
1.571260029305780523e-15
1.365350267597549495e-15
1.185933736494018977e-15
1.029838097550369887e-15
8.940354712811403390e-16
7.754222949412709494e-16
6.725185171857903916e-16
5.830567125029251479e-16
5.054217349687303622e-16
4.376481306729134523e-16
3.789941144024885683e-16
3.280458253691461670e-16
2.837388544220055203e-16
2.454183562188500052e-16
2.121467348461656421e-16
1.830070258075793498e-16
1.581835894021378833e-16
1.366180058825969360e-16
1.178503943670833223e-16
1.016453994531816255e-16
8.766100384048914508e-17
7.548600403120842662e-17
6.495312147628703630e-17
5.567771706973545822e-17
4.793779698464074331e-17
4.136839444735455680e-17
3.563651008702365719e-17
3.053738097986792822e-17
2.643191821095847364e-17
2.267183136221071861e-17
1.948255055451245960e-17
1.674306315786635696e-17
1.443356246836371389e-17
1.229620523184197526e-17
1.065317052579326890e-17
9.120423876315159892e-18
7.679037913828269478e-18
6.750448840939075108e-18
5.838967451935146441e-18
5.078101127756782664e-18
4.365005350717717870e-18
3.665150458716203139e-18
3.342899797642594808e-18
2.728436291217536717e-18
2.312134371050106985e-18
2.003385749191027851e-18
1.609964774398934098e-18
1.429905196203145362e-18
1.248976071407811462e-18
1.103244195908928812e-18
8.411193997123337446e-19
8.444658947963002442e-19
8.937475024547206162e-19
7.152122692166437989e-19
6.427906295373614426e-19
4.572147455496609285e-19
3.966786489506592554e-19
3.483256273178103371e-19
4.015044630652289970e-19
2.901938315747834542e-19
2.437125483487376899e-19
2.619098508524673081e-19
1.053258031651993135e-19
0.000000000000000000e+00
3.626739971189836150e-19
1.365678483659551514e-19
3.560856874265930066e-20
1.133308512847741639e-19
1.564303702531929832e-19
1.114913139050714336e-19
1.928626150028152185e-19
1.339781520704959196e-19
4.773211505877824462e-20
3.020310048925453381e-20
2.426596815639204501e-20
0.000000000000000000e+00
0.000000000000000000e+00
1.091422092096661533e-19
7.286598070285184383e-20
6.367696211880704912e-20
1.238424529970131519e-20
1.254573708785481833e-19
7.051592280391617609e-20
5.779816375849389468e-20
7.804418473461089015e-20
1.298192980851348894e-19
9.147697929900787783e-20
1.203688865928497769e-20
3.104961430248571381e-19
1.500939157066062780e-19
1.188720901855031315e-19
1.845886167560009303e-19
1.742524526515469455e-19
7.696556726400833334e-20
5.801932401676661320e-20
7.788078975580536124e-20
5.844765461862959646e-20
5.349063495020761399e-20
1.238131546836159688e-19
1.140166215027566584e-19
1.834627536182921190e-19
7.812517174463874320e-20
1.533042323447312729e-19
1.201824234430599065e-19
6.628945229120703607e-20
5.585421398252638884e-20
5.345600110406407761e-20
5.254893150544408565e-20
1.953716706458185201e-19
1.511900590184497603e-19
7.225085607826279662e-20
2.480444153463903303e-19
9.071339074389531174e-20
8.544843633619210827e-20
2.286728446492814519e-19
1.360393996062784428e-19
1.910608641144882651e-19
1.545208830091375695e-19
0.000000000000000000e+00
1.029610549038620585e-19
1.383475104619938034e-19
2.599865979718015738e-20
1.512814361524973565e-19
2.669519615980018597e-19
4.585075004462775741e-20
1.233357760624575257e-20
1.024685912487458799e-19
6.324371728601523657e-20
2.026278412133585790e-19
2.762933044545119318e-19
7.595843231010114017e-20
0.000000000000000000e+00
1.030354880592151130e-19
9.141722272416701758e-20
2.094953988590507411e-19
1.067657233217995481e-19
6.952786861823793616e-20
8.556908045813906479e-20
6.495240823848966843e-20
1.317921026953913220e-19
7.239225902128373306e-20
1.331609680359953768e-20
1.016393507442684250e-19
1.607812169750350516e-19
8.903990368636150811e-23
5.815324641171555662e-21
9.892233374203051303e-20
1.472279701171018666e-20
1.465437676267607520e-19
6.994440310646869861e-20
0.000000000000000000e+00
8.801216786252102104e-22
0.000000000000000000e+00
0.000000000000000000e+00
0.000000000000000000e+00
9.127769727318599137e-20
5.409766525813468430e-20
4.703145881142971071e-20
1.406174377496403460e-19
6.083042608529888585e-20
0.000000000000000000e+00
1.121595867051949053e-19
5.487339235264299361e-20
4.426454017909407920e-20
1.134519474469698914e-19
1.493048744856813237e-19
5.963482091942058028e-20
0.000000000000000000e+00
3.796546340789063591e-20
1.587044411145321605e-19
1.314688445429846135e-19
0.000000000000000000e+00
8.630902361132016136e-20
4.713430393257812832e-20
2.793066849188250550e-19
7.974260943711454716e-20
2.149072753428377412e-19
2.262302024754987222e-20
0.000000000000000000e+00
1.816424222623519177e-19
0.000000000000000000e+00
4.053863995068800371e-20
1.127143092213066891e-19
1.009229435329928360e-19
9.887986727250732533e-20
1.464680664626878324e-19
2.980475255615237011e-19
2.285967939383867310e-19
7.577511426757333533e-20
0.000000000000000000e+00
0.000000000000000000e+00
2.327004902458700771e-19
1.477874232520476833e-19
1.120080093707770092e-19
2.495580430386154866e-19
3.339734928665397724e-20
1.693316705562088105e-19
9.324819646024955296e-20
1.777992836149415527e-19
0.000000000000000000e+00
9.698419666065261635e-20
8.237830319221850142e-20
5.684074087979762739e-20
4.063258044689606665e-21
4.662051247880254565e-20
2.403464260385787520e-19
1.755519334343034063e-19
2.329584956213276106e-20
2.096230424982211172e-21
1.422098129833444777e-19
0.000000000000000000e+00
0.000000000000000000e+00
1.646490265573513366e-19
1.385308547727585449e-19
0.000000000000000000e+00
9.442058285179729290e-20
1.509337451410222245e-19
1.119075152873013263e-19
1.058849228286810521e-20
0.000000000000000000e+00
4.353957388788652571e-20
2.369552366584002510e-19
7.536573935656419191e-20
1.233753048666765440e-19
5.881290698182656902e-20
4.848844243296016037e-20
7.014524727546814721e-20
4.966197336946159099e-20
6.945520490011149609e-20
9.646437631732424945e-20
1.205275222573036725e-19
1.034235224201008704e-19
4.913742080427582212e-21
0.000000000000000000e+00
3.925139388858340582e-20
4.081854480745933151e-20
8.815707232399970227e-20
1.903238727344372275e-19
8.617235333286655316e-20
4.807950409504722030e-20
1.368068867069627247e-19
1.972941778310309001e-19
1.225161046331509628e-20
3.970612570473422784e-20
6.340549961766183304e-20
1.147412452846012405e-19
7.413109248149639283e-20
9.249824835064520038e-20
9.425153586872898314e-20
0.000000000000000000e+00
0.000000000000000000e+00
8.251607119323623480e-20
1.148032811745851278e-19
4.817216084371867470e-20
6.211493147629954058e-20
4.018586986190292575e-20
2.512387522957248304e-19
6.634441312880415000e-20
0.000000000000000000e+00
1.298719563049463339e-19
1.684329458952523756e-19
5.526752006899079359e-20
3.952295279344886729e-20
2.039352621203883625e-19
1.200793751751670656e-20
0.000000000000000000e+00
2.489810159951763343e-19
8.982351930920509836e-20
4.580793506852048558e-20
1.580631835187244927e-19
1.975565008879054783e-19
1.529381641741847841e-19
5.503522648566519332e-20
4.170441640593431949e-20
1.109697723553414749e-19
1.924158209975195534e-19
2.039644373342903026e-19
2.306952095887035814e-19
2.356044285063110489e-19
2.244455120997555238e-20
4.419498799199246509e-20
1.634151744164128741e-19
1.237957021123735273e-20
2.581037316201643768e-19
2.555415895681046577e-20
1.412202810952743136e-19
0.000000000000000000e+00
1.867967443458686757e-19
2.314278555775605634e-19
1.670796610786927114e-19
1.605661308532355243e-20
1.418516418302595581e-19
1.075699427548207698e-19
1.513657623127554687e-19
2.528970098791348212e-19
1.475908946030275176e-19
1.593067439466919202e-19
6.491947635539720674e-20
5.270065778464219089e-20
5.039798937834404110e-20
4.955393288166722633e-20
1.206425853906948625e-19
0.000000000000000000e+00
1.416438932553431843e-19
5.687858963733892481e-20
1.920507086665702782e-19
0.000000000000000000e+00
0.000000000000000000e+00
1.148482953840965575e-19
5.424875540872837153e-20
9.391200549281100586e-20
0.000000000000000000e+00
6.537065025335821865e-20
4.584572402974678208e-20
4.225074087956964737e-20
6.485074282703977400e-20
4.359248022997916646e-20
2.071960219933989650e-19
1.226518006371211395e-20
3.902137617562316121e-20
0.000000000000000000e+00
2.264166506579200425e-19
1.242807786402867810e-20
6.126146144451367391e-20
1.116335239963485505e-19
1.890320683307419395e-19
7.310033824646597531e-21
1.556196023028609234e-19
1.463247004902989182e-19
1.935046719095619465e-19
0.000000000000000000e+00
1.084023936554757324e-19
4.560767081318401457e-20
6.161122926912787463e-20
0.000000000000000000e+00
3.373674519665377736e-20
2.974477053557655041e-19
6.634866462911130004e-20
8.825361949763099687e-20
4.201112463091795884e-20
0.000000000000000000e+00
5.670673819156627460e-20
1.318040567923523938e-20
1.992372932599275492e-19
5.286797497919283236e-20
8.421987924333572584e-20
1.827044366790257525e-19
2.183754459518380503e-19
5.642781769371469055e-20
6.192920983216703633e-20
8.608648616511610453e-20
3.803271653703717631e-20
0.000000000000000000e+00
3.150601284267179343e-20
3.232645113821431920e-20
1.514053962512902967e-19
6.942148276546888125e-20
1.326443919865207829e-19
9.123282252310691476e-20
1.106881814939139748e-19
4.133762619718732079e-20
2.004487406554074042e-19
1.705553766917093991e-19
4.901806565470777209e-20
1.309259757414378167e-19
2.088564877595524277e-19
0.000000000000000000e+00
5.759605307844960316e-20
8.430559787892774110e-20
3.882668441449284335e-20
2.488317039622996609e-19
3.316157672820777451e-20
1.021341840297182861e-20
3.135382379630288634e-20
3.210667572575534312e-20
0.000000000000000000e+00
1.489471161516276824e-19
1.393464571227607601e-19
0.000000000000000000e+00
7.827952409731161509e-20
0.000000000000000000e+00
2.887308053955725841e-20
0.000000000000000000e+00
5.097062118022897523e-20
0.000000000000000000e+00
9.787850674339661530e-20
3.457533951657668721e-20
0.000000000000000000e+00
9.637060036859937041e-20
3.304298189354899272e-20
2.607577365561082345e-20
4.847476720142246010e-20
0.000000000000000000e+00
9.423325506429461437e-20
3.061064173564625339e-20
1.193576228914744662e-19
0.000000000000000000e+00
0.000000000000000000e+00
1.880337848732234575e-19
3.889128213837726712e-20
9.604492704889588806e-20
1.254773765707315722e-19
1.047137197978600407e-19
0.000000000000000000e+00
1.417034219202828743e-19
3.471772164191328306e-20
0.000000000000000000e+00
6.913723830921871326e-20
2.664145837351970942e-20
0.000000000000000000e+00
2.031749034593013919e-20
2.063221345643437804e-20
1.397922636649321679e-19
1.279480778262001161e-19
1.275112443962977595e-19
0.000000000000000000e+00
1.646656533640664790e-19
0.000000000000000000e+00
0.000000000000000000e+00
2.016827109236913107e-20
1.401070661569241444e-19
3.254777023482326109e-20
0.000000000000000000e+00
0.000000000000000000e+00
0.000000000000000000e+00
1.141010422229282832e-19
0.000000000000000000e+00
1.915630795933313293e-20
1.879469371523072878e-20
1.830161514637797842e-20
1.373894035035557045e-19
2.938201360105553235e-20
6.732105404689291704e-20
1.899173370628931086e-19
1.543428623229801999e-19
5.667748227186038504e-20
7.187309665405451952e-20
2.476067997319445357e-20
9.201880555244076011e-20
1.223304602774794131e-19
2.988825078215237977e-20
1.171778701480320461e-19
5.329923452067529530e-20
2.435930869774003214e-20
2.361418890208952867e-19
3.277810216341097641e-19
1.951145819218596488e-19
0.000000000000000000e+00
2.530458440295237240e-20
7.264145423765136510e-20
1.725072216373019676e-19
8.660820778310969217e-20
1.496200461957178586e-19
1.332678706261850323e-19
5.877760165588611116e-20
2.217616149476588269e-19
0.000000000000000000e+00
9.981767738305523773e-20
0.000000000000000000e+00
5.083904799221906868e-20
2.971910500934521376e-20
0.000000000000000000e+00
1.208991476850345843e-19
0.000000000000000000e+00
1.450785360176583659e-19
1.798249666379401356e-19
1.836198508287675422e-19
2.086308267642697914e-19
2.833666802364985119e-19
4.058786107663564789e-21
3.045666849180419606e-20
2.446803107682726621e-19
4.060402562417764966e-22
1.499866689733775783e-19
4.056691013410881729e-20
3.152469738119222552e-20
5.388136016501855361e-20
1.991379918206063162e-19
1.158014570629874330e-19
0.000000000000000000e+00
1.009619688317270899e-19
0.000000000000000000e+00
1.718070351457489511e-19
1.125095773945357680e-19
2.280975227226302963e-19
4.644253043474517002e-20
0.000000000000000000e+00
0.000000000000000000e+00
1.229668893226191739e-19
3.591943848115883731e-20
1.245797365070579358e-19
8.345081401644707571e-20
5.639511213951510954e-20
0.000000000000000000e+00
4.982094797651544431e-20
5.215123420815548237e-20
1.954668006589516929e-19
3.940599589800748993e-20
1.708180783479851302e-19
2.285227026878792809e-19
1.385037981535480453e-19
1.082199215571325142e-19
2.971463308838888007e-19
0.000000000000000000e+00
1.486250802366252055e-19
2.052830645576423330e-19
1.388374897631216340e-19
1.343519563079700868e-19
6.232194894644728051e-20
1.287640204442178909e-19
1.094230987578590029e-19
0.000000000000000000e+00
2.683062300992835328e-19
1.678261084834302843e-19
0.000000000000000000e+00
1.740395447997187862e-19
3.523651398993570675e-19
5.656846133053838126e-20
1.789611836031278760e-19
1.394197069015545998e-19
1.371162049916075099e-19
1.370306255732978472e-19
4.152532067607233075e-20
2.255001804673934580e-19
9.547252309909240303e-20
3.888167506261125058e-20
2.012702236205167487e-19
0.000000000000000000e+00
0.000000000000000000e+00
2.462085670403781074e-19
4.767939896570232178e-20
2.492025979928906186e-19
0.000000000000000000e+00
2.475539197822963388e-19
4.775775073531315400e-20
1.775495647380460719e-19
9.042832378171699077e-20
3.939128583236848070e-19
1.064417965141669171e-19
0.000000000000000000e+00
0.000000000000000000e+00
0.000000000000000000e+00
2.999332237513383187e-20
3.019659463455377312e-20
2.946281984045244928e-20
2.198820597186150907e-19
0.000000000000000000e+00
5.223128066639096534e-20
0.000000000000000000e+00
0.000000000000000000e+00
2.463646235482797640e-20
9.621774983358902917e-20
7.684090333096856216e-20
2.736655910651655615e-20
2.334272524693983475e-20
2.213706761738755303e-20
2.127117486015234070e-20
1.639197603352003990e-19
1.014855200526810726e-19
1.457881525287015077e-19
0.000000000000000000e+00
1.395950634799303598e-19
1.233136465167708069e-19
2.168023492716649221e-19
1.767752187810997321e-19
5.555026478854111361e-20
1.196290079317288625e-19
1.231080269556188241e-19
2.659433453315065388e-20
1.171194572860042892e-19
2.694202390872887219e-20
2.842602170419504320e-19
2.769894855166404317e-19
3.938052752515087290e-20
4.856856549755236988e-20
4.835531944275273425e-20
7.199040140867962327e-20
1.447723750351462684e-19
0.000000000000000000e+00
0.000000000000000000e+00
2.358463231492805126e-19
0.000000000000000000e+00
0.000000000000000000e+00
9.204543309052255594e-20
0.000000000000000000e+00
4.263555816973158231e-19
4.572087757792692402e-20
4.839303164192211685e-20
2.347265061875570259e-20
2.123584520240926766e-20
1.161753923231575592e-19
2.604254759894639371e-20
1.402391750191046116e-19
2.721429619483914266e-20
0.000000000000000000e+00
1.866757445676701122e-20
0.000000000000000000e+00
1.734498826080214734e-20
1.127929680227769210e-19
1.167989824403109662e-19
7.062049347220086929e-20
2.008847104654529956e-20
6.445161500746363106e-20
1.865834956754675729e-20
0.000000000000000000e+00
1.340658201532935437e-19
2.156575063118270844e-20
8.702275608877800188e-20
0.000000000000000000e+00
3.787959379140198862e-20
1.347013339786899815e-19
1.400605517095065710e-19
2.138485396245088013e-20
0.000000000000000000e+00
1.326887098204024551e-19
1.395741382821847500e-19
2.362966209929599019e-19
1.944720706875917588e-19
0.000000000000000000e+00
1.355823563741698356e-19
2.135995795981884985e-19
1.469981046173523410e-19
1.682962148736678192e-19
2.628685392512024478e-20
9.059083870042924635e-20
9.373799177296197885e-20
1.181070796180746934e-19
0.000000000000000000e+00
1.810545009017581580e-20
1.372936248223845200e-19
0.000000000000000000e+00
1.754758938425150048e-20
6.485604080989787468e-20
1.625905972123278456e-19
2.156749886240208461e-19
2.791468794469034813e-20
0.000000000000000000e+00
8.831952572022012700e-20
2.040126948783995461e-20
1.676748924678781200e-20
2.072107570434024840e-19
2.557614875871847318e-20
1.365579739969043239e-19
0.000000000000000000e+00
0.000000000000000000e+00
3.874240601040742794e-20
1.117206538159149360e-19
1.831588952494372012e-20
3.015404902541626434e-19
2.864458439316609416e-20
1.641672054705874252e-20
1.475392593953537771e-20
3.805479033305302528e-20
1.107300188318739184e-19
0.000000000000000000e+00
1.347644578627716895e-20
1.293399778852811916e-20
6.024283793867512117e-20
6.214276548445085449e-20
3.724617677928238687e-20
3.686148820324612017e-20
3.654352155640140116e-20
0.000000000000000000e+00
1.036847382480903008e-20
1.056473241080569285e-19
1.422585388182591616e-20
5.795151743791270820e-20
2.029379228092714276e-19
1.859796827717457478e-19
9.063067996849561743e-20
1.505403526911210500e-20
5.907217126332853314e-20
1.287192193592175296e-20
1.781287189932666239e-19
1.138332316169994672e-19
6.295243639797799582e-20
6.152939191615686339e-20
1.353039962976211960e-20
1.126858955759972629e-20
1.075105355788113341e-20
8.211441391698950271e-20
1.341802075210092196e-20
1.037820321735216957e-20
0.000000000000000000e+00
3.301491706800476434e-20
0.000000000000000000e+00
8.027695868041045652e-20
5.936303716609276640e-20
1.302406692145965880e-19
1.375720106501743256e-20
0.000000000000000000e+00
8.106259411334020480e-21
7.881459475669023474e-21
1.510252165982100597e-19
1.344216887640903040e-20
1.278233140593171301e-19
2.756933758550636042e-19
9.125979703999247228e-20
1.328276880337972564e-20
1.053535500690554432e-19
1.088384188504849459e-19
1.381383144384005577e-20
0.000000000000000000e+00
3.325588416527196649e-20
0.000000000000000000e+00
5.677635987204003323e-20
8.241699406660863862e-20
1.187781059141546137e-20
1.046631822008702359e-19
1.232089736264880886e-20
8.067969290001740328e-20
8.306221264679107428e-20
1.162267064475963533e-20
8.763978067559701453e-21
8.208220134646500376e-21
7.859534478748001869e-21
3.143528803579400948e-20
8.289627041151782358e-21
7.881661184956870120e-20
9.546625353299928225e-21
0.000000000000000000e+00
1.019440483898964062e-19
1.284480492579007285e-19
1.305209290810858577e-19
0.000000000000000000e+00
5.493534167125864840e-20
8.463145575905742719e-21
6.815732100559610685e-21
3.035550187035303056e-20
1.984870570589219695e-19
1.566043554017356636e-19
1.261736996821540314e-20
7.842305020157873149e-21
1.984910486452312504e-19
3.772434513195379602e-20
9.278849681447671889e-21
7.952841409382828221e-20
1.296272045490064822e-19
1.315789345122888581e-19
8.426401231204909676e-20
0.000000000000000000e+00
3.241608520284303235e-20
9.176705001822641106e-21
7.986409466521074018e-20
0.000000000000000000e+00
7.957467036747024437e-20
1.000293260342416233e-20
0.000000000000000000e+00
7.094109252864608109e-21
6.841661100199122428e-21
5.432873524321146227e-20
0.000000000000000000e+00
6.061076610633998693e-21
5.713642490160566711e-21
1.249329690113868671e-19
8.946019594468624791e-21
1.012928392945773390e-19
8.145913086491088776e-21
0.000000000000000000e+00
5.279512453159804293e-20
3.016813257198050052e-20
1.013881297685644964e-19
0.000000000000000000e+00
4.990400587300704095e-21
1.481118223673564140e-19
5.658731765304982474e-20
1.979380766695141158e-19
1.080202373036011487e-20
0.000000000000000000e+00
7.717540647280094523e-20
2.705066288728787820e-19
1.806938036000627608e-19
0.000000000000000000e+00
7.381026126828440319e-21
1.265379465802994897e-19
2.015095931549228271e-19
1.280048300283787486e-20
1.516665687226822324e-19
1.311766135483005155e-19
1.164884871725566368e-20
1.281119196552808510e-19
1.138036964545364637e-20
2.715347805934788672e-19
8.687851380306763664e-20
0.000000000000000000e+00
0.000000000000000000e+00
5.622178605861548960e-20
9.399696481885200613e-21
0.000000000000000000e+00
5.528750301660220548e-20
1.279174217413803305e-19
0.000000000000000000e+00
0.000000000000000000e+00
6.568239313675048430e-21
0.000000000000000000e+00
1.731416684031430531e-19
1.052784827042394874e-19
1.041117424022203752e-19
5.626589155355854254e-20
5.518234425259318594e-20
2.223780781430348950e-19
1.112452613662028301e-20
5.467323091565923966e-20
7.390769048406819073e-21
1.257710869416928805e-19
0.000000000000000000e+00
1.495894502466398521e-19
1.524902574166001194e-19
5.733180158625126678e-20
5.546812047692450218e-20
1.986933751314911420e-19
1.539655351257262134e-19
1.774951987807968016e-19
3.482376853960117152e-20
8.271693013469106824e-21
1.268348715752962697e-19
9.512127204537533361e-21
0.000000000000000000e+00
2.218240075833459582e-19
1.782001720881023728e-19
1.301500885973276071e-19
9.878563496258896285e-21
7.918903859534480738e-20
8.467316731466291978e-21
3.087368887333540063e-20
5.488608831513315673e-20
1.267359541708407863e-19
3.234102323982272847e-20
7.851987611227767957e-20
0.000000000000000000e+00
5.732529349155896105e-21
5.324257429825976417e-21
0.000000000000000000e+00
5.234845026011186175e-20
0.000000000000000000e+00
4.032739189755194705e-21
2.906018336741783535e-19
8.509947369125704603e-21
0.000000000000000000e+00
1.234416784295032270e-19
2.926844603484337729e-19
1.763050588680836810e-19
0.000000000000000000e+00
5.232993503449313326e-21
1.244531642080974859e-19
0.000000000000000000e+00
5.269821327847071106e-20
0.000000000000000000e+00
1.239546305741600838e-19
2.993825509746955064e-20
7.650971927623765320e-20
1.247829877991285221e-19
5.950767215273411659e-21
1.238175692229976488e-19
1.013697617943716457e-19
5.563769078140013397e-21
0.000000000000000000e+00
3.799577426274617672e-21
5.135484924014096745e-20
5.175114304457663366e-20
1.712069199698815033e-19
1.010502109721818592e-19
1.482334945938814727e-19
5.449872976659080367e-21
1.233286488061102459e-19
0.000000000000000000e+00
3.656771329729651187e-21
2.902786169342161726e-19
1.024086882833298158e-19
2.200975876836392795e-19
3.044059842513032470e-20
4.720766485487694271e-21
0.000000000000000000e+00
3.777330641901191843e-21
3.492218592876420117e-21
3.179166961447246971e-21
5.068641866466655139e-20
1.224448119227568357e-19
0.000000000000000000e+00
9.815338748380607210e-20
2.717160669798358754e-20
0.000000000000000000e+00
2.153777458819759424e-21
0.000000000000000000e+00
7.344627812841201745e-20
2.413720171475749579e-19
1.713169619667374198e-19
0.000000000000000000e+00
2.474562457461248887e-21
0.000000000000000000e+00
7.380264092066165645e-20
2.647562434588158836e-20
4.999615920849324954e-20
2.201641164732596836e-21
0.000000000000000000e+00
2.542703560158959799e-20
2.167566611078637357e-19
2.988382842411834602e-21
2.169042805182994986e-19
3.179365426458324489e-21
0.000000000000000000e+00
7.348030573814409445e-20
7.384738949121490615e-20
2.125725077480277298e-21
1.599791967095301353e-21
7.313136455356082623e-20
1.711912592873879498e-21
1.238521096127226189e-21
0.000000000000000000e+00
2.480905828376859333e-20
0.000000000000000000e+00
6.925787389251895831e-22
4.839472777098132816e-20
2.464372661540468971e-20
2.158380860165612479e-19
3.602495893722831162e-19
5.049320213965458963e-20
4.952657337550432680e-20
4.940999629325492022e-20
1.561323642053967981e-21
0.000000000000000000e+00
0.000000000000000000e+00
8.318571185240680954e-22
4.847875123654966555e-20
6.856619885463259234e-22
4.829226318147961975e-20
5.232160827856045431e-22
3.541999522217663910e-22
4.809061659314385994e-20
2.394379945770206183e-19
1.204116701250647680e-19
0.000000000000000000e+00
1.201226315080412671e-19
1.202515801952146652e-19
0.000000000000000000e+00
9.609423795165008343e-20
4.633764930333550005e-22
4.809153770328725939e-20
4.803676716519499047e-20
2.403942243819615893e-20
2.397830402199100582e-20
1.390530860719593521e-23
2.253569181845964611e-24
2.962370564624247798e-25
3.018175078953124625e-26
2.542023654178068576e-27
2.122023998238802036e-28
2.342264244071003348e-29
3.229103657604521364e-30
4.284798755559805964e-31
5.019834719870732818e-32
5.147854369962009127e-33
4.883743123760498839e-34
4.824941170324056964e-35
5.402306895806577004e-36
6.564101552466819447e-37
7.971572075295698516e-38
9.369831838601000435e-39
1.064685140330792088e-39
1.186451542296303855e-40
1.315502062031520261e-41
1.462876712614281648e-42
1.634379219838797068e-43
1.836134425787444634e-44
2.082032738256904924e-45
2.393091707079103959e-46
2.786509003644134710e-47
3.262731875981401981e-48
3.801351975828855317e-49
4.369780215384998440e-50
4.939736711536222383e-51
5.502250717543397657e-52
6.073403408327542845e-53
6.688254373254306250e-54
7.386365558773971620e-55
8.196314945346817910e-56
9.126748738956498502e-57
1.016808679244561830e-57
1.130424346167488822e-58
1.252996139506608194e-59
1.386747627901298239e-60
1.537612350281407282e-61
1.715006658790638060e-62
1.930263628519446162e-63
2.194036326693068244e-64
2.513420167593548138e-65
2.889761919924077507e-66
3.317973697425875866e-67
3.787686719321830473e-68
4.285976138558284274e-69
4.800934583367933884e-70
5.325227811687145815e-71
5.858903413437081278e-72
6.410986981067205097e-73
6.999634937801282065e-74
7.650760303621005429e-75
8.395149457333754185e-76
9.264227038926548863e-77
1.028485516314198370e-77
1.147385689949928052e-78
1.283325145013073085e-79
1.434736124738385333e-80
1.598288465785795857e-81
1.769265560654986844e-82
1.942315251048779901e-83
2.112499388063466376e-84
2.276486662965866012e-85
2.433679526958367264e-86
2.587053993576855512e-87
2.743526025476802758e-88
2.913732882697370925e-89
3.111216369338828359e-90
3.351098652212722261e-91
3.648433616638111285e-92
4.016485040438180318e-93
4.465218204088824472e-94
5.000287189844822451e-95
5.622751558590784153e-96
6.329662856891473652e-97
7.115529910477372855e-98
7.974517685712924569e-99
8.903082464937670329e-100
9.902627140225080164e-101
1.098170553166611711e-101
1.215733678126229361e-102
1.345511749871910588e-103
1.490802743256570786e-104
1.655408031040100730e-105
1.843322583493420078e-106
2.058410636632088735e-107
2.304136346967937789e-108
2.583414434558778993e-109
2.898627269357864060e-110
3.251825098213636893e-111
3.645090912073503918e-112
4.081018609047418509e-113
4.563230860669836392e-114
5.096858128881151107e-115
5.688915748427837955e-116
6.348550001063101369e-117
7.087169387456849333e-118
7.918522267593281195e-119
8.858813345352651757e-120
9.926957524910593789e-121
1.114504420802119630e-121
1.253902976494856619e-122
1.413960080691975997e-123
1.598307279032387097e-124
1.811212694080412344e-125
2.057616087391336604e-126
2.343104527854836807e-127
2.673814188375617469e-128
3.056253848310814632e-129
3.497058004540443957e-130
4.002690329018465773e-131
4.579129960570339620e-132
5.231582627387164003e-133
5.964265168950963345e-134
6.780315211259066110e-135
7.681877004732484215e-136
8.670408858538359761e-137
9.747245923962347825e-138
1.091443298944013588e-138
1.217581478552636173e-139
1.353833684411864481e-140
1.501347112275183575e-141
1.661864266878202042e-142
1.837850379961090845e-143
2.032588872242646994e-144
2.250229156426360736e-145
2.495774921467703520e-146
2.775007783964127633e-147
3.094350398379089014e-148
3.460683836289712231e-149
3.881144923215522281e-150
4.362938684193666814e-151
4.913207526372089826e-152
5.539000946136955409e-153
6.247386488304498725e-154
7.045734063947891830e-155
7.942191824156215061e-156
8.946353465277541244e-157
1.007009552615102641e-157
1.132854080077907601e-158
1.274108264039127021e-159
1.433238706504296229e-160
1.613327767608880726e-161
1.818140458102456387e-162
2.052160465505378097e-163
2.320587743220878100e-164
2.629292864575125628e-165
2.984727057264505720e-166
3.393791223739394994e-167
3.863671942306311949e-168
4.401656979010073148e-169
5.014946746687824510e-170
5.710480989946500132e-171
6.494801415356595801e-172
7.373970824551413732e-173
8.353567495938689320e-174
9.438770188548229488e-175
1.063454440111119161e-175
1.194593465722588025e-176
1.337846086238773190e-177
1.493860944081577920e-178
1.663440225868075284e-179
1.847601856110663364e-180
2.047643766935028127e-181
2.265206351975230224e-182
2.502328696074975099e-183
2.761493888280804353e-184
3.045658762105167687e-185
3.358263844581600916e-186
3.703220189973352563e-187
4.084871139614497977e-188
4.507928847155258035e-189
4.977387541263677698e-190
5.498417815791414734e-191
6.076248553514655039e-192
6.716045202573600385e-193
7.422794845507683920e-194
8.201209676546291553e-195
9.055661034495868132e-196
9.990155987791882836e-197
1.100836765341917025e-197
1.211372901488691127e-198
1.330959807631864548e-199
1.459949985335210543e-200
1.598744806711404594e-201
1.747834659628467329e-202
1.907846790075690951e-203
2.079600294958170205e-204
2.264167491618965633e-205
2.462940735582556663e-206
2.677703710154557356e-207
2.910706304010534661e-208
3.164742450140805327e-209
3.443230727710824253e-210
3.750298106881863313e-211
4.090867891871671573e-212
4.470753602225402079e-213
4.896761111414025789e-214
5.376801706472998502e-215
5.920018719987260203e-216
6.536929925466905936e-217
7.239586945469367367e-218
8.041751544056786246e-219
8.959086998349700965e-220
1.000936099669391248e-220
1.121265499844421628e-221
1.259157406422172339e-222
1.417145118172950435e-223
1.598054138223138332e-224
1.805020368467224864e-225
2.041507320190255110e-226
2.311323151990889197e-227
2.618639047286022207e-228
2.968011228883921464e-229
3.364409726049321323e-230
3.813257801877391664e-231
4.320486655596085983e-232
4.892610578424963246e-233
5.536828111542311486e-234
6.261154885980609278e-235
7.074593677439796544e-236
7.987346746191979697e-237
9.011074712755904300e-238
1.015920499687129698e-238
1.144729116672434985e-239
1.289342235116778616e-240
1.451867911198219536e-241
1.634762883409490199e-242
1.840884979660866288e-243
2.073546874040743875e-244
2.336569215583208385e-245
2.634330700701390220e-246
2.971812265177377023e-247
3.354632289764164858e-248
3.789069614431247180e-249
4.282071313847193804e-250
4.841242672461455960e-251
5.474817672355475192e-252
6.191609611506306956e-253
7.000943215556631446e-254
7.912571767025338564e-255
8.936585284779074934e-256
1.008331853331912151e-256
1.136327047624204200e-257
1.278704952958370521e-258
1.436536141729893226e-259
1.610905837668499212e-260
1.802926971169408480e-261
2.013763408044426520e-262
2.244665330570583810e-263
2.497018584208286020e-264
2.772409530699324607e-265
3.072706572727093190e-266
3.400159046286717701e-267
3.757513627738529810e-268
4.148147789251077059e-269
4.576219176374839166e-270
5.046829092493175632e-271
5.566197574273221937e-272
6.141846847319929926e-273
6.782789280363185675e-274
7.499715330792350778e-275
8.305176421174185248e-276
9.213757241368715869e-277
1.024223168183755643e-277
1.140969653327182061e-278
1.273767731451612729e-279
1.425020120963421171e-280
1.597383321377137206e-281
1.793767332176849943e-282
2.017331505760928079e-283
2.271476893788165945e-284
2.559835866150850089e-285
2.886260294886672830e-286
3.254810198054796376e-287
3.669745419291856341e-288
4.135523656154504174e-289
4.656808912459044385e-290
5.238495193537669050e-291
5.885750934890096398e-292
6.604090191267061919e-293
7.399476945578509575e-294
8.278468953643688253e-295
9.248407253048071380e-296
1.031765677275556359e-296
1.149590234133329812e-297
1.279450278588691146e-298
1.422690375193527726e-299
1.580910740427877029e-300
1.756019437994019686e-301
1.950289039027206722e-302
2.166416688815066278e-303
2.407586244612895209e-304
2.677530918418470471e-305
2.980594701556930432e-306
3.321790792901052230e-307
3.706855326946833923e-308
4.142294926474102957e-309
4.635427007143216237e-310
5.194412351492954618e-311
5.828280252472820012e-312
6.546947497259595803e-313
7.361233605625006303e-314
8.282876023393792200e-315
9.324550389932994737e-316
1.049990237397835937e-316
1.182359366506895612e-317
1.331136366307778502e-318
1.498007038190659522e-319
1.684269786672809469e-320
1.887330767113561799e-321
2.025669147949110831e-322
9.881312916824930884e-324
0.000000000000000000e+00
0.000000000000000000e+00
0.000000000000000000e+00
0.000000000000000000e+00
0.000000000000000000e+00
0.000000000000000000e+00
0.000000000000000000e+00
0.000000000000000000e+00
0.000000000000000000e+00
0.000000000000000000e+00
0.000000000000000000e+00
0.000000000000000000e+00
0.000000000000000000e+00
0.000000000000000000e+00
0.000000000000000000e+00
0.000000000000000000e+00
0.000000000000000000e+00
0.000000000000000000e+00
0.000000000000000000e+00
0.000000000000000000e+00
0.000000000000000000e+00
0.000000000000000000e+00
0.000000000000000000e+00
0.000000000000000000e+00
0.000000000000000000e+00
0.000000000000000000e+00
0.000000000000000000e+00
0.000000000000000000e+00
0.000000000000000000e+00
0.000000000000000000e+00
0.000000000000000000e+00
0.000000000000000000e+00
0.000000000000000000e+00
0.000000000000000000e+00
0.000000000000000000e+00
0.000000000000000000e+00
0.000000000000000000e+00
0.000000000000000000e+00
0.000000000000000000e+00
0.000000000000000000e+00
0.000000000000000000e+00
0.000000000000000000e+00
0.000000000000000000e+00
0.000000000000000000e+00
0.000000000000000000e+00
0.000000000000000000e+00
0.000000000000000000e+00
0.000000000000000000e+00
0.000000000000000000e+00
0.000000000000000000e+00
0.000000000000000000e+00
0.000000000000000000e+00
0.000000000000000000e+00
0.000000000000000000e+00
0.000000000000000000e+00
0.000000000000000000e+00
0.000000000000000000e+00
0.000000000000000000e+00
0.000000000000000000e+00
0.000000000000000000e+00
0.000000000000000000e+00
0.000000000000000000e+00
0.000000000000000000e+00
0.000000000000000000e+00
0.000000000000000000e+00
0.000000000000000000e+00
0.000000000000000000e+00
0.000000000000000000e+00
0.000000000000000000e+00
0.000000000000000000e+00
0.000000000000000000e+00
0.000000000000000000e+00
0.000000000000000000e+00
0.000000000000000000e+00
0.000000000000000000e+00
0.000000000000000000e+00
0.000000000000000000e+00
0.000000000000000000e+00
0.000000000000000000e+00
0.000000000000000000e+00
0.000000000000000000e+00
0.000000000000000000e+00
0.000000000000000000e+00
0.000000000000000000e+00
0.000000000000000000e+00
0.000000000000000000e+00
0.000000000000000000e+00
0.000000000000000000e+00
0.000000000000000000e+00
0.000000000000000000e+00
0.000000000000000000e+00
0.000000000000000000e+00
0.000000000000000000e+00
0.000000000000000000e+00
0.000000000000000000e+00
0.000000000000000000e+00
0.000000000000000000e+00
0.000000000000000000e+00
0.000000000000000000e+00
0.000000000000000000e+00
0.000000000000000000e+00
0.000000000000000000e+00
0.000000000000000000e+00
0.000000000000000000e+00
0.000000000000000000e+00
0.000000000000000000e+00
0.000000000000000000e+00
0.000000000000000000e+00
0.000000000000000000e+00
0.000000000000000000e+00
0.000000000000000000e+00
0.000000000000000000e+00
0.000000000000000000e+00
0.000000000000000000e+00
0.000000000000000000e+00
0.000000000000000000e+00
0.000000000000000000e+00
0.000000000000000000e+00
0.000000000000000000e+00
0.000000000000000000e+00
0.000000000000000000e+00
0.000000000000000000e+00
0.000000000000000000e+00
0.000000000000000000e+00
0.000000000000000000e+00
0.000000000000000000e+00
0.000000000000000000e+00
0.000000000000000000e+00
0.000000000000000000e+00
0.000000000000000000e+00
0.000000000000000000e+00
0.000000000000000000e+00
0.000000000000000000e+00
0.000000000000000000e+00
0.000000000000000000e+00
0.000000000000000000e+00
0.000000000000000000e+00
0.000000000000000000e+00
0.000000000000000000e+00
0.000000000000000000e+00
0.000000000000000000e+00
0.000000000000000000e+00
0.000000000000000000e+00
0.000000000000000000e+00
0.000000000000000000e+00
0.000000000000000000e+00
0.000000000000000000e+00
0.000000000000000000e+00
0.000000000000000000e+00
0.000000000000000000e+00
0.000000000000000000e+00
0.000000000000000000e+00
0.000000000000000000e+00
0.000000000000000000e+00
0.000000000000000000e+00
0.000000000000000000e+00
0.000000000000000000e+00
0.000000000000000000e+00
0.000000000000000000e+00
0.000000000000000000e+00
0.000000000000000000e+00
0.000000000000000000e+00
0.000000000000000000e+00
0.000000000000000000e+00
0.000000000000000000e+00
0.000000000000000000e+00
0.000000000000000000e+00
0.000000000000000000e+00
0.000000000000000000e+00
0.000000000000000000e+00
0.000000000000000000e+00
0.000000000000000000e+00
0.000000000000000000e+00
0.000000000000000000e+00
0.000000000000000000e+00
0.000000000000000000e+00
0.000000000000000000e+00
0.000000000000000000e+00
0.000000000000000000e+00
0.000000000000000000e+00
0.000000000000000000e+00
0.000000000000000000e+00
0.000000000000000000e+00
0.000000000000000000e+00
0.000000000000000000e+00
0.000000000000000000e+00
0.000000000000000000e+00
0.000000000000000000e+00
0.000000000000000000e+00
0.000000000000000000e+00
0.000000000000000000e+00
0.000000000000000000e+00
0.000000000000000000e+00
0.000000000000000000e+00
0.000000000000000000e+00
0.000000000000000000e+00
0.000000000000000000e+00
0.000000000000000000e+00
0.000000000000000000e+00
0.000000000000000000e+00
0.000000000000000000e+00
0.000000000000000000e+00
0.000000000000000000e+00
0.000000000000000000e+00
0.000000000000000000e+00
0.000000000000000000e+00
0.000000000000000000e+00
0.000000000000000000e+00
0.000000000000000000e+00
0.000000000000000000e+00
0.000000000000000000e+00
0.000000000000000000e+00
0.000000000000000000e+00
0.000000000000000000e+00
0.000000000000000000e+00
0.000000000000000000e+00
0.000000000000000000e+00
0.000000000000000000e+00
0.000000000000000000e+00
0.000000000000000000e+00
0.000000000000000000e+00
0.000000000000000000e+00
0.000000000000000000e+00
0.000000000000000000e+00
0.000000000000000000e+00
0.000000000000000000e+00
0.000000000000000000e+00
0.000000000000000000e+00
0.000000000000000000e+00
0.000000000000000000e+00
0.000000000000000000e+00
0.000000000000000000e+00
0.000000000000000000e+00
0.000000000000000000e+00
0.000000000000000000e+00
0.000000000000000000e+00
0.000000000000000000e+00
0.000000000000000000e+00
0.000000000000000000e+00
0.000000000000000000e+00
0.000000000000000000e+00
0.000000000000000000e+00
0.000000000000000000e+00
0.000000000000000000e+00
0.000000000000000000e+00
0.000000000000000000e+00
0.000000000000000000e+00
0.000000000000000000e+00
0.000000000000000000e+00
0.000000000000000000e+00
0.000000000000000000e+00
0.000000000000000000e+00
0.000000000000000000e+00
0.000000000000000000e+00
0.000000000000000000e+00
0.000000000000000000e+00
0.000000000000000000e+00
0.000000000000000000e+00
0.000000000000000000e+00
0.000000000000000000e+00
0.000000000000000000e+00
0.000000000000000000e+00
0.000000000000000000e+00
0.000000000000000000e+00
0.000000000000000000e+00
0.000000000000000000e+00
0.000000000000000000e+00
0.000000000000000000e+00
0.000000000000000000e+00
0.000000000000000000e+00
0.000000000000000000e+00
0.000000000000000000e+00
0.000000000000000000e+00
0.000000000000000000e+00
0.000000000000000000e+00
0.000000000000000000e+00
0.000000000000000000e+00
0.000000000000000000e+00
0.000000000000000000e+00
0.000000000000000000e+00
0.000000000000000000e+00
0.000000000000000000e+00
0.000000000000000000e+00
0.000000000000000000e+00
0.000000000000000000e+00
0.000000000000000000e+00
0.000000000000000000e+00
0.000000000000000000e+00
0.000000000000000000e+00
0.000000000000000000e+00
0.000000000000000000e+00
0.000000000000000000e+00
0.000000000000000000e+00
0.000000000000000000e+00
0.000000000000000000e+00
0.000000000000000000e+00
0.000000000000000000e+00
0.000000000000000000e+00
0.000000000000000000e+00
0.000000000000000000e+00
0.000000000000000000e+00
0.000000000000000000e+00
0.000000000000000000e+00
0.000000000000000000e+00
0.000000000000000000e+00
0.000000000000000000e+00
0.000000000000000000e+00
0.000000000000000000e+00
0.000000000000000000e+00
0.000000000000000000e+00
0.000000000000000000e+00
0.000000000000000000e+00
0.000000000000000000e+00
0.000000000000000000e+00
0.000000000000000000e+00
0.000000000000000000e+00
0.000000000000000000e+00
0.000000000000000000e+00
0.000000000000000000e+00
0.000000000000000000e+00
0.000000000000000000e+00
0.000000000000000000e+00
0.000000000000000000e+00
0.000000000000000000e+00
0.000000000000000000e+00
0.000000000000000000e+00
0.000000000000000000e+00
0.000000000000000000e+00
0.000000000000000000e+00
0.000000000000000000e+00
0.000000000000000000e+00
0.000000000000000000e+00
0.000000000000000000e+00
0.000000000000000000e+00
0.000000000000000000e+00
0.000000000000000000e+00
0.000000000000000000e+00
0.000000000000000000e+00
0.000000000000000000e+00
0.000000000000000000e+00
0.000000000000000000e+00
0.000000000000000000e+00
0.000000000000000000e+00
0.000000000000000000e+00
0.000000000000000000e+00
0.000000000000000000e+00
0.000000000000000000e+00
0.000000000000000000e+00
0.000000000000000000e+00
0.000000000000000000e+00
0.000000000000000000e+00
0.000000000000000000e+00
0.000000000000000000e+00
0.000000000000000000e+00
0.000000000000000000e+00
0.000000000000000000e+00
0.000000000000000000e+00
0.000000000000000000e+00
0.000000000000000000e+00
0.000000000000000000e+00
0.000000000000000000e+00
0.000000000000000000e+00
0.000000000000000000e+00
0.000000000000000000e+00
0.000000000000000000e+00
0.000000000000000000e+00
0.000000000000000000e+00
0.000000000000000000e+00
0.000000000000000000e+00
0.000000000000000000e+00
0.000000000000000000e+00
0.000000000000000000e+00
0.000000000000000000e+00
0.000000000000000000e+00
0.000000000000000000e+00
0.000000000000000000e+00
0.000000000000000000e+00
0.000000000000000000e+00
0.000000000000000000e+00
0.000000000000000000e+00
0.000000000000000000e+00
0.000000000000000000e+00
0.000000000000000000e+00
0.000000000000000000e+00
0.000000000000000000e+00
0.000000000000000000e+00
0.000000000000000000e+00
0.000000000000000000e+00
0.000000000000000000e+00
0.000000000000000000e+00
0.000000000000000000e+00
0.000000000000000000e+00
0.000000000000000000e+00
0.000000000000000000e+00
0.000000000000000000e+00
0.000000000000000000e+00
0.000000000000000000e+00
0.000000000000000000e+00
0.000000000000000000e+00
0.000000000000000000e+00
0.000000000000000000e+00
0.000000000000000000e+00
0.000000000000000000e+00
0.000000000000000000e+00
0.000000000000000000e+00
0.000000000000000000e+00
0.000000000000000000e+00
0.000000000000000000e+00
0.000000000000000000e+00
0.000000000000000000e+00
0.000000000000000000e+00
0.000000000000000000e+00
0.000000000000000000e+00
0.000000000000000000e+00
0.000000000000000000e+00
0.000000000000000000e+00
0.000000000000000000e+00
0.000000000000000000e+00
0.000000000000000000e+00
0.000000000000000000e+00
0.000000000000000000e+00
0.000000000000000000e+00
0.000000000000000000e+00
0.000000000000000000e+00
0.000000000000000000e+00
0.000000000000000000e+00
0.000000000000000000e+00
0.000000000000000000e+00
0.000000000000000000e+00
0.000000000000000000e+00
0.000000000000000000e+00
0.000000000000000000e+00
0.000000000000000000e+00
0.000000000000000000e+00
0.000000000000000000e+00
0.000000000000000000e+00
0.000000000000000000e+00
0.000000000000000000e+00
0.000000000000000000e+00
0.000000000000000000e+00
0.000000000000000000e+00
0.000000000000000000e+00
0.000000000000000000e+00
0.000000000000000000e+00
0.000000000000000000e+00
0.000000000000000000e+00
0.000000000000000000e+00
0.000000000000000000e+00
0.000000000000000000e+00
0.000000000000000000e+00
0.000000000000000000e+00
0.000000000000000000e+00
0.000000000000000000e+00
0.000000000000000000e+00
0.000000000000000000e+00
0.000000000000000000e+00
0.000000000000000000e+00
0.000000000000000000e+00
0.000000000000000000e+00
0.000000000000000000e+00
0.000000000000000000e+00
0.000000000000000000e+00
0.000000000000000000e+00
0.000000000000000000e+00
0.000000000000000000e+00
0.000000000000000000e+00
0.000000000000000000e+00
0.000000000000000000e+00
0.000000000000000000e+00
0.000000000000000000e+00
0.000000000000000000e+00
0.000000000000000000e+00
0.000000000000000000e+00
0.000000000000000000e+00
0.000000000000000000e+00
0.000000000000000000e+00
0.000000000000000000e+00
0.000000000000000000e+00
0.000000000000000000e+00
0.000000000000000000e+00
0.000000000000000000e+00
0.000000000000000000e+00
0.000000000000000000e+00
0.000000000000000000e+00
0.000000000000000000e+00
0.000000000000000000e+00
0.000000000000000000e+00
0.000000000000000000e+00
0.000000000000000000e+00
0.000000000000000000e+00
0.000000000000000000e+00
0.000000000000000000e+00
0.000000000000000000e+00
0.000000000000000000e+00
0.000000000000000000e+00
0.000000000000000000e+00
0.000000000000000000e+00
0.000000000000000000e+00
0.000000000000000000e+00
0.000000000000000000e+00
0.000000000000000000e+00
0.000000000000000000e+00
0.000000000000000000e+00
0.000000000000000000e+00
0.000000000000000000e+00
0.000000000000000000e+00
0.000000000000000000e+00
0.000000000000000000e+00
0.000000000000000000e+00
0.000000000000000000e+00
0.000000000000000000e+00
0.000000000000000000e+00
0.000000000000000000e+00
0.000000000000000000e+00
0.000000000000000000e+00
0.000000000000000000e+00
0.000000000000000000e+00
0.000000000000000000e+00
0.000000000000000000e+00
0.000000000000000000e+00
0.000000000000000000e+00
0.000000000000000000e+00
0.000000000000000000e+00
0.000000000000000000e+00
0.000000000000000000e+00
0.000000000000000000e+00
0.000000000000000000e+00
0.000000000000000000e+00
0.000000000000000000e+00
0.000000000000000000e+00
0.000000000000000000e+00
0.000000000000000000e+00
0.000000000000000000e+00
0.000000000000000000e+00
0.000000000000000000e+00
0.000000000000000000e+00
0.000000000000000000e+00
0.000000000000000000e+00
0.000000000000000000e+00
0.000000000000000000e+00
0.000000000000000000e+00
0.000000000000000000e+00
0.000000000000000000e+00
0.000000000000000000e+00
0.000000000000000000e+00
0.000000000000000000e+00
0.000000000000000000e+00
0.000000000000000000e+00
0.000000000000000000e+00
0.000000000000000000e+00
0.000000000000000000e+00
0.000000000000000000e+00
0.000000000000000000e+00
0.000000000000000000e+00
0.000000000000000000e+00
0.000000000000000000e+00
0.000000000000000000e+00
0.000000000000000000e+00
0.000000000000000000e+00
0.000000000000000000e+00
0.000000000000000000e+00
0.000000000000000000e+00
0.000000000000000000e+00
0.000000000000000000e+00
0.000000000000000000e+00
0.000000000000000000e+00
0.000000000000000000e+00
0.000000000000000000e+00
0.000000000000000000e+00
0.000000000000000000e+00
0.000000000000000000e+00
0.000000000000000000e+00
0.000000000000000000e+00
0.000000000000000000e+00
0.000000000000000000e+00
0.000000000000000000e+00
0.000000000000000000e+00
0.000000000000000000e+00
0.000000000000000000e+00
0.000000000000000000e+00
0.000000000000000000e+00
0.000000000000000000e+00
0.000000000000000000e+00
0.000000000000000000e+00
0.000000000000000000e+00
0.000000000000000000e+00
0.000000000000000000e+00
0.000000000000000000e+00
0.000000000000000000e+00
0.000000000000000000e+00
0.000000000000000000e+00
0.000000000000000000e+00
0.000000000000000000e+00
0.000000000000000000e+00
0.000000000000000000e+00
0.000000000000000000e+00
0.000000000000000000e+00
0.000000000000000000e+00
0.000000000000000000e+00
0.000000000000000000e+00
0.000000000000000000e+00
0.000000000000000000e+00
0.000000000000000000e+00
0.000000000000000000e+00
0.000000000000000000e+00
0.000000000000000000e+00
0.000000000000000000e+00
0.000000000000000000e+00
0.000000000000000000e+00
0.000000000000000000e+00
0.000000000000000000e+00
0.000000000000000000e+00
0.000000000000000000e+00
0.000000000000000000e+00
0.000000000000000000e+00
0.000000000000000000e+00
0.000000000000000000e+00
0.000000000000000000e+00
0.000000000000000000e+00
0.000000000000000000e+00
0.000000000000000000e+00
0.000000000000000000e+00
0.000000000000000000e+00
0.000000000000000000e+00
0.000000000000000000e+00
0.000000000000000000e+00
0.000000000000000000e+00
0.000000000000000000e+00
0.000000000000000000e+00
0.000000000000000000e+00
0.000000000000000000e+00
0.000000000000000000e+00
0.000000000000000000e+00
0.000000000000000000e+00
0.000000000000000000e+00
0.000000000000000000e+00
0.000000000000000000e+00
0.000000000000000000e+00
0.000000000000000000e+00
0.000000000000000000e+00
0.000000000000000000e+00
0.000000000000000000e+00
0.000000000000000000e+00
0.000000000000000000e+00
0.000000000000000000e+00
0.000000000000000000e+00
0.000000000000000000e+00
0.000000000000000000e+00
0.000000000000000000e+00
0.000000000000000000e+00
0.000000000000000000e+00
0.000000000000000000e+00
0.000000000000000000e+00
0.000000000000000000e+00
0.000000000000000000e+00
0.000000000000000000e+00
0.000000000000000000e+00
0.000000000000000000e+00
0.000000000000000000e+00
0.000000000000000000e+00
0.000000000000000000e+00
0.000000000000000000e+00
0.000000000000000000e+00
0.000000000000000000e+00
0.000000000000000000e+00
0.000000000000000000e+00
0.000000000000000000e+00
0.000000000000000000e+00
0.000000000000000000e+00
0.000000000000000000e+00
0.000000000000000000e+00
0.000000000000000000e+00
0.000000000000000000e+00
0.000000000000000000e+00
0.000000000000000000e+00
0.000000000000000000e+00
0.000000000000000000e+00
0.000000000000000000e+00
0.000000000000000000e+00
0.000000000000000000e+00
0.000000000000000000e+00
0.000000000000000000e+00
0.000000000000000000e+00
0.000000000000000000e+00
0.000000000000000000e+00
0.000000000000000000e+00
0.000000000000000000e+00
0.000000000000000000e+00
0.000000000000000000e+00
0.000000000000000000e+00
0.000000000000000000e+00
0.000000000000000000e+00
0.000000000000000000e+00
0.000000000000000000e+00
0.000000000000000000e+00
0.000000000000000000e+00
0.000000000000000000e+00
0.000000000000000000e+00
0.000000000000000000e+00
0.000000000000000000e+00
0.000000000000000000e+00
0.000000000000000000e+00
0.000000000000000000e+00
0.000000000000000000e+00
0.000000000000000000e+00
0.000000000000000000e+00
0.000000000000000000e+00
0.000000000000000000e+00
0.000000000000000000e+00
0.000000000000000000e+00
0.000000000000000000e+00
0.000000000000000000e+00
0.000000000000000000e+00
0.000000000000000000e+00
0.000000000000000000e+00
0.000000000000000000e+00
0.000000000000000000e+00
0.000000000000000000e+00
0.000000000000000000e+00
0.000000000000000000e+00
0.000000000000000000e+00
0.000000000000000000e+00
0.000000000000000000e+00
0.000000000000000000e+00
0.000000000000000000e+00
0.000000000000000000e+00
0.000000000000000000e+00
0.000000000000000000e+00
0.000000000000000000e+00
0.000000000000000000e+00
0.000000000000000000e+00
0.000000000000000000e+00
0.000000000000000000e+00
0.000000000000000000e+00
0.000000000000000000e+00
0.000000000000000000e+00
0.000000000000000000e+00
0.000000000000000000e+00
0.000000000000000000e+00
0.000000000000000000e+00
0.000000000000000000e+00
0.000000000000000000e+00
0.000000000000000000e+00
0.000000000000000000e+00
0.000000000000000000e+00
0.000000000000000000e+00
0.000000000000000000e+00
0.000000000000000000e+00
0.000000000000000000e+00
0.000000000000000000e+00
0.000000000000000000e+00
0.000000000000000000e+00
0.000000000000000000e+00
0.000000000000000000e+00
0.000000000000000000e+00
0.000000000000000000e+00
0.000000000000000000e+00
0.000000000000000000e+00
0.000000000000000000e+00
0.000000000000000000e+00
0.000000000000000000e+00
0.000000000000000000e+00
0.000000000000000000e+00
0.000000000000000000e+00
0.000000000000000000e+00
0.000000000000000000e+00
0.000000000000000000e+00
0.000000000000000000e+00
0.000000000000000000e+00
0.000000000000000000e+00
0.000000000000000000e+00
0.000000000000000000e+00
0.000000000000000000e+00
0.000000000000000000e+00
0.000000000000000000e+00
0.000000000000000000e+00
0.000000000000000000e+00
0.000000000000000000e+00
0.000000000000000000e+00
0.000000000000000000e+00
0.000000000000000000e+00
0.000000000000000000e+00
0.000000000000000000e+00
0.000000000000000000e+00
0.000000000000000000e+00
0.000000000000000000e+00
0.000000000000000000e+00
0.000000000000000000e+00
0.000000000000000000e+00
0.000000000000000000e+00
0.000000000000000000e+00
0.000000000000000000e+00
0.000000000000000000e+00
0.000000000000000000e+00
0.000000000000000000e+00
0.000000000000000000e+00
0.000000000000000000e+00
0.000000000000000000e+00
0.000000000000000000e+00
0.000000000000000000e+00
0.000000000000000000e+00
0.000000000000000000e+00
0.000000000000000000e+00
0.000000000000000000e+00
0.000000000000000000e+00
0.000000000000000000e+00
0.000000000000000000e+00
0.000000000000000000e+00
0.000000000000000000e+00
0.000000000000000000e+00
0.000000000000000000e+00
0.000000000000000000e+00
0.000000000000000000e+00
0.000000000000000000e+00
0.000000000000000000e+00
0.000000000000000000e+00
0.000000000000000000e+00
0.000000000000000000e+00
0.000000000000000000e+00
0.000000000000000000e+00
0.000000000000000000e+00
0.000000000000000000e+00
0.000000000000000000e+00
0.000000000000000000e+00
0.000000000000000000e+00
0.000000000000000000e+00
0.000000000000000000e+00
0.000000000000000000e+00
0.000000000000000000e+00
0.000000000000000000e+00
0.000000000000000000e+00
0.000000000000000000e+00
0.000000000000000000e+00
0.000000000000000000e+00
0.000000000000000000e+00
0.000000000000000000e+00
0.000000000000000000e+00
0.000000000000000000e+00
0.000000000000000000e+00
0.000000000000000000e+00
0.000000000000000000e+00
0.000000000000000000e+00
0.000000000000000000e+00
0.000000000000000000e+00
0.000000000000000000e+00
0.000000000000000000e+00
0.000000000000000000e+00
0.000000000000000000e+00
0.000000000000000000e+00
0.000000000000000000e+00
0.000000000000000000e+00
0.000000000000000000e+00
0.000000000000000000e+00
0.000000000000000000e+00
0.000000000000000000e+00
0.000000000000000000e+00
0.000000000000000000e+00
0.000000000000000000e+00
0.000000000000000000e+00
0.000000000000000000e+00
0.000000000000000000e+00
0.000000000000000000e+00
0.000000000000000000e+00
0.000000000000000000e+00
0.000000000000000000e+00
0.000000000000000000e+00
0.000000000000000000e+00
0.000000000000000000e+00
0.000000000000000000e+00
0.000000000000000000e+00
0.000000000000000000e+00
0.000000000000000000e+00
0.000000000000000000e+00
0.000000000000000000e+00
0.000000000000000000e+00
0.000000000000000000e+00
0.000000000000000000e+00
0.000000000000000000e+00
0.000000000000000000e+00
0.000000000000000000e+00
0.000000000000000000e+00
0.000000000000000000e+00
0.000000000000000000e+00
0.000000000000000000e+00
0.000000000000000000e+00
0.000000000000000000e+00
0.000000000000000000e+00
0.000000000000000000e+00
0.000000000000000000e+00
0.000000000000000000e+00
0.000000000000000000e+00
0.000000000000000000e+00
0.000000000000000000e+00
0.000000000000000000e+00
0.000000000000000000e+00
0.000000000000000000e+00
0.000000000000000000e+00
0.000000000000000000e+00
0.000000000000000000e+00
0.000000000000000000e+00
0.000000000000000000e+00
0.000000000000000000e+00
0.000000000000000000e+00
0.000000000000000000e+00
0.000000000000000000e+00
0.000000000000000000e+00
0.000000000000000000e+00
0.000000000000000000e+00
0.000000000000000000e+00
0.000000000000000000e+00
0.000000000000000000e+00
0.000000000000000000e+00
0.000000000000000000e+00
0.000000000000000000e+00
0.000000000000000000e+00
0.000000000000000000e+00
0.000000000000000000e+00
0.000000000000000000e+00
0.000000000000000000e+00
0.000000000000000000e+00
0.000000000000000000e+00
0.000000000000000000e+00
0.000000000000000000e+00
0.000000000000000000e+00
0.000000000000000000e+00
0.000000000000000000e+00
0.000000000000000000e+00
0.000000000000000000e+00
0.000000000000000000e+00
0.000000000000000000e+00
0.000000000000000000e+00
0.000000000000000000e+00
0.000000000000000000e+00
0.000000000000000000e+00
0.000000000000000000e+00
0.000000000000000000e+00
0.000000000000000000e+00
0.000000000000000000e+00
0.000000000000000000e+00
0.000000000000000000e+00
0.000000000000000000e+00
0.000000000000000000e+00
0.000000000000000000e+00
0.000000000000000000e+00
0.000000000000000000e+00
0.000000000000000000e+00
0.000000000000000000e+00
0.000000000000000000e+00
0.000000000000000000e+00
0.000000000000000000e+00
0.000000000000000000e+00
0.000000000000000000e+00
0.000000000000000000e+00
0.000000000000000000e+00
0.000000000000000000e+00
0.000000000000000000e+00
0.000000000000000000e+00
0.000000000000000000e+00
0.000000000000000000e+00
0.000000000000000000e+00
0.000000000000000000e+00
0.000000000000000000e+00
0.000000000000000000e+00
0.000000000000000000e+00
0.000000000000000000e+00
0.000000000000000000e+00
0.000000000000000000e+00
0.000000000000000000e+00
0.000000000000000000e+00
0.000000000000000000e+00
0.000000000000000000e+00
0.000000000000000000e+00
0.000000000000000000e+00
0.000000000000000000e+00
0.000000000000000000e+00
0.000000000000000000e+00
0.000000000000000000e+00
0.000000000000000000e+00
0.000000000000000000e+00
0.000000000000000000e+00
0.000000000000000000e+00
0.000000000000000000e+00
0.000000000000000000e+00
0.000000000000000000e+00
0.000000000000000000e+00
0.000000000000000000e+00
0.000000000000000000e+00
0.000000000000000000e+00
0.000000000000000000e+00
0.000000000000000000e+00
0.000000000000000000e+00
0.000000000000000000e+00
0.000000000000000000e+00
0.000000000000000000e+00
0.000000000000000000e+00
0.000000000000000000e+00
0.000000000000000000e+00
0.000000000000000000e+00
0.000000000000000000e+00
0.000000000000000000e+00
0.000000000000000000e+00
0.000000000000000000e+00
0.000000000000000000e+00
0.000000000000000000e+00
0.000000000000000000e+00
0.000000000000000000e+00
0.000000000000000000e+00
0.000000000000000000e+00
0.000000000000000000e+00
0.000000000000000000e+00
0.000000000000000000e+00
0.000000000000000000e+00
0.000000000000000000e+00
0.000000000000000000e+00
0.000000000000000000e+00
0.000000000000000000e+00
0.000000000000000000e+00
0.000000000000000000e+00
0.000000000000000000e+00
0.000000000000000000e+00
0.000000000000000000e+00
0.000000000000000000e+00
0.000000000000000000e+00
0.000000000000000000e+00
0.000000000000000000e+00
0.000000000000000000e+00
0.000000000000000000e+00
0.000000000000000000e+00
0.000000000000000000e+00
0.000000000000000000e+00
0.000000000000000000e+00
0.000000000000000000e+00
0.000000000000000000e+00
0.000000000000000000e+00
0.000000000000000000e+00
0.000000000000000000e+00
0.000000000000000000e+00
0.000000000000000000e+00
0.000000000000000000e+00
0.000000000000000000e+00
0.000000000000000000e+00
0.000000000000000000e+00
0.000000000000000000e+00
0.000000000000000000e+00
0.000000000000000000e+00
0.000000000000000000e+00
0.000000000000000000e+00
0.000000000000000000e+00
0.000000000000000000e+00
0.000000000000000000e+00
0.000000000000000000e+00
0.000000000000000000e+00
0.000000000000000000e+00
0.000000000000000000e+00
0.000000000000000000e+00
0.000000000000000000e+00
0.000000000000000000e+00
0.000000000000000000e+00
0.000000000000000000e+00
0.000000000000000000e+00
0.000000000000000000e+00
0.000000000000000000e+00
0.000000000000000000e+00
0.000000000000000000e+00
0.000000000000000000e+00
0.000000000000000000e+00
0.000000000000000000e+00
0.000000000000000000e+00
0.000000000000000000e+00
0.000000000000000000e+00
0.000000000000000000e+00
0.000000000000000000e+00
0.000000000000000000e+00
0.000000000000000000e+00
0.000000000000000000e+00
0.000000000000000000e+00
0.000000000000000000e+00
