2.145202708888864496e-01
3.002649564486757280e-02
1.319628171858908128e-02
1.104968306165722558e-02
1.145106742226554425e-02
1.227090803596679082e-02
1.308848529396079360e-02
1.383722039012323310e-02
1.451641793751547692e-02
1.513164122047520703e-02
1.568569498755012157e-02
1.617896826000756252e-02
1.661067123072980725e-02
1.697972079078321345e-02
1.728527778363640396e-02
1.752704799579043668e-02
1.770542519699619746e-02
1.782152726584528002e-02
1.787716152422636276e-02
1.787474629037411056e-02
1.781720890942105687e-02
1.770787499223959449e-02
1.755035902079429833e-02
1.734846281270015222e-02
1.710608553038317839e-02
1.682714687794456196e-02
1.651552372624876669e-02
1.617499950904364298e-02
1.580922521330992842e-02
1.542169053669546763e-02
1.501570371642582148e-02
1.459437858096830631e-02
1.416062748962800509e-02
1.371715897255703330e-02
1.326647904209324498e-02
1.281089530195286819e-02
1.235252312553343154e-02
1.189329330439461291e-02
1.143496068145719025e-02
1.097911338079187761e-02
1.052718232818031750e-02
1.008045082549374923e-02
9.640063999066250666e-03
9.207037989319211135e-03
8.782268787450392411e-03
8.366540656373600005e-03
7.960534098416594331e-03
7.564833352496926587e-03
7.179933419376138305e-03
6.806246625782452070e-03
6.444108747230737830e-03
6.093784715714126513e-03
5.755473942502242583e-03
5.429315288418287179e-03
5.115391714516924308e-03
4.813734645355872109e-03
4.524328075331359410e-03
4.247112446093672354e-03
3.981988320109116838e-03
3.728819872197686441e-03
3.487438217530051086e-03
3.257644591262522094e-03
3.039213391843065184e-03
2.831895097124989547e-03
2.635419059841934315e-03
2.449496186766036889e-03
2.273821504010597669e-03
2.108076609448878477e-03
1.951932012089678623e-03
1.805049357454061552e-03
1.667083537505384579e-03
1.537684683460087236e-03
1.416500039812073133e-03
1.303175718099673424e-03
1.197358329293140861e-03
1.098696494147208963e-03
1.006842231414035050e-03
9.214522244174210746e-04
8.421889671238808788e-04
7.687217914871578113e-04
7.007277784715842343e-04
6.378925557612182256e-04
5.799109857228340820e-04
5.264877477032858582e-04
4.773378191975577033e-04
4.321868608190295954e-04
3.907715103349995635e-04
3.528395912974516225e-04
3.181502420014310556e-04
2.864739706430936578e-04
2.575926426285841996e-04
2.312994060067771849e-04
2.073985609672428405e-04
1.857053792640244946e-04
1.660458793003298408e-04
1.482565624437864893e-04
1.321841159418386835e-04
1.176850875763071636e-04
1.046255369409312876e-04
9.288066794973524117e-05
8.233444689252468278e-05
7.287921005079238401e-05
6.441526457694327957e-05
5.685048602605658570e-05
5.009991561550027116e-05
4.408535997732397291e-05
3.873499586377611263e-05
3.398298197052507675e-05
2.976907975694511341e-05
2.603828487039892432e-05
2.274047052285220642e-05
1.983004392510856747e-05
1.726561665682088735e-05
1.500968964032584018e-05
1.302835319310211786e-05
1.129100245796218612e-05
9.770068351410209510e-06
8.440764028746731640e-06
7.280846739364131054e-06
6.270394836142874593e-06
5.391599608628517537e-06
4.628571529897723199e-06
3.967160440503162522e-06
3.394789139269393509e-06
2.900299808440776188e-06
2.473812669232794341e-06
2.106596241916818404e-06
1.790948571363597982e-06
1.520088773553427502e-06
1.288058259682501342e-06
1.089631001826997893e-06
9.202322162460959669e-07
7.758648568420541404e-07
6.530433312838609531e-07
5.487338750808254640e-07
4.603010437470847377e-07
3.854598099068283983e-07
3.222327797386424986e-07
2.689120715783923045e-07
2.240254280689639006e-07
1.863061617124015362e-07
1.546665618768130509e-07
1.281744187360710763e-07
1.060323463491653018e-07
8.755961266862289383e-08
7.217620892068525197e-08
5.938891398521404299e-08
4.877913157484242515e-08
3.999229858982557020e-08
3.272868248122843416e-08
2.673540342727287972e-08
2.179953382178915191e-08
1.774214295863862373e-08
1.441316895520472118e-08
1.168701288737044081e-08
9.458761845001845406e-09
7.640958411163280845e-09
6.160843635218623585e-09
4.958009372971233391e-09
3.982403695132274699e-09
3.192640000504021257e-09
2.554566831029530024e-09
2.040060893804533805e-09
1.626010710492798962e-09
1.293462728394233733e-09
1.026905529182222224e-09
8.136711204824260733e-10
6.434353283555539649e-10
5.078017762500475336e-10
3.999562939931715472e-10
3.143804489255961880e-10
2.466146278568641479e-10
1.930625550608154415e-10
1.508303561242004028e-10
1.175943612841606401e-10
9.149277338000070226e-11
7.103708305170274060e-11
5.503981100995407711e-11
4.255569099510208281e-11
3.283391559375687027e-11
2.527943354053819428e-11
1.942168927175315393e-11
1.488939182185027725e-11
1.139022786229836584e-11
8.694580288796288208e-12
6.622482291106279650e-12
5.033198566304068310e-12
3.816925011116824287e-12
2.888180874385273557e-12
2.180578784856948008e-12
1.642670205554876495e-12
1.234682867055561294e-12
9.259371301429933855e-13
6.928260846976174518e-13
5.172241168931559732e-13
3.852449325749559852e-13
2.862844053446902368e-13
2.122529741037884593e-13
1.570000981453201518e-13
1.158590707476781012e-13
8.529830390691552637e-14
6.264944533695427004e-14
4.590734808437698008e-14
3.355802001398774171e-14
2.447141193841327910e-14
1.780239929114723337e-14
1.291989357514860043e-14
9.353154463062112821e-15
6.754519288099806134e-15
4.865477940416310205e-15
3.496889605542858954e-15
2.506322456047373011e-15
1.791120563651431337e-15
1.277957387522281219e-15
9.091833181790423051e-16
6.443080928235062955e-16
4.558062147511786729e-16
3.218003367783103161e-16
2.267657241891412799e-16
1.587094624443232992e-16
1.107594571444217957e-16
7.816307343710813169e-17
5.408427273411023540e-17
3.758985956468482037e-17
2.574152175447999760e-17
1.821194843636225755e-17
1.249634977872672604e-17
8.538535880791391204e-18
5.960334061343169965e-18
4.228345920582015340e-18
3.069746004291140055e-18
1.733294731841502520e-18
1.208395254437227678e-18
1.087982696267630620e-18
6.317574745610905994e-19
8.215175198300808966e-19
3.403698757472912552e-19
4.219993071634361880e-19
1.838579693708456159e-19
1.313492442219858041e-19
3.913397548083619581e-19
1.069800078372079349e-19
1.719049936013513242e-19
1.693683358175920398e-19
0.000000000000000000e+00
5.211161606823414924e-20
0.000000000000000000e+00
3.314534586143789360e-19
0.000000000000000000e+00
1.371531944565169654e-19
5.284433713062043851e-19
7.348387225567271194e-20
7.202531636843671407e-19
0.000000000000000000e+00
2.427514254358452998e-19
6.087803630635630044e-20
2.421031977277589953e-19
5.419412144007210581e-20
4.613124403603360936e-20
1.394402989541862064e-19
4.335950118707003555e-19
0.000000000000000000e+00
4.214844298344751766e-20
3.949840612522968272e-20
0.000000000000000000e+00
3.222193226322846647e-19
3.384906022989001593e-19
5.341943706741467654e-19
6.540953768494157515e-20
0.000000000000000000e+00
4.228947833044313365e-19
0.000000000000000000e+00
4.244416368877793535e-19
0.000000000000000000e+00
2.319325484909172570e-19
5.291349203834619283e-19
1.597475113461865921e-19
4.915238923844409513e-20
1.375315977904722732e-19
4.414159802746425233e-20
3.266161580089598288e-19
2.417049751991804840e-19
1.383143491469795773e-19
1.366354650042560131e-19
3.898375080456332039e-20
0.000000000000000000e+00
2.212682455771958925e-19
3.475288334069521778e-20
0.000000000000000000e+00
2.156369863646131126e-19
5.109423992024213128e-19
2.342900039328611771e-19
0.000000000000000000e+00
2.402445297113643286e-20
2.226646806903101659e-20
5.022551783396192241e-19
1.329711364481538687e-19
0.000000000000000000e+00
5.031821975196707365e-19
4.223686371485693728e-19
3.747662926530073182e-20
2.641326432135791842e-20
4.095355864210024629e-19
3.449906288835500033e-20
1.207337075898516360e-19
2.527961293220006140e-20
2.067361344494513498e-20
1.824195454014236913e-20
0.000000000000000000e+00
1.099035536355028005e-19
1.495395446183191754e-20
3.003838985464342632e-19
2.102235602823268665e-19
1.431511217322598538e-20
1.082493021044948610e-20
4.914190044761749328e-19
0.000000000000000000e+00
3.970701349468395363e-19
1.131400886801589734e-19
3.035710037061472247e-19
0.000000000000000000e+00
4.943506848391454385e-19
0.000000000000000000e+00
0.000000000000000000e+00
0.000000000000000000e+00
4.915115461907391092e-19
2.087600190108553976e-19
1.097067945855888504e-19
0.000000000000000000e+00
2.018730781391370084e-19
2.028784201135112594e-19
3.953763074893049725e-19
2.046946820600090348e-19
0.000000000000000000e+00
7.551027056043139542e-21
0.000000000000000000e+00
4.271756923591203167e-21
2.997323062641122415e-21
1.948055442103575529e-19
4.841541194749555863e-19
4.720971151317065668e-21
0.000000000000000000e+00
1.945606914349535717e-19
1.850083118231521218e-21
1.935955431266972505e-19
5.510066654920429939e-22
4.908146561190999382e-23
5.525890793221400352e-24
5.640953720996207706e-25
7.886833702142970816e-26
1.156680807349765801e-26
1.418634014760748892e-27
1.585286252205494592e-28
1.745867329810070351e-29
1.897769075362009883e-30
2.001892484433520436e-31
2.050094513234895092e-32
2.085773063843000065e-33
2.211649470383661114e-34
2.533960052533425638e-35
3.098729856429800146e-36
3.874406311452658519e-37
4.755864393312907397e-38
5.613768582897014063e-39
6.370326252660316371e-40
7.044183433900732624e-41
7.746303780426966959e-42
8.632405195946754074e-43
9.844751663416281066e-44
1.146925337416617595e-44
1.351522083512275675e-45
1.591657464939789751e-46
1.855517709161201734e-47
2.130524273815117262e-48
2.408677944009251210e-49
2.690597387003384348e-50
2.986316227447855060e-51
3.312394557415371001e-52
3.686685917171027314e-53
4.123323493898286734e-54
4.630611018592840012e-55
5.213270871971882931e-56
5.878235920074156047e-57
6.640962871628479876e-58
7.528447815630553640e-59
8.576462803340379612e-60
9.821483189314744430e-61
1.129080893313021912e-61
1.299599563330255455e-62
1.493459101566989924e-63
1.710491520356130942e-64
1.954246987926806789e-65
2.240451904511517876e-66
2.618849471512544518e-67
3.234835887618950713e-68
4.509833265253593471e-69
7.672069053378846960e-70
1.630928402090100062e-70
4.087014610063003786e-71
1.115905715386467372e-71
3.152636770330614643e-72
8.988568236576794100e-73
2.558769519665114603e-73
7.240722103105375495e-74
2.033068618239578325e-74
5.659839241049099922e-75
1.561646177926969063e-75
4.269779481601428242e-76
1.156696912363905049e-76
3.104443054242899739e-77
8.253932658468573472e-78
2.173781678141035574e-78
5.670401254246984619e-79
1.464939044594607731e-79
3.747986302440274140e-80
9.495406805311227995e-81
2.381937718543147215e-81
5.915782608446938045e-82
1.454528856668257626e-82
3.540167186748240244e-83
8.528625992479865399e-84
2.033529172308382516e-84
4.798434327341222178e-85
1.120438124047982439e-85
2.588667820804217681e-86
5.917325112594864920e-87
1.338120756127910801e-87
2.993268240339328388e-88
6.622709024466457794e-89
1.449186339195547799e-89
3.135953980766543128e-90
6.710114734052913985e-91
1.419588580289723181e-91
2.969096717459322057e-92
6.138638175597775815e-93
1.254473947439175653e-93
2.533662576652470702e-94
5.056948668836612572e-95
9.973224216606756669e-96
1.943318686090400135e-96
3.740826051827451028e-97
7.113104291687089105e-98
1.335892873070201322e-98
2.477747145354094199e-99
4.538024190533914503e-100
8.206389829672876127e-101
1.465087290436520087e-101
2.581967905313932297e-102
4.491212130126415863e-103
7.709931807451017217e-104
1.306050677948668830e-104
2.182929725981353558e-105
3.599455793660645058e-106
5.854608218264753126e-107
9.392229189143859363e-108
1.485917565441412028e-108
2.318038649071778678e-109
3.565255513034882766e-110
5.405652961023634255e-111
8.078598431282480366e-112
1.189861578878240980e-112
1.726915030417772584e-113
2.469451442960127284e-114
3.478766025894138969e-115
4.827082155261467289e-116
6.596563485223300496e-117
8.876924647713895975e-118
1.176133141503310739e-118
1.534038743219861215e-119
1.969418640514825926e-120
2.488266469839944901e-121
3.093480339296816220e-122
3.783756725767687142e-123
4.552578024380946328e-124
5.387436043252026216e-125
6.269440645522261325e-126
7.173448699991289644e-127
8.068810453345562947e-128
8.920769102715889871e-129
9.692470025996752611e-130
1.034744865082462531e-130
1.085238359683437563e-131
1.117983917030370239e-132
1.131069178793305516e-133
1.123594740015848927e-134
1.095771370880903824e-135
1.048918624920569280e-136
9.853628046970959468e-138
9.082449965188298977e-139
8.212612435620141881e-140
7.283650460727204666e-141
6.334659773484307168e-142
5.401568316597087831e-143
4.514958229469189883e-144
3.698611591737947838e-145
2.968845534719009965e-146
2.334597545410672590e-147
1.798135989440553261e-148
1.356214958410328378e-149
1.001470718503612215e-150
7.238669866829446463e-152
5.120306177558505744e-153
3.543678963685682471e-154
2.399039906468618999e-155
1.588354172751773702e-156
1.028217080717913675e-157
6.506528901463838551e-159
4.023825527551505354e-160
2.431369251093769026e-161
1.435093069718685502e-162
8.272190370977097376e-164
4.655483121168478564e-165
2.557430029421602089e-166
1.370966979412961628e-167
7.170053002987153311e-169
3.657431425952987889e-170
1.819169500616767248e-171
8.820563305357659764e-173
4.167993113879684363e-174
1.918866584825381969e-175
8.604537001757214152e-177
3.757086360185722902e-178
1.596944929935274733e-179
6.605657228679798631e-181
2.658274051467901130e-182
1.040421665654603513e-183
3.959234159376329903e-185
1.464432315560559962e-186
5.263149863850427832e-188
1.837385489537131345e-189
6.228600531264112680e-191
2.049611473448130176e-192
6.544799064400644424e-194
2.027286833943181729e-195
6.089422176318468555e-197
1.773063515117102349e-198
5.002677501736420695e-200
1.367258693161255220e-201
3.618312174760766819e-203
9.268358942383186347e-205
2.297060855939533147e-206
5.506090576908252941e-208
1.275970499034314784e-209
2.857500965622573169e-211
6.181578038917157535e-213
1.291204131099931723e-214
2.603064413547234380e-216
5.062647291991555362e-218
9.494624106599318880e-220
1.716271626987630394e-221
2.988816781600385495e-223
5.011992709823517190e-225
8.089247477457184894e-227
1.255962776831527873e-228
1.874978755531920151e-230
2.689938165002615842e-232
3.706682012606656836e-234
4.903332335242837291e-236
6.223306161538021890e-238
7.574091560505921090e-240
8.834253478255463485e-242
9.869245464890546369e-244
1.055387663166778256e-245
1.079660826185346370e-247
1.055934957859720345e-249
9.866938685313794862e-252
8.803139387156323839e-254
7.493942342869922386e-256
6.082771730487442530e-258
4.704404790042411630e-260
3.464224164178033650e-262
2.427078736615776022e-264
1.616623072173421596e-266
1.022922873975354271e-268
6.143839027464377626e-271
3.499808756103213852e-273
1.889260563596349044e-275
9.656248330634475231e-278
4.668851518017637826e-280
2.133548558451124517e-282
9.206210916431580803e-285
3.747392906037411595e-287
1.437540036941616609e-289
5.191747984456676867e-292
1.763430254133088623e-294
5.627158857023033795e-297
1.685109020383304966e-299
4.730232955381269789e-302
1.243214222158530316e-304
3.055599310148933799e-307
7.014490796586896174e-310
1.502073260886067990e-312
2.996471180976194907e-315
5.561143621711570152e-318
9.589814185778595422e-321
1.482196937523739633e-323
0.000000000000000000e+00
0.000000000000000000e+00
0.000000000000000000e+00
0.000000000000000000e+00
0.000000000000000000e+00
0.000000000000000000e+00
0.000000000000000000e+00
0.000000000000000000e+00
0.000000000000000000e+00
0.000000000000000000e+00
0.000000000000000000e+00
0.000000000000000000e+00
0.000000000000000000e+00
0.000000000000000000e+00
0.000000000000000000e+00
0.000000000000000000e+00
0.000000000000000000e+00
0.000000000000000000e+00
0.000000000000000000e+00
0.000000000000000000e+00
0.000000000000000000e+00
0.000000000000000000e+00
0.000000000000000000e+00
0.000000000000000000e+00
0.000000000000000000e+00
0.000000000000000000e+00
0.000000000000000000e+00
0.000000000000000000e+00
0.000000000000000000e+00
0.000000000000000000e+00
0.000000000000000000e+00
0.000000000000000000e+00
0.000000000000000000e+00
0.000000000000000000e+00
0.000000000000000000e+00
0.000000000000000000e+00
0.000000000000000000e+00
0.000000000000000000e+00
0.000000000000000000e+00
0.000000000000000000e+00
0.000000000000000000e+00
0.000000000000000000e+00
0.000000000000000000e+00
0.000000000000000000e+00
0.000000000000000000e+00
0.000000000000000000e+00
0.000000000000000000e+00
0.000000000000000000e+00
0.000000000000000000e+00
0.000000000000000000e+00
0.000000000000000000e+00
0.000000000000000000e+00
0.000000000000000000e+00
0.000000000000000000e+00
0.000000000000000000e+00
0.000000000000000000e+00
0.000000000000000000e+00
0.000000000000000000e+00
0.000000000000000000e+00
0.000000000000000000e+00
0.000000000000000000e+00
0.000000000000000000e+00
0.000000000000000000e+00
0.000000000000000000e+00
0.000000000000000000e+00
0.000000000000000000e+00
0.000000000000000000e+00
0.000000000000000000e+00
0.000000000000000000e+00
0.000000000000000000e+00
0.000000000000000000e+00
0.000000000000000000e+00
0.000000000000000000e+00
0.000000000000000000e+00
0.000000000000000000e+00
0.000000000000000000e+00
0.000000000000000000e+00
0.000000000000000000e+00
0.000000000000000000e+00
0.000000000000000000e+00
0.000000000000000000e+00
0.000000000000000000e+00
0.000000000000000000e+00
0.000000000000000000e+00
0.000000000000000000e+00
0.000000000000000000e+00
0.000000000000000000e+00
0.000000000000000000e+00
0.000000000000000000e+00
0.000000000000000000e+00
0.000000000000000000e+00
0.000000000000000000e+00
0.000000000000000000e+00
0.000000000000000000e+00
0.000000000000000000e+00
