2.142162866748648087e-01
2.876966559006160704e-02
1.104612383529493015e-02
8.246857481813705051e-03
8.190656940254789978e-03
8.670638703718690568e-03
9.211867946653046202e-03
9.721540870373303680e-03
1.019014980214932344e-02
1.062226691617889317e-02
1.102244286298581857e-02
1.139342361507239901e-02
1.173655006604195326e-02
1.205228672198011171e-02
1.234059907696461247e-02
1.260120382171494267e-02
1.283373620320385142e-02
1.303786302037178088e-02
1.321335769447476091e-02
1.336014741809631555e-02
1.347833915903752164e-02
1.356822960098884139e-02
1.363030309258472100e-02
1.366522096065245911e-02
1.367380495710176710e-02
1.365701709059439876e-02
1.361593762729894179e-02
1.355174262959033329e-02
1.346568204101754838e-02
1.335905902215746288e-02
1.323321099401708091e-02
1.308949264962238832e-02
1.292926104464124648e-02
1.275386276768872805e-02
1.256462311350866647e-02
1.236283713102124399e-02
1.214976238743063763e-02
1.192661327418561602e-02
1.169455667640532243e-02
1.145470883106822213e-02
1.120813320818296946e-02
1.095583926130211556e-02
1.069878190761316614e-02
1.043786161236832238e-02
1.017392496684316021e-02
9.907765662847432125e-03
9.640125779739234374e-03
9.371697311745048192e-03
9.103123874091432338e-03
8.835002536006565307e-03
8.567885737091260334e-03
8.302283250962145741e-03
8.038664166516976475e-03
7.777458862755863393e-03
7.519060957904359285e-03
7.263829217712306809e-03
7.012089411327145083e-03
6.764136106137710186e-03
6.520234395517614072e-03
6.280621555527922395e-03
6.045508628414048014e-03
5.815081932199327001e-03
5.589504496874050064e-03
5.368917428637690406e-03
5.153441204404188812e-03
4.943176899350633542e-03
4.738207350701557560e-03
4.538598261216776099e-03
4.344399246007703448e-03
4.155644826364203633e-03
3.972355374246069361e-03
3.794538010997144679e-03
3.622187463686607142e-03
3.455286882286035584e-03
3.293808620663068315e-03
3.137714984121844995e-03
2.986958945957966533e-03
2.841484835227603683e-03
2.701228997664602803e-03
2.566120431420620442e-03
2.436081399057168050e-03
2.311028016987729927e-03
2.190870823356263954e-03
2.075515325146594110e-03
1.964862525147512660e-03
1.858809429250479241e-03
1.757249534431177705e-03
1.660073297662029547e-03
1.567168585919273245e-03
1.478421107384174198e-03
1.393714823891861960e-03
1.312932344651552468e-03
1.235955301246899774e-03
1.162664703923173108e-03
1.092941279176983015e-03
1.026665788682779631e-03
9.637193296168422097e-04
9.039836164718731372e-04
8.473412444929046992e-04
7.936759349059542817e-04
7.428727621540206659e-04
6.948183633991805806e-04
6.494011305940825029e-04
6.065113854698020272e-04
5.660415378294427488e-04
5.278862275773304417e-04
4.919424509514279875e-04
4.581096714617601635e-04
4.262899160692760971e-04
3.963878571680767501e-04
3.683108809585172922e-04
3.419691428197986494e-04
3.172756103079052881e-04
2.941460944182673794e-04
2.724992697623398476e-04
2.522566843135607513e-04
2.333427593809776854e-04
2.156847804681191456e-04
1.992128796712287254e-04
1.838600102641425274e-04
1.695619141077640498e-04
1.562570825102075744e-04
1.438867111492982739e-04
1.323946496528676951e-04
1.217273464140069991e-04
1.118337891986002675e-04
1.026654420811192370e-04
9.417617922217941587e-05
8.632221597791269645e-05
7.906203780678455468e-05
7.235632741469615449e-05
6.616789055389543032e-05
6.046158086560535341e-05
5.520422413068881652e-05
5.036454226716015152e-05
4.591307738794980038e-05
4.182211620739162379e-05
3.806561506040363177e-05
3.461912577431438642e-05
3.145972261012273101e-05
2.856593046733057667e-05
2.591765452485372180e-05
2.349611146966655247e-05
2.128376244493175061e-05
1.926424783041474990e-05
1.742232395011405880e-05
1.574380178504750579e-05
1.421548775333923546e-05
1.282512660485393688e-05
1.156134646390840498e-05
1.041360604070505033e-05
9.372144020563860975e-06
8.427930629075079579e-06
7.572621361681922525e-06
6.798512857281628028e-06
6.098500887501038276e-06
5.466040426323745897e-06
4.895107758437558080e-06
4.380164579303168711e-06
3.916124035332254308e-06
3.498318648480235408e-06
3.122470066403606761e-06
2.784660576635026027e-06
2.481306321114594899e-06
2.209132145938886241e-06
1.965148020127240610e-06
1.746626956573299308e-06
1.551084368252653734e-06
1.376258792863722331e-06
1.220093919695415999e-06
1.080721853252941882e-06
9.564475493220983281e-07
8.457343604565905991e-07
7.471906293567343987e-07
6.595572703230052226e-07
5.816962807810584307e-07
5.125801267891695675e-07
4.512819485095737247e-07
3.969665336702185356e-07
3.488820092419137411e-07
3.063522036770442189e-07
2.687696343094662266e-07
2.355890766393410151e-07
2.063216744685656246e-07
1.805295519448604104e-07
1.578208907444316798e-07
1.378454376511826756e-07
1.202904098354145158e-07
1.048767670979708170e-07
9.135582224513647381e-08
7.950616255743732190e-08
6.913085715662189387e-08
6.005492667586770597e-08
5.212305330992912706e-08
4.519751083242320530e-08
3.915629564977491007e-08
3.389144134149293355e-08
2.930750041221485667e-08
2.532017830555687694e-08
2.185510579109469608e-08
1.884673700471983185e-08
1.623736142152905078e-08
1.397621900489329697e-08
1.201870865719021013e-08
1.032568097288220232e-08
8.862807012419563719e-09
7.600015593764648257e-09
6.510992223973038682e-09
5.572733443097810489e-09
4.765150893244992594e-09
4.070719972777499049e-09
3.474168408298935700e-09
2.962200526316638817e-09
2.523253409323130139e-09
2.147281493140806308e-09
1.825566509042912428e-09
1.550549978170217239e-09
1.315685743413700024e-09
1.115310301767928616e-09
9.445289085032472340e-10
7.991156538944126316e-10
6.754258961961507572e-10
5.703196024177292250e-10
4.810943396328954226e-10
4.054267313456763700e-10
3.413214033463267506e-10
2.870664871000099279e-10
2.411948957360385032e-10
2.024506540229327672e-10
1.697596689513529395e-10
1.422043624344627438e-10
1.190017039400685198e-10
9.948419632288129967e-11
8.308343730536105055e-11
6.931592739011067529e-11
5.777083285980668393e-11
4.809943629824694090e-11
4.000607146289219613e-11
3.324031512643316784e-11
2.759030055646184366e-11
2.287697280069245035e-11
1.894917314185792464e-11
1.567943077512519791e-11
1.296036969190500359e-11
1.070163798645359883e-11
8.827295926474758655e-12
7.273582587575141030e-12
5.987024257666523678e-12
4.922824060174032481e-12
4.043497644396116451e-12
3.317706712982924972e-12
2.719290127477833549e-12
2.226429094901362224e-12
1.820941475649498902e-12
1.487703514739908992e-12
1.214138283821493218e-12
9.898064469049025678e-13
8.060487172939329620e-13
6.556916432251914090e-13
5.328001430057382801e-13
4.324678590023157543e-13
3.506440833609225560e-13
2.839893828588455724e-13
2.297511785395401998e-13
1.856660489158665367e-13
1.498746294788549424e-13
1.208473333706052168e-13
9.733420467353604276e-14
7.830701823706270174e-14
6.292848413239326178e-14
5.051459458197962460e-14
4.050225214055178551e-14
3.243857211814256397e-14
2.595071157144340612e-14
2.073678437070026718e-14
1.655206353981263011e-14
1.319578245614942672e-14
1.050801577349373861e-14
8.358152113800312125e-15
6.640774979771009378e-15
5.269789443060452233e-15
4.177005828689386066e-15
3.307199375306391892e-15
2.615253034614789253e-15
2.065552135382692417e-15
1.629197546595559115e-15
1.283984241462743003e-15
1.010274019789187190e-15
7.940364680514373654e-16
6.236015861074142064e-16
4.892321505500019793e-16
3.827307887054287326e-16
2.990672585749897259e-16
2.337477748457871674e-16
1.820110859394445175e-16
1.423034978406531158e-16
1.104176814678830255e-16
8.559317448715229014e-17
6.666842317244756219e-17
5.165136553763473257e-17
3.986826002911269621e-17
3.084536709507594134e-17
2.407889553854943272e-17
1.845945608169942368e-17
1.434292585074079965e-17
1.097978459791555390e-17
8.453634097619715664e-18
6.507463192769256124e-18
4.893178328744143819e-18
3.901160628121388416e-18
2.968141025447031976e-18
2.446999919555728305e-18
1.888035337750392649e-18
1.362420315047848132e-18
1.043551335265414232e-18
1.089141836907767737e-18
5.495462951213066906e-19
6.591813370411255305e-19
5.211685243972788225e-19
4.885791809732936220e-19
1.572707174387268345e-19
4.826663694170897095e-19
0.000000000000000000e+00
2.613742717030392257e-20
1.706370846180481955e-21
3.816351425035578603e-19
2.387964476238426605e-19
1.594339015337594060e-19
0.000000000000000000e+00
1.833540024727321674e-19
1.948934540044229586e-19
3.080254282876357145e-19
2.074746480045046475e-19
0.000000000000000000e+00
6.132270184373683008e-20
0.000000000000000000e+00
5.532459608906143025e-20
5.590508251870692007e-20
1.108593226793501637e-19
3.442404933940476605e-19
8.666688306367133640e-20
0.000000000000000000e+00
1.632047678710602685e-19
6.338293440945502860e-20
1.085648764082268800e-19
0.000000000000000000e+00
0.000000000000000000e+00
4.320993496768955741e-20
2.703626549143091834e-19
3.516217507853506039e-19
7.940901247848458507e-20
5.098162431950423211e-20
0.000000000000000000e+00
2.121423960612485912e-19
4.024552596294518929e-19
1.973968799990172037e-19
1.785020051609924141e-19
3.468782711067457551e-19
1.958641337415108027e-19
3.526653660689285109e-19
0.000000000000000000e+00
2.831158585354227096e-19
3.637034131894976903e-19
9.118157705347620282e-20
1.218464986673686158e-19
4.086554655986470692e-19
2.102630150087294769e-19
0.000000000000000000e+00
4.025605466715227624e-19
9.745490675503066033e-20
1.833607730721853919e-19
2.000791693759419535e-20
4.024639857964989530e-19
0.000000000000000000e+00
6.406026928469087940e-20
1.195469801328320637e-19
1.811574854681538649e-19
0.000000000000000000e+00
0.000000000000000000e+00
5.364343673122667796e-20
1.670109987356646729e-19
4.027939508656829414e-19
7.924957366575479003e-20
5.569789864673258199e-20
5.114931035971955918e-20
4.880751173046295743e-20
5.006491089743658729e-19
8.672794352422062289e-20
1.100003816049772037e-19
5.419455226675662944e-20
0.000000000000000000e+00
2.697579072706142100e-19
0.000000000000000000e+00
4.392584776820036991e-19
2.462536141338379181e-19
1.769334776791215272e-19
5.339479989837445910e-20
4.572044473345583518e-20
4.352706533609281944e-20
0.000000000000000000e+00
0.000000000000000000e+00
0.000000000000000000e+00
3.430414966746032792e-20
3.360764652502499903e-20
3.186237325123022968e-20
8.679304990324979536e-20
3.397581944260560358e-20
8.476114411452821123e-20
1.450609321733862247e-19
0.000000000000000000e+00
2.490126017078331670e-20
3.073512582947360259e-19
1.584405744592328889e-19
0.000000000000000000e+00
1.383781517087750053e-19
2.563115476293513287e-19
2.648403152061241569e-19
4.378677984864425420e-20
0.000000000000000000e+00
1.388463586076166634e-19
1.471390420499605370e-19
3.490926447012091120e-20
2.539741004320272695e-19
2.122441039528761549e-19
3.251339497126345507e-19
1.071718129112822898e-19
1.515500243164352767e-19
3.999431986763936875e-20
0.000000000000000000e+00
8.646709437443909172e-20
2.046223788208823505e-19
1.553814058180083126e-19
3.765193733263949556e-19
3.374169473840207663e-19
0.000000000000000000e+00
3.754841977277209401e-19
2.231880944590392757e-19
2.196148855641010408e-19
4.987472629219193031e-20
3.228435451353676921e-19
2.258313954274831604e-19
2.788347782502300462e-19
5.535007761390286812e-20
4.230962157148803238e-20
2.667370164149444369e-19
1.658207323313875308e-19
3.309542312846644030e-19
1.137458084519116056e-19
2.162411054500731336e-19
0.000000000000000000e+00
2.092196118152344615e-19
4.816591234846315350e-20
4.925329439033731714e-19
1.762218505999726076e-19
0.000000000000000000e+00
0.000000000000000000e+00
2.624198384081056369e-19
0.000000000000000000e+00
9.074622640616981475e-20
1.497383271047130739e-19
2.647582125286330736e-19
0.000000000000000000e+00
3.095948251326260907e-20
2.920078112557458993e-20
1.409340343429457784e-19
3.721903647276464735e-19
2.137915743337131745e-19
0.000000000000000000e+00
3.110268691823965214e-19
2.108057188912240786e-19
3.753549359570643355e-20
1.421272824134144301e-19
2.571230983108395809e-19
3.777853814478423723e-19
2.144796002391594448e-19
0.000000000000000000e+00
0.000000000000000000e+00
1.404604322050571025e-19
1.449041314147173068e-19
0.000000000000000000e+00
1.951316962132749080e-19
3.162846077649808685e-20
2.426764798424405882e-20
2.228092804909975276e-20
1.342150624784012882e-19
0.000000000000000000e+00
1.321103542135623513e-19
2.216956963220426673e-20
0.000000000000000000e+00
1.288405140436973805e-19
1.892880338017834794e-19
3.054887063792740969e-19
2.538638599814056209e-19
2.635079099678889165e-20
5.288905389408943204e-19
3.705915961007612497e-20
2.175511040403202201e-20
7.650990644890377590e-20
0.000000000000000000e+00
0.000000000000000000e+00
1.664218243399815157e-20
7.241793338864829325e-20
0.000000000000000000e+00
1.271842421013343867e-19
4.705912656362427861e-19
1.989643580473338114e-19
2.494451081112952930e-19
0.000000000000000000e+00
1.708759183848533218e-20
1.606398494543874788e-20
2.420237703762021210e-19
2.143064840545864361e-20
1.517929527619650999e-20
1.272151007748774597e-19
0.000000000000000000e+00
0.000000000000000000e+00
5.217831716732352408e-19
0.000000000000000000e+00
0.000000000000000000e+00
1.213068480086711757e-20
1.248461597824363453e-19
1.369706615294879293e-20
2.375248942196227129e-19
7.253584268915475687e-20
0.000000000000000000e+00
0.000000000000000000e+00
0.000000000000000000e+00
0.000000000000000000e+00
0.000000000000000000e+00
1.199079823660712964e-19
8.540316872418154063e-21
5.969965080494417850e-21
0.000000000000000000e+00
1.747708626041852871e-19
8.068009371792446623e-21
4.917966684628738117e-21
6.104237998849349470e-20
1.755779216981728814e-19
6.448028967666209072e-20
0.000000000000000000e+00
6.289388912204031583e-19
1.305371117610317777e-19
1.242895181058058414e-19
2.944232270805324347e-19
2.411262783866434326e-19
1.427104477028204212e-20
1.067781036975588763e-20
6.641903109725656976e-20
9.936120386145505003e-21
8.202331661972138710e-21
2.341113039812603597e-19
1.225189403803821593e-19
2.919205816819776308e-19
1.064424845433235585e-20
2.341094151139662779e-19
1.230633616659659098e-19
8.436923058673428837e-21
6.578509090478737468e-21
5.703340289379660318e-21
4.875103384968369532e-21
3.445279838623200626e-19
2.345388809507767413e-19
6.678772536080646138e-21
4.587424306803430217e-19
9.222754508581372148e-21
6.254893965340606329e-20
4.029860652752963549e-19
1.220686269002635482e-19
2.904675976700768991e-19
1.781366677248718448e-19
0.000000000000000000e+00
1.188483085285232051e-19
1.755053739446833891e-19
0.000000000000000000e+00
2.306436985128287281e-19
4.015756151309009028e-19
0.000000000000000000e+00
0.000000000000000000e+00
5.946414041696673438e-20
2.328574305572164139e-21
3.419492452204036417e-19
4.564043318845639957e-19
0.000000000000000000e+00
0.000000000000000000e+00
1.146266890851699315e-19
5.759564257636186931e-20
2.841223119372701201e-19
8.512590276013620380e-23
1.284729936340299475e-23
1.367246087918058583e-24
1.372825927903653254e-25
1.761559903320382251e-26
2.080375349693151931e-27
2.361538912716296163e-28
2.606945269404357059e-29
2.693999702086510216e-30
2.669293051761460175e-31
2.683625187656515909e-32
2.850098295888580080e-33
3.206939763404624328e-34
3.719330628906963412e-35
4.309542926915116792e-36
4.892528341433590639e-37
5.401647655586513406e-38
5.722004342686384714e-39
5.788035077053145071e-40
5.661914490825146676e-41
5.546023650890578299e-42
5.694613710951546721e-43
6.299042235756106920e-44
7.429136583011496534e-45
9.048757720437258653e-46
1.107010552671569953e-46
1.340621886224706548e-47
1.600185204843333256e-48
1.883992610299289384e-49
2.192888618038906824e-50
2.528190859919376184e-51
2.890192701504982245e-52
3.278243416900699449e-53
3.692434868726437937e-54
4.136136753520892155e-55
4.618559928035305113e-56
5.156903471222661040e-57
5.777734291920397597e-58
6.516766614525954551e-59
7.415809295768316745e-60
8.516382146394334334e-61
9.851571006236887650e-62
1.143982956240389334e-62
1.328476906372206987e-63
1.538267283315320983e-64
1.773560015639722663e-65
2.036474595960647302e-66
2.331802139732328606e-67
2.666791509072098340e-68
3.049942273438444684e-69
3.489144622480765047e-70
3.989715698604988971e-71
4.552882868086490166e-72
5.175088067047823728e-73
5.848223639125952954e-74
6.560665721427845121e-75
7.298826635751414458e-76
8.048929419325878649e-77
8.798787553920959055e-78
9.539493221314691749e-79
1.026702379482941191e-79
1.098383973584938883e-80
1.170056288854118146e-81
1.243779601877488930e-82
1.322807169181170020e-83
1.411780072523151154e-84
1.516894583615665752e-85
1.646002668146714817e-86
1.808604494889822139e-87
2.015706672694266165e-88
2.279551730362799967e-89
2.613264320951942429e-90
3.030491311091617178e-91
3.545118277880483105e-92
4.171113059935787920e-93
4.922481435881816088e-94
5.813240999110171373e-95
6.857259104055389043e-96
8.067792718168762445e-97
9.456633124470257926e-98
1.103289436610163759e-98
1.280166161560518350e-99
1.476288324774232644e-100
1.691098979500791067e-101
1.923570651183325063e-102
2.172437369833381389e-103
2.436581665679828110e-104
2.715546726806388357e-105
3.010110836930298235e-106
3.322837367244655487e-107
3.658505958355255015e-108
4.024342957544023513e-109
4.430001322241151452e-110
4.887287272516002686e-111
5.409684447192751714e-112
6.011775459516777548e-113
6.708694736863565973e-114
7.515756767473379720e-115
8.448386057633664910e-116
9.522430551423706933e-117
1.075487618898523895e-117
1.216490872399357902e-118
1.377520452067298856e-119
1.561328894936569065e-120
1.771278959678170405e-121
2.011443586103134784e-122
2.286671328610765523e-123
2.602616087646845513e-124
2.965739205664930309e-125
3.383302295640169606e-126
3.863383125685220120e-127
4.414973940574020458e-128
5.048287412501473380e-129
5.775564485488203876e-130
6.613109844971736445e-131
7.586365619886302450e-132
8.742530629621547152e-133
1.018188080527711146e-133
1.213522744844312880e-134
1.515457254897174055e-135
2.057985017599243529e-136
3.167495405481585372e-137
5.637622952540713485e-138
1.139014624503291698e-138
2.505430826767190198e-139
5.771714964945104988e-140
1.357728227007625262e-140
3.216702264120355651e-141
7.622442338998494965e-142
1.800574240919102343e-142
4.233186502776529719e-143
9.897580437742681110e-144
2.300546939943041412e-144
5.314816999469516893e-145
1.220261449435408852e-145
2.784163427348736280e-146
6.312364867552461317e-147
1.422090549701089540e-147
3.183349427929307247e-148
7.080244604661087095e-149
1.564604065106828626e-149
3.435092100464944135e-150
7.492652213374544327e-151
1.623609203287990421e-151
3.495116019001178709e-152
7.474139404156686804e-153
1.587689431079077558e-153
3.350115993108409040e-154
7.021487717680580002e-155
1.461700598030813393e-155
3.022265290344327886e-156
6.206352064175414564e-157
1.265769399918648568e-157
2.563726742911297240e-158
5.156705511692528415e-159
1.030008438381500613e-159
2.042967182884016805e-160
4.023632926972359480e-161
7.868569238032585198e-162
1.527839165794920995e-162
2.945424211969644725e-163
5.637547350419191795e-164
1.071243935252931876e-164
2.020812202139347337e-165
3.784307490269476620e-166
7.034822302630491923e-167
1.298103622967020913e-167
2.377597105350446594e-168
4.322379375212983001e-169
7.799129933240804156e-170
1.396660692195162779e-170
2.482217664980453989e-171
4.377998554449214987e-172
7.662679422968914905e-173
1.330875308516016030e-173
2.293654553135811977e-174
3.922245100110614330e-175
6.654869717084712487e-176
1.120274392762059927e-176
1.870988331084575737e-177
3.099996792382327421e-178
5.095378647482782902e-179
8.308032187363299708e-180
1.343716599369283111e-180
2.155689420529249471e-181
3.430163044802014964e-182
5.413452701541096135e-183
8.473166840939477111e-184
1.315254178851116781e-184
2.024634853532731644e-185
3.090560504921073416e-186
4.678015131926333255e-187
7.021016631031981106e-188
1.044798245198758641e-188
1.541483334497640144e-189
2.254753031048929669e-190
3.269584130024078299e-191
4.700011877140080482e-192
6.697267852398209234e-193
9.459493683009324719e-194
1.324307140534531571e-194
1.837549778271770242e-195
2.526957181307266500e-196
3.443845857300672890e-197
4.651093902925685618e-198
6.224586085382192340e-199
8.254448338463946256e-200
1.084590832484044564e-200
1.411958878603999864e-201
1.821101732468940683e-202
2.326912490357544564e-203
2.945351096922722723e-204
3.693028086287479459e-205
4.586631541281829304e-206
5.642191603715898201e-207
6.874188157859742005e-208
8.294521243273075851e-209
9.911379645440278494e-210
1.172805986802457738e-210
1.374180382982492075e-211
1.594273737341977107e-212
1.831300108713974648e-213
2.082616814089766392e-214
2.344703922266458058e-215
2.613189118602979979e-216
2.882923341461322366e-217
3.148109487472585866e-218
3.402482711139131890e-219
3.639536680210575654e-220
3.852785950529676130e-221
4.036050802825854063e-222
4.183747858081109115e-223
4.291167935731267708e-224
4.354722227765483492e-225
4.372139085793212143e-226
4.342596548037159432e-227
4.266779985331964708e-228
4.146859572444013855e-229
3.986388215512603559e-230
3.790126530678973844e-231
3.563806899316583011e-232
3.313852998962169806e-233
3.047074115979270279e-234
2.770354736411879357e-235
2.490359322966925617e-236
2.213269946182867503e-237
1.944570842813719876e-238
1.688889447133862338e-239
1.449898474884408260e-240
1.230278737779734607e-241
1.031737982493671977e-242
8.550775385888304305e-244
7.002961534716876547e-245
5.667191772648417460e-246
4.531411906901782868e-247
3.579710872646394106e-248
2.793702915024672471e-249
2.153769412975540765e-250
1.640112062144137440e-251
1.233592038509819183e-252
9.163501519391857776e-254
6.722195248512594815e-255
4.869543146375894514e-256
3.483053605969517355e-257
2.459767788289412146e-258
1.714971817227147457e-259
1.180362631703295638e-260
8.019289779084362383e-262
5.377550487391960339e-263
3.558992730358756206e-264
2.324498848069776907e-265
1.498154301618602584e-266
9.527386983147430807e-268
5.977862404727774347e-269
3.700303888723640340e-270
2.259500685351863793e-271
1.360927920315501846e-272
8.084794719198764415e-274
4.736717353195494294e-275
2.736677502339102984e-276
1.559086570410039014e-277
8.757492480084333313e-279
4.849694920450610818e-280
2.647500369179676838e-281
1.424643329712142950e-282
7.555896602803219277e-284
3.949448971440530035e-285
2.034315137402567145e-286
1.032503249109822840e-287
5.163165076396600608e-289
2.543616052259424832e-290
1.234403939370633301e-291
5.900544918075400656e-293
2.777886864572728277e-294
1.287901869809374086e-295
5.879692204167709829e-297
2.642940912293605904e-298
1.169602890908050301e-299
5.095235077774166213e-301
2.184847583683328152e-302
9.220726046668588235e-304
3.829584695190906521e-305
1.565077901638740505e-306
6.293216763255536810e-308
2.489523287556206497e-309
9.687693058884917925e-311
3.707991283607376178e-312
1.395803393507950705e-313
5.166894878448602743e-315
1.880645811892506812e-316
6.729890491544247739e-318
2.367463761742085190e-319
8.186667751589455237e-321
2.766767616710980647e-322
4.940656458412465442e-324
0.000000000000000000e+00
0.000000000000000000e+00
0.000000000000000000e+00
0.000000000000000000e+00
0.000000000000000000e+00
0.000000000000000000e+00
0.000000000000000000e+00
0.000000000000000000e+00
0.000000000000000000e+00
0.000000000000000000e+00
0.000000000000000000e+00
0.000000000000000000e+00
0.000000000000000000e+00
0.000000000000000000e+00
0.000000000000000000e+00
0.000000000000000000e+00
0.000000000000000000e+00
0.000000000000000000e+00
0.000000000000000000e+00
0.000000000000000000e+00
0.000000000000000000e+00
0.000000000000000000e+00
0.000000000000000000e+00
0.000000000000000000e+00
0.000000000000000000e+00
0.000000000000000000e+00
0.000000000000000000e+00
0.000000000000000000e+00
0.000000000000000000e+00
0.000000000000000000e+00
0.000000000000000000e+00
0.000000000000000000e+00
0.000000000000000000e+00
0.000000000000000000e+00
0.000000000000000000e+00
0.000000000000000000e+00
0.000000000000000000e+00
0.000000000000000000e+00
0.000000000000000000e+00
0.000000000000000000e+00
0.000000000000000000e+00
0.000000000000000000e+00
0.000000000000000000e+00
0.000000000000000000e+00
0.000000000000000000e+00
0.000000000000000000e+00
0.000000000000000000e+00
0.000000000000000000e+00
0.000000000000000000e+00
0.000000000000000000e+00
0.000000000000000000e+00
0.000000000000000000e+00
0.000000000000000000e+00
0.000000000000000000e+00
0.000000000000000000e+00
0.000000000000000000e+00
0.000000000000000000e+00
0.000000000000000000e+00
0.000000000000000000e+00
0.000000000000000000e+00
0.000000000000000000e+00
0.000000000000000000e+00
0.000000000000000000e+00
0.000000000000000000e+00
0.000000000000000000e+00
0.000000000000000000e+00
0.000000000000000000e+00
0.000000000000000000e+00
0.000000000000000000e+00
0.000000000000000000e+00
0.000000000000000000e+00
0.000000000000000000e+00
0.000000000000000000e+00
0.000000000000000000e+00
0.000000000000000000e+00
0.000000000000000000e+00
0.000000000000000000e+00
0.000000000000000000e+00
0.000000000000000000e+00
0.000000000000000000e+00
0.000000000000000000e+00
0.000000000000000000e+00
0.000000000000000000e+00
0.000000000000000000e+00
0.000000000000000000e+00
0.000000000000000000e+00
0.000000000000000000e+00
0.000000000000000000e+00
0.000000000000000000e+00
0.000000000000000000e+00
0.000000000000000000e+00
0.000000000000000000e+00
0.000000000000000000e+00
0.000000000000000000e+00
0.000000000000000000e+00
0.000000000000000000e+00
0.000000000000000000e+00
0.000000000000000000e+00
0.000000000000000000e+00
0.000000000000000000e+00
0.000000000000000000e+00
0.000000000000000000e+00
0.000000000000000000e+00
0.000000000000000000e+00
0.000000000000000000e+00
0.000000000000000000e+00
0.000000000000000000e+00
0.000000000000000000e+00
0.000000000000000000e+00
0.000000000000000000e+00
0.000000000000000000e+00
0.000000000000000000e+00
0.000000000000000000e+00
0.000000000000000000e+00
0.000000000000000000e+00
0.000000000000000000e+00
0.000000000000000000e+00
0.000000000000000000e+00
0.000000000000000000e+00
0.000000000000000000e+00
0.000000000000000000e+00
0.000000000000000000e+00
0.000000000000000000e+00
0.000000000000000000e+00
0.000000000000000000e+00
0.000000000000000000e+00
0.000000000000000000e+00
0.000000000000000000e+00
0.000000000000000000e+00
0.000000000000000000e+00
0.000000000000000000e+00
0.000000000000000000e+00
0.000000000000000000e+00
0.000000000000000000e+00
0.000000000000000000e+00
0.000000000000000000e+00
0.000000000000000000e+00
0.000000000000000000e+00
0.000000000000000000e+00
0.000000000000000000e+00
0.000000000000000000e+00
0.000000000000000000e+00
0.000000000000000000e+00
0.000000000000000000e+00
0.000000000000000000e+00
0.000000000000000000e+00
0.000000000000000000e+00
0.000000000000000000e+00
0.000000000000000000e+00
0.000000000000000000e+00
0.000000000000000000e+00
0.000000000000000000e+00
0.000000000000000000e+00
0.000000000000000000e+00
0.000000000000000000e+00
0.000000000000000000e+00
0.000000000000000000e+00
0.000000000000000000e+00
0.000000000000000000e+00
0.000000000000000000e+00
0.000000000000000000e+00
0.000000000000000000e+00
0.000000000000000000e+00
0.000000000000000000e+00
0.000000000000000000e+00
0.000000000000000000e+00
0.000000000000000000e+00
0.000000000000000000e+00
0.000000000000000000e+00
0.000000000000000000e+00
0.000000000000000000e+00
0.000000000000000000e+00
0.000000000000000000e+00
0.000000000000000000e+00
0.000000000000000000e+00
0.000000000000000000e+00
0.000000000000000000e+00
0.000000000000000000e+00
0.000000000000000000e+00
0.000000000000000000e+00
0.000000000000000000e+00
0.000000000000000000e+00
0.000000000000000000e+00
0.000000000000000000e+00
0.000000000000000000e+00
0.000000000000000000e+00
0.000000000000000000e+00
0.000000000000000000e+00
0.000000000000000000e+00
0.000000000000000000e+00
0.000000000000000000e+00
0.000000000000000000e+00
0.000000000000000000e+00
0.000000000000000000e+00
0.000000000000000000e+00
0.000000000000000000e+00
0.000000000000000000e+00
0.000000000000000000e+00
0.000000000000000000e+00
0.000000000000000000e+00
0.000000000000000000e+00
0.000000000000000000e+00
0.000000000000000000e+00
0.000000000000000000e+00
0.000000000000000000e+00
0.000000000000000000e+00
0.000000000000000000e+00
0.000000000000000000e+00
0.000000000000000000e+00
0.000000000000000000e+00
0.000000000000000000e+00
0.000000000000000000e+00
0.000000000000000000e+00
0.000000000000000000e+00
0.000000000000000000e+00
0.000000000000000000e+00
0.000000000000000000e+00
0.000000000000000000e+00
0.000000000000000000e+00
0.000000000000000000e+00
0.000000000000000000e+00
0.000000000000000000e+00
0.000000000000000000e+00
0.000000000000000000e+00
0.000000000000000000e+00
0.000000000000000000e+00
0.000000000000000000e+00
0.000000000000000000e+00
0.000000000000000000e+00
0.000000000000000000e+00
0.000000000000000000e+00
0.000000000000000000e+00
0.000000000000000000e+00
0.000000000000000000e+00
0.000000000000000000e+00
0.000000000000000000e+00
0.000000000000000000e+00
0.000000000000000000e+00
0.000000000000000000e+00
0.000000000000000000e+00
0.000000000000000000e+00
0.000000000000000000e+00
0.000000000000000000e+00
0.000000000000000000e+00
0.000000000000000000e+00
0.000000000000000000e+00
0.000000000000000000e+00
0.000000000000000000e+00
0.000000000000000000e+00
0.000000000000000000e+00
0.000000000000000000e+00
0.000000000000000000e+00
0.000000000000000000e+00
0.000000000000000000e+00
0.000000000000000000e+00
0.000000000000000000e+00
0.000000000000000000e+00
0.000000000000000000e+00
0.000000000000000000e+00
0.000000000000000000e+00
0.000000000000000000e+00
0.000000000000000000e+00
0.000000000000000000e+00
0.000000000000000000e+00
0.000000000000000000e+00
0.000000000000000000e+00
0.000000000000000000e+00
0.000000000000000000e+00
0.000000000000000000e+00
0.000000000000000000e+00
0.000000000000000000e+00
0.000000000000000000e+00
