2.139408043186680208e-01
2.758258128659842393e-02
8.922937360702647147e-03
5.411860922939569496e-03
4.857858137557992395e-03
4.979745247636852695e-03
5.239803168624340528e-03
5.509025664986383526e-03
5.761316713090258550e-03
5.994933651112866781e-03
6.212587513941795689e-03
6.416969828897957882e-03
6.610063927379694962e-03
6.793235500143422236e-03
6.967407837679133638e-03
7.133197343286367190e-03
7.291005829423158335e-03
7.441083023244668589e-03
7.583570149778250113e-03
7.718531441229593490e-03
7.845977675323611775e-03
7.965884216949164695e-03
8.078205095059036792e-03
8.182884095512047568e-03
8.279863521457982850e-03
8.369091072570914933e-03
8.450525170516613380e-03
8.524138980166734783e-03
8.589923326150611035e-03
8.647888671337589095e-03
8.698066300956470639e-03
8.740508839088039633e-03
8.775290210671436719e-03
8.802505150445765619e-03
8.822268349578363950e-03
8.834713320694105934e-03
8.839991052450977757e-03
8.838268515673746578e-03
8.829727074404750478e-03
8.814560847119689430e-03
8.792975055853980912e-03
8.765184394139414331e-03
8.731411438492086077e-03
8.691885122728343002e-03
8.646839289605627588e-03
8.596511330160587494e-03
8.541140917609379990e-03
8.480968839738834211e-03
8.416235931293480910e-03
8.347182105904826441e-03
8.274045485553771506e-03
8.197061624355718445e-03
8.116462822559884424e-03
8.032477526010292287e-03
7.945329805888528760e-03
7.855238913306231488e-03
7.762418903205699564e-03
7.667078322034131914e-03
7.569419953751532586e-03
7.469640618896112791e-03
7.367931021646798376e-03
7.264475640071426689e-03
7.159452655024866122e-03
7.053033913448640731e-03
6.945384922118802082e-03
6.836664868181477339e-03
6.727026663106523349e-03
6.616617006967870709e-03
6.505576470230389242e-03
6.394039590477492221e-03
6.282134981756557109e-03
6.169985454445467594e-03
6.057708143755244010e-03
5.945414645179865690e-03
5.833211155387008420e-03
5.721198617208554486e-03
5.609472867545684492e-03
5.498124787141315736e-03
5.387240451302464754e-03
5.276901280770557486e-03
5.167184192044040406e-03
5.058161746552980280e-03
4.949902298172317514e-03
4.842470138637861368e-03
4.735925640500039495e-03
4.630325397312713351e-03
4.525722360810875353e-03
4.422165974881874483e-03
4.319702306179029963e-03
4.218374171266438093e-03
4.118221260219307941e-03
4.019280256634453347e-03
3.921584954033484685e-03
3.825166368664097150e-03
3.730052848725944753e-03
3.636270180064787774e-03
3.543841688393559869e-03
3.452788338111655898e-03
3.363128827803830642e-03
3.274879682508741868e-03
3.188055342853470409e-03
3.102668251155615668e-03
3.018728934597581653e-03
2.936246085580674053e-03
2.855226639366806232e-03
2.775675849116423025e-03
2.697597358429854736e-03
2.620993271498039609e-03
2.545864220966098830e-03
2.472209433610215827e-03
2.400026793925446201e-03
2.329312905717495844e-03
2.260063151788180638e-03
2.192271751799721845e-03
2.125931818398159746e-03
2.061035411672214237e-03
1.997573592018862636e-03
1.935536471482081746e-03
1.874913263627107961e-03
1.815692332007380833e-03
1.757861237277431963e-03
1.701406783000176124e-03
1.646315060193412078e-03
1.592571490655871926e-03
1.540160869109898469e-03
1.489067404193835254e-03
1.439274758334289613e-03
1.390766086525043084e-03
1.343524074036817713e-03
1.297530973079231422e-03
1.252768638434148020e-03
1.209218562077382653e-03
1.166861906803835737e-03
1.125679538869496857e-03
1.085652059662266982e-03
1.046759836412315030e-03
1.008983031951648113e-03
9.723016335316795504e-04
9.366954807068631796e-04
9.021442922921352799e-04
8.686276924011074405e-04
8.361252355722481860e-04
8.046164309897523188e-04
7.740807658060186577e-04
7.444977275727488993e-04
7.158468257877904873e-04
6.881076125652550073e-04
6.612597024366771627e-04
6.352827912915294051e-04
6.101566744657146600e-04
5.858612639873087046e-04
5.623766049892717439e-04
5.396828912994432008e-04
5.177604802187160595e-04
4.965899064988901377e-04
4.761518955322211486e-04
4.564273757653923526e-04
4.373974903511081472e-04
4.190436080511304620e-04
4.013473334051342618e-04
3.842905161802543778e-04
3.678552601167181437e-04
3.520239309854697332e-04
3.367791639740672842e-04
3.221038704175982026e-04
3.079812438917756763e-04
2.943947656855926348e-04
2.813282096714037886e-04
2.687656465903888350e-04
2.566914477717712937e-04
2.450902883041744247e-04
2.339471496778210017e-04
2.232473219163028718e-04
2.129764052167651466e-04
2.031203111173743422e-04
1.936652632110168757e-04
1.845977974240387964e-04
1.759047618788818436e-04
1.675733163593379671e-04
1.595909313969944509e-04
1.519453869973493509e-04
1.446247710238372948e-04
1.376174772578327621e-04
1.309122031524349882e-04
1.244979472975954796e-04
1.183640066138568625e-04
1.124999732916684870e-04
1.068957314928994549e-04
1.015414538308604200e-04
9.642759764474935328e-05
9.154490108406576458e-05
8.688437901816792872e-05
8.243731878570494315e-05
7.819527579828649069e-05
7.415006901226312138e-05
7.029377628214191994e-05
6.661872960864217074e-05
6.311751029397711689e-05
5.978294401654766973e-05
5.660809583668185632e-05
5.358626514467876002e-05
5.071098056194639204e-05
4.797599480552161046e-05
4.537527952586983598e-05
4.290302012735554434e-05
4.055361058037473566e-05
3.832164823364362386e-05
3.620192863475275489e-05
3.418944036661466140e-05
3.227935990704881196e-05
3.046704651827108213e-05
2.874803717273254335e-05
2.711804152123014602e-05
2.557293690892534541e-05
2.410876344446645538e-05
2.272171912701803344e-05
2.140815503570614502e-05
2.016457058553250881e-05
1.898760885356937125e-05
1.787405197881561879e-05
1.682081663887074517e-05
1.582494960616220050e-05
1.488362338625667218e-05
1.399413194045480482e-05
1.315388649456674540e-05
1.236041143556690087e-05
1.161134029749522127e-05
1.090441183778710854e-05
1.023746620495740434e-05
9.608441198344053701e-06
9.015368620406891121e-06
8.456370721887807452e-06
7.929656739948193620e-06
7.433519529204282397e-06
6.966332285448144613e-06
6.526545361657006836e-06
6.112683175753706430e-06
5.723341209469953991e-06
5.357183097477048237e-06
5.012937805919653025e-06
4.689396899291225410e-06
4.385411894526262974e-06
4.099891701144050430e-06
3.831800146079524317e-06
3.580153581874813199e-06
3.344018576773631744e-06
3.122509685211714663e-06
2.914787297157483759e-06
2.720055564688250872e-06
2.537560404175549275e-06
2.366587572363984614e-06
2.206460814681376928e-06
2.056540084016119730e-06
1.916219828206236747e-06
1.784927344506760261e-06
1.662121199226946456e-06
1.547289710784281293e-06
1.439949494372281294e-06
1.339644066490024895e-06
1.245942507541696562e-06
1.158438180765005011e-06
1.076747505717786578e-06
1.000508784621346405e-06
9.293810798216260066e-07
8.630431406869459827e-07
8.011923782810597593e-07
7.435438861421809529e-07
6.898295055865097876e-07
6.397969339128785259e-07
5.932088739713182942e-07
5.498422235599060060e-07
5.094873031447471860e-07
4.719471204675765559e-07
4.370366705729976107e-07
4.045822698947658073e-07
3.744209230212955731e-07
3.463997208302519755e-07
3.203752686874619997e-07
2.962131434747383521e-07
2.737873782214214896e-07
2.529799731609618703e-07
2.336804320717401345e-07
2.157853227910967705e-07
1.991978608302292725e-07
1.838275150556207470e-07
1.695896344354076989e-07
1.564050948765898444e-07
1.441999652294535091e-07
1.329051915532310885e-07
1.224562987782352807e-07
1.127931089273698972e-07
1.038594750993951934e-07
9.560303044091011204e-08
8.797495136161553040e-08
8.092973428574072683e-08
7.442498525721245162e-08
6.842122174017628202e-08
6.288168599896110684e-08
5.777216943792200304e-08
5.306084735042891427e-08
4.871812350659529421e-08
4.471648407243036001e-08
4.103036034920572366e-08
3.763599985539874425e-08
3.451134529847125411e-08
3.163592100573575390e-08
2.899072638797859422e-08
2.655813605225562542e-08
2.432180618378632241e-08
2.226658684422457033e-08
2.037843984049802177e-08
1.864436184732074058e-08
1.705231247547728920e-08
1.559114699892956640e-08
1.425055345708387099e-08
1.302099388426216024e-08
1.189364940213793224e-08
1.086036896100243053e-08
9.913621489960800486e-09
9.046451264894114339e-09
8.252436270031784230e-09
7.525649404451723698e-09
6.860622313187308451e-09
6.252311711638343967e-09
5.696068028833596620e-09
5.187606222267683133e-09
4.722978632306231307e-09
4.298549732888678528e-09
3.910972668052487095e-09
3.557167447538901977e-09
3.234300693241586260e-09
2.939766842206059321e-09
2.671170696197752031e-09
2.426311234979540401e-09
2.203166616169143147e-09
1.999880252731500104e-09
1.814747932765680080e-09
1.646205877109674287e-09
1.492819694682460052e-09
1.353274147841943582e-09
1.226363697108416495e-09
1.110983755705666644e-09
1.006122597057296531e-09
9.108538939317666462e-10
8.243298116165246060e-10
7.457746440035248937e-10
6.744789344282441197e-10
6.097940531630857942e-10
5.511271995380193954e-10
4.979367977148340993e-10
4.497282405565344826e-10
4.060499949845066872e-10
3.664899892222114274e-10
3.306723101765460461e-10
2.982541498940757055e-10
2.689230077272483778e-10
2.423941138691653717e-10
2.184080655323532146e-10
1.967286508435237739e-10
1.771408555024218051e-10
1.594490339222671502e-10
1.434752269249290646e-10
1.290576250436390348e-10
1.160491548258475516e-10
1.043161870630617271e-10
9.373735261199503100e-11
8.420245577225520535e-11
7.561148540239282261e-11
6.787370777060168632e-11
6.090683133518455633e-11
5.463625239018895266e-11
4.899436295392174421e-11
4.391991538332246032e-11
3.935744157636174696e-11
3.525673365998170098e-11
3.157235462327513971e-11
2.826320372870738625e-11
2.529211662649048934e-11
2.262549918413873099e-11
2.023299681626377851e-11
1.808719156096454870e-11
1.616332835717537763e-11
1.443906307366729594e-11
1.289423692052838201e-11
1.151066793127767024e-11
1.027196447059638561e-11
9.163353121087963912e-12
8.171523880146933569e-12
7.284492855572097241e-12
6.491469671657175958e-12
5.782744678192428781e-12
5.149583858754542103e-12
4.584132805265246712e-12
4.079331595072785450e-12
3.628837316209113186e-12
3.226951612560090773e-12
2.868558426263496925e-12
2.549065659210219180e-12
2.264354619766294154e-12
2.010728443612209366e-12
1.784877347045245470e-12
1.583830053334317345e-12
1.404928543430270378e-12
1.245790171802421247e-12
1.104283784014075289e-12
9.785009754690583383e-13
8.667352032090792521e-13
7.674606577831738315e-13
6.793135185299233797e-13
6.010742590742078847e-13
5.316555805657347829e-13
4.700849510345124256e-13
4.154948534145846579e-13
3.671121474502370340e-13
3.242463922863271756e-13
2.862826933637635609e-13
2.526719794237922101e-13
2.229266281487686821e-13
1.966117560719828323e-13
1.733404606095899694e-13
1.527679697676502860e-13
1.345882379481775049e-13
1.185288481916969171e-13
1.043472254677156112e-13
9.182942591311458306e-14
8.078364918253854185e-14
7.104051397534306221e-14
6.244944778860672168e-14
5.487696619111970984e-14
4.820537166499492910e-14
4.232943821796931871e-14
3.715596823013085436e-14
3.260312676058353610e-14
2.859706941766318571e-14
2.507410471860844628e-14
2.197728776397748462e-14
1.925559630448576507e-14
1.686475566469353535e-14
1.476514476994085267e-14
1.292242746646146510e-14
1.130516242487134195e-14
9.886770649146156087e-15
8.642955375844846733e-15
7.553043788060495011e-15
6.598038761765142195e-15
5.761536447073153269e-15
5.029249933126119530e-15
4.388117891786442952e-15
3.827453596214263265e-15
3.336926609677565519e-15
2.908681908201792173e-15
2.534231934568852618e-15
2.207261815053713505e-15
1.921549298731149540e-15
1.672117290017843577e-15
1.454628528338108310e-15
1.265030485951886781e-15
1.099367531829072030e-15
9.552113936777655257e-16
8.296679456602586362e-16
7.205021878230867338e-16
6.250910828005577493e-16
5.423725565612094816e-16
4.703265953799126649e-16
4.076605594460607872e-16
3.532502518802157266e-16
3.058977764952915721e-16
2.646035504416943163e-16
2.291581064723642658e-16
1.982455739243406021e-16
1.713069107063131503e-16
1.480989721444697756e-16
1.280082930911952593e-16
1.105344789759198785e-16
9.536219576356644726e-17
8.213951568062691180e-17
7.070814493523150762e-17
6.085161657033121703e-17
5.246476144148267188e-17
4.510343405584271648e-17
3.900797067992188276e-17
3.356884638393065420e-17
2.890245379636869622e-17
2.488279400776006908e-17
2.146379759058264693e-17
1.834366955244289746e-17
1.589171157362210464e-17
1.364030496832215213e-17
1.157837622963249080e-17
1.010981354272163928e-17
8.757167415459224677e-18
7.570727283692896644e-18
6.511233926428658020e-18
5.513169000417400422e-18
4.930554973242258133e-18
4.095626944307654906e-18
3.487449489020081690e-18
3.013035078665326880e-18
2.478379529724104645e-18
2.151148181366265118e-18
1.888129304627312255e-18
1.651381727403564688e-18
1.312417759081647393e-18
1.247046156499672589e-18
1.237264292047417230e-18
1.010443437525462057e-18
8.952893831994598762e-19
6.744179817959144181e-19
5.822997434589877236e-19
5.070930281838729835e-19
5.362825855233597772e-19
4.062429372916105625e-19
3.429025148882477977e-19
3.461436329329871631e-19
2.023322222789262538e-19
0.000000000000000000e+00
4.127493607425685518e-19
1.819250202106427498e-19
7.491104128630304287e-20
1.458722766467412708e-19
1.837858206846345996e-19
1.352613952293848881e-19
2.121695376168710757e-19
1.510445309046079895e-19
6.301353532142639827e-20
4.328178506152141634e-20
3.548797158670241805e-20
0.000000000000000000e+00
1.203908301876989519e-21
1.152784190529508274e-19
7.863365712586991547e-20
6.865425045027087703e-20
1.716176110387387779e-20
1.283746247420923326e-19
7.371941193131529812e-20
6.059888197006975591e-20
8.023340424829529675e-20
1.312108496662963116e-19
9.311563384736005427e-20
1.420573321916885034e-20
3.092043522857006242e-19
1.509288839027003997e-19
1.196147528759502555e-19
1.844464933013915312e-19
1.742353173721304040e-19
7.786917024943822392e-20
5.883385668608038309e-20
7.836359937390519901e-20
5.912373583528162847e-20
5.412709345456653371e-20
1.236723195254334689e-19
1.141004510000476125e-19
1.827940263049017255e-19
7.867449488375242065e-20
1.528425574856533131e-19
1.201848751335603881e-19
6.677442089496326711e-20
5.631115899450108518e-20
5.388946242183018239e-20
5.297176451041325925e-20
1.943117183297494302e-19
1.508891044973786990e-19
7.270328859076393646e-20
2.465019646220567535e-19
9.114958353294863691e-20
8.563282440035955223e-20
2.273461840665231336e-19
1.359687731729243452e-19
1.902480947541739268e-19
1.541954998550685450e-19
0.000000000000000000e+00
1.027461177817555771e-19
1.379404820854970017e-19
2.685580824836776465e-20
1.505959629869519670e-19
2.416595085377486651e-19
4.673080372951397732e-20
1.315839625221773028e-20
7.857431784755391848e-20
6.355705732245589130e-20
2.014870933295436516e-19
2.747048425421035048e-19
5.297208136548536394e-20
0.000000000000000000e+00
1.028111098878532241e-19
9.151410834819932284e-20
1.847062609301950400e-19
1.069137438260782774e-19
6.991527574622957765e-20
8.569099470560068823e-20
6.531567020909287252e-20
1.314200283637858332e-19
7.277972866417060660e-20
1.419672690546482186e-20
1.014822749965903145e-19
1.365222846352933063e-19
0.000000000000000000e+00
6.634829708575280833e-21
9.877454465304555677e-20
1.563193055271807271e-20
1.459451278844363435e-19
7.039765953522574704e-20
0.000000000000000000e+00
1.735208935619782040e-21
3.729567141488413088e-23
0.000000000000000000e+00
0.000000000000000000e+00
9.117218347723567018e-20
5.455729717929821322e-20
4.749354613238122312e-20
1.400855153577091366e-19
6.131551879660821321e-20
0.000000000000000000e+00
1.118072938989769323e-19
5.534430980738779035e-20
4.472781078352425714e-20
1.131654841478539934e-19
1.487949923757731153e-19
6.013611349880059815e-20
0.000000000000000000e+00
3.835162478504193177e-20
1.579064952109118447e-19
1.312156887143012085e-19
0.000000000000000000e+00
8.618920050032855985e-20
4.757258978040095158e-20
2.772776442011098328e-19
8.026371366975257328e-20
2.136553620088529440e-19
2.360435266143860965e-20
0.000000000000000000e+00
1.804918132087176865e-19
0.000000000000000000e+00
4.085846056191705905e-20
1.123371920615378875e-19
1.008286369284937626e-19
9.879214145842501312e-20
1.458841653996750821e-19
2.960040140893495934e-19
2.276100709478198994e-19
7.625260738645905371e-20
0.000000000000000000e+00
0.000000000000000000e+00
2.309837471687062794e-19
1.474442903079681196e-19
1.119107940346131044e-19
2.479520822447973517e-19
3.430860469449045542e-20
1.684069402629314796e-19
9.335580684820287537e-20
1.769003186828154668e-19
0.000000000000000000e+00
9.672663302068071957e-20
1.061053508850264396e-19
5.716853752137989500e-20
4.876304038988824907e-21
4.686365312435291494e-20
2.386795156869028925e-19
1.749853601594126381e-19
2.421246169634761755e-20
2.900120874065957430e-21
1.414862144423293466e-19
0.000000000000000000e+00
0.000000000000000000e+00
1.636811057552678448e-19
1.381931285240890972e-19
0.000000000000000000e+00
9.422016439708633237e-20
1.503234719891841706e-19
1.118405697011588457e-19
1.150024132586580231e-20
0.000000000000000000e+00
4.383455486577890959e-20
2.353446075863925887e-19
7.585234420809106946e-20
1.230699849986526467e-19
5.925597409402912656e-20
4.890205777877264060e-20
7.029925606093823962e-20
5.008118407985578703e-20
9.328159423545425707e-20
7.272843098736317249e-20
1.202336304147354006e-19
1.034051401475641417e-19
5.874436061024449678e-21
0.000000000000000000e+00
3.961275727530831462e-20
4.124305025542252081e-20
8.810470629909101903e-20
1.893232947892200516e-19
1.101426535109652750e-19
4.859096987611850626e-20
1.362850308367091201e-19
1.726675989095661357e-19
1.329948970859238894e-20
4.014324955033172186e-20
6.360641944788993987e-20
1.144697647845613187e-19
7.439212517202925758e-20
9.249513927729188476e-20
9.425302469984392470e-20
0.000000000000000000e+00
0.000000000000000000e+00
8.240874209971875762e-20
1.145338923920870579e-19
4.868045576310950445e-20
6.233846881757901159e-20
4.065674060060877289e-20
2.494788728686134486e-19
6.694354588271160528e-20
0.000000000000000000e+00
1.292843105179412690e-19
1.676956213687878617e-19
5.580843724847820389e-20
3.999015771691766276e-20
2.026467235253052838e-19
1.304522272138159987e-20
0.000000000000000000e+00
2.471244090390687632e-19
9.013587162744493027e-20
4.629125100282144322e-20
1.572576653887748026e-19
1.965737347349238965e-19
1.524741997272981152e-19
5.554130467129515156e-20
4.213296977208648939e-20
1.106321038218267391e-19
1.913804659254801826e-19
2.030050996988601906e-19
2.295122417487092110e-19
2.344437806372694665e-19
4.716715899840521507e-20
4.457186901381248183e-20
1.625567820412015273e-19
1.333065448688949084e-20
2.562324598669224049e-19
2.658301363993800525e-20
1.406097347681455319e-19
0.000000000000000000e+00
1.856410143599435559e-19
2.301912142074592991e-19
1.666502049455318799e-19
1.706619061320990617e-20
1.412259460820221871e-19
1.075382557357607354e-19
1.508369180653147324e-19
2.514201153999073941e-19
1.711008817652288297e-19
1.588435821235363607e-19
6.543386425890420200e-20
5.314485374374792997e-20
5.082321787243774803e-20
4.998204458101243335e-20
1.203402331067654777e-19
0.000000000000000000e+00
1.173863882905161297e-19
5.740739165316754186e-20
1.910664146420603987e-19
0.000000000000000000e+00
0.000000000000000000e+00
1.381842764057655226e-19
5.479225966571676191e-20
9.393702754669405832e-20
0.000000000000000000e+00
6.556856948613939255e-20
4.636772797498328518e-20
4.277814485798703562e-20
6.513435922555135139e-20
4.415380508427678845e-20
2.060218046636037209e-19
1.345332293063695013e-20
3.955842306242651008e-20
0.000000000000000000e+00
2.249370779952891777e-19
1.363020107853078344e-20
6.155038238882577242e-20
1.114744738362687614e-19
1.881876397725041824e-19
8.511278494768204465e-21
1.549086984941556905e-19
1.459862770770426317e-19
1.926859808414860260e-19
0.000000000000000000e+00
1.081489160821333131e-19
4.619918375140645707e-20
6.190311204925139180e-20
0.000000000000000000e+00
3.419845439284481690e-20
2.952440058616391610e-19
6.710237506721060648e-20
8.834279149418517980e-20
4.257639535625288683e-20
0.000000000000000000e+00
5.690341736125915140e-20
0.000000000000000000e+00
1.979579800861275896e-19
5.351114986424752293e-20
8.426735015793328615e-20
1.817751242259472843e-19
2.172929153285917046e-19
5.711940390537778978e-20
6.222552473016873974e-20
8.609988663660756583e-20
3.853381930643479231e-20
0.000000000000000000e+00
3.193223415366969498e-20
3.279753114454769907e-20
1.506550473689283124e-19
6.977378715897491081e-20
1.321980741644529577e-19
9.132734951224832256e-20
1.105061478733636591e-19
4.190678734905025938e-20
1.992279823834448885e-19
1.699715723110384528e-19
4.965204373264490773e-20
1.067946110265499055e-19
2.076868919534204889e-19
0.000000000000000000e+00
8.144191950512954451e-20
8.429722564688878190e-20
3.934218516047734489e-20
2.470922654491754176e-19
3.409265986680318911e-20
0.000000000000000000e+00
3.178038870263889414e-20
3.256554051766975487e-20
0.000000000000000000e+00
1.481347356605271067e-19
1.389482591167688504e-19
0.000000000000000000e+00
7.821858096613475722e-20
0.000000000000000000e+00
2.929565229131737141e-20
0.000000000000000000e+00
5.114032536928889680e-20
0.000000000000000000e+00
9.756199914989700640e-20
3.511268999416440690e-20
0.000000000000000000e+00
9.605371252295656652e-20
3.357219754335463666e-20
2.655940841264213575e-20
4.869390674088495983e-20
0.000000000000000000e+00
1.175777019796826679e-19
3.113840020899615752e-20
1.188438650612834948e-19
0.000000000000000000e+00
0.000000000000000000e+00
1.867049369659294028e-19
3.949769507225850460e-20
9.577769416912339375e-20
1.250068301980178824e-19
1.045235786832879336e-19
0.000000000000000000e+00
1.408534563478241386e-19
3.524893786576073818e-20
0.000000000000000000e+00
6.900410185022011454e-20
2.707942912839670537e-20
0.000000000000000000e+00
2.066795488073435450e-20
2.101122108460578056e-20
1.389435868834097594e-19
1.274802708853783296e-19
1.270496749923521175e-19
0.000000000000000000e+00
1.635414122046313159e-19
0.000000000000000000e+00
0.000000000000000000e+00
2.049129170563137882e-20
1.392281533545008766e-19
3.303843200962433108e-20
0.000000000000000000e+00
0.000000000000000000e+00
0.000000000000000000e+00
1.134265677830441109e-19
0.000000000000000000e+00
1.947996624306824150e-20
1.913777586526058079e-20
1.864592466634456775e-20
1.365025854802976716e-19
2.986381344153465170e-20
6.720375940541594034e-20
1.885959293531987441e-19
1.536586125107986851e-19
5.695342393707025222e-20
7.178255836813319188e-20
2.515912861439648854e-20
9.162022279869150126e-20
1.217571937106881156e-19
3.034626050915731010e-20
1.165443303637873631e-19
5.349730456583895563e-20
2.474342608268683366e-20
2.342660340236966672e-19
3.254114854256924974e-19
1.943707025154743768e-19
0.000000000000000000e+00
2.562855741354561110e-20
7.248434722938577089e-20
1.714241433837467777e-19
6.297846393973982169e-20
1.487978394570419426e-19
1.091174207140660685e-19
5.900151138544099140e-20
2.201940341331031322e-19
0.000000000000000000e+00
9.942080131318932306e-20
0.000000000000000000e+00
5.092751006629698089e-20
3.013069172720157598e-20
0.000000000000000000e+00
1.202640622358159201e-19
0.000000000000000000e+00
1.442248591715623284e-19
1.789132638979447761e-19
1.827716216677995960e-19
2.075558184583680421e-19
2.815933250417920557e-19
2.900318147645926348e-20
3.088871371940354469e-20
2.429015336208885630e-19
1.611139103731009174e-21
1.491790221682653333e-19
4.117908288186011928e-20
3.201983887772617083e-20
7.776902085496120559e-20
1.979366016026468082e-19
1.394359480895941250e-19
0.000000000000000000e+00
1.243460043492704556e-19
0.000000000000000000e+00
1.707962360755746401e-19
1.124617505455801019e-19
2.267897096725747046e-19
4.723888464060926856e-20
0.000000000000000000e+00
0.000000000000000000e+00
1.224521548783272263e-19
3.656402213518613611e-20
1.241515929177467106e-19
8.362523230890115265e-20
5.678107723959558585e-20
0.000000000000000000e+00
7.375222112575949995e-20
5.249847192388249097e-20
1.943621872648680726e-19
4.020213685296835526e-20
1.699461284427669448e-19
2.273100124225857726e-19
1.383742131708709398e-19
1.082314620696705500e-19
2.951328767168460370e-19
0.000000000000000000e+00
1.479444545841307362e-19
2.042771805539925651e-19
1.386764215726704398e-19
1.341162516048617599e-19
6.281069428625518609e-20
1.284193300684547059e-19
1.094029547137256346e-19
0.000000000000000000e+00
2.663795481549766310e-19
1.674939343317021429e-19
0.000000000000000000e+00
1.731198711195909120e-19
3.499477808694875104e-19
5.762873899957306874e-20
1.781793320118380249e-19
1.392578513069927075e-19
1.369202686397606453e-19
1.368341344740384496e-19
4.232048409097987760e-20
2.242007770355866718e-19
9.589716857599685313e-20
3.965690208143243032e-20
2.002330660348419401e-19
0.000000000000000000e+00
0.000000000000000000e+00
2.446094381091137652e-19
4.865600080520920766e-20
2.477336290649057706e-19
0.000000000000000000e+00
2.460117292319182495e-19
4.876476878159076611e-20
1.768394129681822732e-19
6.719885856789044627e-20
3.910080159738647228e-19
8.352711787465929151e-20
0.000000000000000000e+00
0.000000000000000000e+00
0.000000000000000000e+00
3.066356525352940141e-20
3.092650140518529942e-20
3.020312406552967951e-20
2.186560178525366048e-19
0.000000000000000000e+00
5.270931129084093126e-20
0.000000000000000000e+00
0.000000000000000000e+00
2.532388350550330222e-20
1.198723192726973358e-19
7.718584339806253204e-20
2.819111689720485075e-20
2.408667250806065999e-20
2.286266170638330103e-20
2.198921960763461689e-20
1.631541851522835271e-19
1.016621994176778605e-19
1.454053132934871520e-19
0.000000000000000000e+00
1.390389496549108428e-19
9.952974935143873185e-20
2.156566001058452034e-19
1.762736068396130222e-19
7.989051538526004817e-20
1.193861687689227800e-19
1.229264456307649717e-19
2.736573115419198739e-20
1.167933965192666118e-19
2.771684979551585554e-20
2.822013206094284405e-19
2.755420067055611850e-19
4.042628850059420278e-20
4.901599741842327779e-20
4.877901821040545745e-20
7.216594288651750368e-20
1.442391673333005449e-19
0.000000000000000000e+00
0.000000000000000000e+00
2.341898964481948584e-19
0.000000000000000000e+00
0.000000000000000000e+00
9.186237833614234187e-20
0.000000000000000000e+00
4.227303629882661117e-19
4.692379857857609874e-20
4.884770380348024338e-20
2.411788792890747004e-20
2.183890899291272126e-20
1.157819513328074170e-19
2.677892596747655164e-20
1.396257196194096502e-19
2.799378310543169932e-20
0.000000000000000000e+00
1.922464517660781802e-20
0.000000000000000000e+00
1.790076542572410167e-20
1.123919946949079863e-19
1.165159125758933438e-19
7.088067978896713904e-20
2.077471126455393333e-20
6.455683885932382614e-20
1.931162560965743016e-20
0.000000000000000000e+00
1.333726314062722224e-19
2.231575841625937092e-20
8.687290806607210190e-20
0.000000000000000000e+00
3.816460696327975413e-20
1.340431586537875326e-19
1.395582358982911893e-19
2.214448183749990964e-20
0.000000000000000000e+00
1.319629257599724725e-19
1.390560512792483776e-19
2.348283623483094779e-19
1.936435466699015067e-19
0.000000000000000000e+00
1.348595290248474123e-19
2.123250209527265222e-19
1.466014295677368087e-19
1.675736593857578081e-19
2.706528687220548551e-20
9.040247173383424940e-20
1.173087765285265447e-19
1.177807382901684590e-19
0.000000000000000000e+00
1.859893012760115433e-20
1.365760571813015696e-19
0.000000000000000000e+00
1.806199944850824026e-20
6.489471558194364667e-20
1.617247395790512198e-19
2.144884245842085074e-19
2.881018306857204434e-20
0.000000000000000000e+00
8.810871739170034346e-20
2.107409937872722948e-20
1.734359185312555463e-20
2.058001454623942066e-19
2.644733184699362086e-20
1.359417458687726043e-19
0.000000000000000000e+00
0.000000000000000000e+00
3.902939886343204901e-20
8.766667902205167753e-20
1.900468182900059337e-20
2.991641388152997055e-19
2.968342752633348696e-20
1.705906606608546510e-20
1.533341734625139410e-20
3.837495313869398467e-20
1.103526162516641728e-19
0.000000000000000000e+00
1.402313867526907140e-20
1.348861907414218039e-20
6.030068412186393342e-20
3.861137397956707923e-20
3.760475381934060442e-20
3.721661414004276131e-20
3.689802050081367872e-20
0.000000000000000000e+00
1.088482244697035145e-20
1.051781836567753526e-19
1.489495646703287516e-20
5.798477429118057529e-20
2.015439161735723307e-19
1.850749239265255368e-19
9.071205106258020337e-20
1.571677314480901472e-20
5.908737224382414218e-20
1.343041796373493154e-20
2.005507127323083880e-19
8.993305748178002502e-20
6.310811086753146669e-20
6.161378935208884067e-20
1.409687750246142618e-20
1.175072878178523953e-20
1.121812359070450569e-20
8.183758477673052975e-20
1.400662537637256836e-20
1.085808077872677369e-20
0.000000000000000000e+00
3.320190696355586779e-20
0.000000000000000000e+00
7.996908689656220064e-20
5.944014573222451437e-20
1.295416729784846374e-19
1.441247550214318741e-20
0.000000000000000000e+00
8.512250408294578193e-21
8.294574495131439674e-21
1.499568456510913461e-19
1.409611834496130738e-20
1.270317296630108329e-19
2.736027998895912537e-19
9.141239424274294853e-20
1.389158069734470933e-20
1.048077409981969485e-19
1.084313386785616542e-19
1.441300251510175088e-20
0.000000000000000000e+00
5.706765252209610715e-20
0.000000000000000000e+00
5.667565680056359133e-20
8.216415868360673194e-20
1.242323916013085505e-20
1.041052654996162495e-19
1.290192933752918954e-20
8.037910396985529442e-20
8.286542774740338090e-20
1.218189908508218565e-20
9.204281128953697400e-21
8.629711261527761197e-21
8.277223931905040529e-21
3.160490563093773533e-20
8.743116457057941451e-21
7.849124809526029693e-20
1.008179712719338522e-20
0.000000000000000000e+00
7.768458709631648896e-20
1.277482731282908563e-19
1.535852379640204831e-19
0.000000000000000000e+00
5.485032969919988601e-20
8.942111957676470986e-21
7.213415547441294779e-21
3.049065708225243276e-20
1.969474696215403536e-19
1.558535742048355939e-19
1.330472259577909059e-20
8.268627287022590278e-21
1.969080169990298255e-19
3.820503384111515535e-20
9.771871693900025631e-21
7.920055206692620820e-20
1.526015351069456048e-19
1.309865756786836118e-19
8.418490395993747079e-20
0.000000000000000000e+00
5.625319629194990385e-20
9.647420779170017630e-21
7.956227722450700997e-20
0.000000000000000000e+00
7.926184528517274835e-20
1.056740825874834176e-20
0.000000000000000000e+00
7.508688478922640527e-21
7.262763835885702501e-21
5.425513651483620623e-20
0.000000000000000000e+00
6.471194025644301219e-21
6.123449274323445518e-21
1.241055366696016016e-19
9.565663027546502476e-21
1.007340715604722456e-19
8.720100937081777578e-21
0.000000000000000000e+00
5.267777822262498445e-20
3.038595257838040908e-20
1.008264647180112359e-19
0.000000000000000000e+00
5.361242103193329881e-21
1.469934868283889484e-19
5.671544044278434157e-20
1.964452987931591366e-19
1.153116380988762164e-20
0.000000000000000000e+00
7.678997203745225970e-20
2.682871425687057902e-19
1.798380715939215191e-19
0.000000000000000000e+00
7.793932819321708928e-21
1.257026585860993486e-19
2.001613178468050520e-19
1.359946048888794552e-20
1.506645141718371884e-19
1.306597183140251219e-19
1.236175311064905593e-20
1.273809773142824192e-19
1.208869800794452802e-20
2.693446983028177457e-19
8.714584575761243609e-20
0.000000000000000000e+00
0.000000000000000000e+00
5.625643120432866462e-20
1.003960794435329837e-20
0.000000000000000000e+00
5.534047561835947510e-20
1.273369285232887858e-19
0.000000000000000000e+00
0.000000000000000000e+00
7.114189081520515273e-21
0.000000000000000000e+00
1.719499672076946148e-19
1.051522878560361920e-19
1.038900254204874507e-19
5.652606151092764871e-20
5.534814469885227680e-20
2.208054833037335896e-19
1.209003042203817353e-20
5.477719151342088376e-20
8.033827730769559284e-21
1.250928083451501946e-19
0.000000000000000000e+00
1.486617972492789844e-19
1.518309257863743807e-19
5.769533702447142800e-20
5.565791948052808769e-20
1.973860911600063584e-19
1.534312639456979880e-19
1.766679160172521799e-19
3.552922105629445040e-20
8.967099921820211842e-21
1.262209923348901628e-19
1.036093652504247058e-20
0.000000000000000000e+00
2.202173281483437457e-19
1.775193795508323440e-19
1.299329870238974496e-19
1.081683697081558455e-20
7.915168699991068162e-20
9.293549517363252245e-21
3.131649304947083628e-20
5.511772557956611974e-20
1.262702269209161748e-19
5.667403892533890792e-20
7.851436636690632715e-20
0.000000000000000000e+00
6.393846040631882534e-21
5.975492355453280385e-21
0.000000000000000000e+00
5.246706171009389436e-20
0.000000000000000000e+00
4.621076640997030456e-21
2.882153259109027777e-19
9.636294989058375277e-21
0.000000000000000000e+00
1.227550081624758299e-19
2.905015699486476153e-19
1.757156949706163914e-19
0.000000000000000000e+00
5.826336034349744767e-21
1.237885277336039403e-19
0.000000000000000000e+00
5.278553682519751797e-20
0.000000000000000000e+00
1.232864590063049021e-19
3.049527004529597083e-20
1.000889658016985642e-19
1.242720184156192107e-19
6.775964178489210319e-21
1.231830175517822240e-19
1.011957623947137164e-19
6.353229298172620476e-21
0.000000000000000000e+00
4.357744424746489959e-21
5.141775356129700916e-20
5.190313542250667776e-20
1.701319070367487270e-19
1.009552249764966600e-19
1.475330954956938682e-19
6.318636093779902096e-21
1.226903407587160998e-19
0.000000000000000000e+00
4.230217221297661096e-21
2.878800741038672875e-19
7.890367592926954893e-20
2.186657018952802989e-19
3.125465423275458910e-20
5.445479200828644855e-21
0.000000000000000000e+00
4.398525733646169809e-21
4.121352954592030427e-21
3.804416906938014635e-21
2.714415628044761492e-20
1.218632278580442162e-19
0.000000000000000000e+00
9.775817699186725237e-20
2.768450239853443550e-20
0.000000000000000000e+00
2.690431659582789246e-21
0.000000000000000000e+00
7.319729185862168948e-20
2.395379744317375513e-19
1.705681480625309890e-19
0.000000000000000000e+00
3.007878285407276643e-21
0.000000000000000000e+00
7.355107555217234898e-20
5.053104387723815701e-20
5.006454211785501420e-20
2.801584597463711092e-21
0.000000000000000000e+00
2.564743965996866739e-20
2.150720521358033213e-19
3.897027013339958011e-21
2.151939295184892077e-19
4.105469592939715170e-21
0.000000000000000000e+00
7.323498380153476286e-20
7.376230652944367063e-20
2.810178133327146091e-21
2.132512393592752441e-21
9.655795690828896736e-20
2.365354039892557009e-21
1.735391999178355233e-21
0.000000000000000000e+00
2.499826892415553581e-20
0.000000000000000000e+00
1.086178297929721728e-21
4.825776723909642341e-20
4.849049600090715514e-20
2.139920060880386421e-19
3.573107506807141782e-19
2.750311026187149497e-20
2.595241043420445347e-20
4.949771213956117443e-20
2.216558844403595923e-21
0.000000000000000000e+00
0.000000000000000000e+00
1.398581161492997818e-21
4.852836893435536237e-20
1.296282421814538748e-21
4.828594791468779518e-20
1.066226490180763462e-21
7.729126366728143415e-22
4.796941332617349070e-20
2.374120316343501688e-19
1.200431698218997702e-19
0.000000000000000000e+00
1.194073953657047676e-19
1.198187338146671805e-19
0.000000000000000000e+00
9.579641122493947794e-20
1.351680499300053879e-21
4.830849839458108375e-20
2.464321918145244760e-20
2.449225563694188655e-20
2.438710491058442857e-20
6.347954921106049171e-22
4.686744690873381507e-22
0.000000000000000000e+00
1.185770343355815791e-19
4.989830489291097195e-22
2.933221718929953653e-22
2.388515207523930987e-20
0.000000000000000000e+00
1.419587719753855792e-22
2.375707539473316798e-20
0.000000000000000000e+00
1.420380068192400431e-19
1.185124601957752965e-19
1.847175443557240710e-22
4.790994169387622017e-23
3.550075638948234673e-24
2.424673472561732564e-25
3.282537862796352562e-26
4.376699463303206070e-27
5.701632386731028463e-28
7.938164461123856532e-29
1.093656293588615544e-29
1.359553110986592016e-30
1.504943564794249616e-31
1.522654881117995666e-32
1.502873498233371992e-33
1.579747340032409844e-34
1.823184156113102731e-35
2.181124781370050808e-36
2.521983395813666562e-37
2.751931543654201263e-38
2.878145187648482585e-39
3.005620973444723719e-40
3.267690873084627423e-41
3.732674119970079905e-42
4.372459043983538240e-43
5.105025527966811913e-44
5.860661673829590171e-45
6.618869505450273392e-46
7.405000024011641829e-47
8.267536956716745924e-48
9.260119817974783076e-49
1.043870695430635011e-49
1.186704172678165808e-50
1.361406984484290706e-51
1.573363548190469380e-52
1.823523493774141024e-53
2.106804754341954840e-54
2.413574639492390408e-55
2.734000877518441155e-56
3.063148253129453314e-57
3.404141759338334361e-58
3.767755859453165583e-59
4.168683095653994703e-60
4.620420281629087092e-61
5.131378154219403185e-62
5.704238874768562405e-63
6.339122265237123597e-64
7.039474045048236274e-65
7.818402543997708732e-66
8.702821907118907763e-67
9.733280916104428331e-68
1.095863744525916100e-68
1.242646548735619559e-69
1.417174143057385894e-70
1.620733148481059922e-71
1.851962545067582791e-72
2.107129506128435200e-73
2.381107690207164710e-74
2.668847508935789479e-75
2.967003720606668995e-76
3.275364562059443226e-77
3.597788379843829420e-78
3.942454436109453801e-79
4.321337808094791008e-80
4.748912897620305187e-81
5.240186182506558829e-82
5.808269873626944393e-83
6.461832634479231286e-84
7.202877567058719819e-85
8.025360309577806856e-86
8.915128159885466393e-87
9.851507513114916594e-88
1.081059583668466590e-88
1.176996810658537846e-89
1.271416011970084284e-90
1.364002947144490172e-91
1.456099366276244902e-92
1.550924242486039705e-93
1.653530956098592543e-94
1.770481737343146442e-95
1.909269666279434896e-96
2.077565331301225571e-97
2.282402312643918385e-98
2.529437038698671791e-99
2.822420124397043885e-100
3.162995883160872464e-101
3.550904606587791058e-102
3.984601944571021761e-103
4.462238636197000736e-104
4.982873009430032214e-105
5.547731649735896305e-106
6.161304074067150223e-107
6.832065652851031654e-108
7.572673592943294936e-109
8.399569152956315561e-110
9.332031989040976387e-111
1.039084888781840337e-111
1.159685487309809316e-112
1.296965714991477261e-113
1.452684602196513247e-114
1.628392778220298202e-115
1.825509255182345054e-116
2.045477844586581733e-117
2.289984522390740640e-118
2.561206164819469648e-119
2.862057144158896571e-120
3.196404911997932341e-121
3.569238448421367392e-122
3.986791583180201584e-123
4.456642064341407604e-124
4.987821305766748279e-125
5.590973912828568847e-126
6.278597263153369467e-127
7.065369625649453825e-128
7.968544104247491031e-129
9.008351693701810432e-130
1.020832817038678855e-130
1.159546434336155681e-131
1.320008303981815052e-132
1.505537113302739368e-133
1.719653890911424536e-134
1.965963663143741845e-135
2.248012177295391947e-136
2.569133213447074469e-137
2.932307296063964644e-138
3.340056467727655905e-139
3.794401761886634583e-140
4.296909701094947910e-141
4.848851099053777929e-142
5.451489164591029083e-143
6.106503982462921157e-144
6.816546794883753587e-145
7.585900673316211178e-146
8.421205584830515112e-147
9.332187940963618966e-148
1.033232072278396394e-148
1.143933385274620323e-149
1.267549900234581417e-150
1.406763079104428655e-151
1.564677786667583338e-152
1.744762091526038149e-153
1.950764611899702026e-154
2.186621582903147951e-155
2.456370581781531614e-156
2.764091271544829974e-157
3.113894922553229894e-158
3.509983339869688997e-159
3.956793915692172439e-160
4.459240899962396502e-161
5.023054013691537109e-162
5.655204891970031599e-163
6.364400466039202966e-164
7.161611399179157095e-165
8.060594316756617640e-166
9.078360069169634142e-167
1.023553778636538487e-167
1.155658693259905708e-168
1.306981747554823899e-169
1.480719165743685765e-170
1.680389910730234546e-171
1.909771894709211987e-172
2.172820634295776990e-173
2.473576445637375349e-174
2.816068360875257474e-175
3.204224544875390760e-176
3.641799914414661083e-177
4.132331784111062748e-178
4.679133627482263827e-179
5.285335459958057114e-180
5.953976993782091524e-181
6.688156693507520042e-182
7.491236309722659264e-183
8.367096534936338097e-184
9.320435268857007979e-185
1.035709578354239130e-185
1.148440806630072012e-186
1.271152307279646939e-187
1.404971689368841492e-188
1.551264032890709761e-189
1.711648949687175066e-190
1.888007526448519597e-191
2.082477373765219316e-192
2.297434688407965496e-193
2.535463140719753504e-194
2.799310481672246493e-195
3.091834955562192731e-196
3.415944815697236961e-197
3.774535373075193514e-198
4.170428965234976565e-199
4.606323930873953985e-200
5.084759054911768131e-201
5.608099975741486485e-202
6.178553717200500661e-203
6.798216843042372769e-204
7.469161771332368870e-205
8.193564583649926961e-206
8.973876282761097111e-207
9.813037966429510991e-208
1.071473888248076287e-208
1.168371491932190176e-209
1.272608389897645844e-210
1.384971323048878572e-211
1.506461521492724334e-212
1.638336572113210127e-213
1.782154317928576869e-214
1.939818688637434306e-215
2.113627637818295894e-216
2.306323684049796961e-217
2.521147879732294224e-218
2.761898308878737800e-219
3.032994383354620565e-220
3.339548208583100843e-221
3.687444081584877213e-222
4.083426749812927052e-223
4.535198418828251014e-224
5.051523714095557505e-225
5.642340984873809759e-226
6.318877632129824777e-227
7.093766718086218908e-228
7.981162148255307174e-229
8.996850365687053851e-230
1.015835787826541611e-230
1.148505610748343540e-231
1.299826797858464641e-232
1.472138426193737411e-233
1.668000174008825299e-234
1.890209956502249878e-235
2.141827439186695660e-236
2.426205871353450700e-237
2.747034996150860015e-238
3.108398008436217415e-239
3.514845619560173288e-240
3.971490224586259949e-241
4.484122928200303296e-242
5.059355746426506830e-243
5.704790636534004095e-244
6.429216090353494204e-245
7.242830831143978774e-246
8.157492662363131791e-247
9.186988724538154257e-248
1.034732134648453746e-248
1.165700139087379551e-249
1.313733860440101465e-250
1.481271616336883235e-251
1.671083459558393624e-252
1.886290886011715692e-253
2.130380192728250004e-254
2.407207909614415062e-255
2.720996988012821012e-256
3.076322889489575378e-257
3.478089400979917025e-258
3.931494914373870848e-259
4.441991038325644272e-260
5.015236725041368853e-261
5.657052540695683594e-262
6.373381210003801742e-263
7.170262031308681140e-264
8.053828084831378994e-265
9.030336235754165910e-266
1.010624066183112324e-266
1.128832092081564056e-267
1.258387534449716526e-268
1.400098975741837478e-269
1.554889015218998893e-270
1.723838602208319502e-271
1.908240859508893809e-272
2.109664529483667156e-273
2.330026845292883955e-274
2.571675270586393936e-275
2.837477172542827093e-276
3.130916105529029642e-277
3.456192996366801324e-278
3.818330148637655595e-279
4.223275635823021065e-280
4.678005347611317630e-281
5.190619711197767395e-282
5.770431956700366114e-283
6.428044767068504903e-284
7.175412290207566738e-285
8.025884844391010974e-286
8.994234273619406240e-287
1.009665886708355866e-287
1.135076810486975371e-288
1.277554928182389834e-289
1.439132032948669204e-290
1.621967591497677903e-291
1.828343712541972100e-292
2.060661868472670592e-293
2.321443158398831536e-294
2.613334306967462688e-295
2.939121989964601907e-296
3.301758436471635944e-297
3.704401545465362931e-298
4.150472936011893192e-299
4.643737387137408716e-300
5.188406980001535526e-301
5.789272899746117408e-302
6.451867264242126193e-303
7.182656510948319463e-304
7.989266796148072818e-305
8.880740567096034039e-306
9.867822003034987553e-307
1.096326745485858154e-307
1.218217543792656366e-308
1.354232926234950764e-309
1.506454415223187077e-310
1.677300985486794937e-311
1.869561942314267438e-312
2.086427521677926521e-313
2.331516434174772960e-314
2.608899784323336530e-315
2.923121113190839052e-316
3.279212504577521563e-317
3.682706036223150791e-318
4.139627826810052420e-319
4.656074646407907432e-320
5.237095845917213368e-321
5.829974620926709221e-322
5.928787750094958530e-323
0.000000000000000000e+00
0.000000000000000000e+00
0.000000000000000000e+00
0.000000000000000000e+00
0.000000000000000000e+00
0.000000000000000000e+00
0.000000000000000000e+00
0.000000000000000000e+00
0.000000000000000000e+00
0.000000000000000000e+00
0.000000000000000000e+00
0.000000000000000000e+00
0.000000000000000000e+00
0.000000000000000000e+00
0.000000000000000000e+00
0.000000000000000000e+00
0.000000000000000000e+00
0.000000000000000000e+00
0.000000000000000000e+00
0.000000000000000000e+00
0.000000000000000000e+00
0.000000000000000000e+00
0.000000000000000000e+00
0.000000000000000000e+00
0.000000000000000000e+00
0.000000000000000000e+00
0.000000000000000000e+00
0.000000000000000000e+00
0.000000000000000000e+00
0.000000000000000000e+00
0.000000000000000000e+00
0.000000000000000000e+00
0.000000000000000000e+00
0.000000000000000000e+00
0.000000000000000000e+00
0.000000000000000000e+00
0.000000000000000000e+00
0.000000000000000000e+00
0.000000000000000000e+00
0.000000000000000000e+00
0.000000000000000000e+00
0.000000000000000000e+00
0.000000000000000000e+00
0.000000000000000000e+00
0.000000000000000000e+00
0.000000000000000000e+00
0.000000000000000000e+00
0.000000000000000000e+00
0.000000000000000000e+00
0.000000000000000000e+00
0.000000000000000000e+00
0.000000000000000000e+00
0.000000000000000000e+00
0.000000000000000000e+00
0.000000000000000000e+00
0.000000000000000000e+00
0.000000000000000000e+00
0.000000000000000000e+00
0.000000000000000000e+00
0.000000000000000000e+00
0.000000000000000000e+00
0.000000000000000000e+00
0.000000000000000000e+00
0.000000000000000000e+00
0.000000000000000000e+00
0.000000000000000000e+00
0.000000000000000000e+00
0.000000000000000000e+00
0.000000000000000000e+00
0.000000000000000000e+00
0.000000000000000000e+00
0.000000000000000000e+00
0.000000000000000000e+00
0.000000000000000000e+00
0.000000000000000000e+00
0.000000000000000000e+00
0.000000000000000000e+00
0.000000000000000000e+00
0.000000000000000000e+00
0.000000000000000000e+00
0.000000000000000000e+00
0.000000000000000000e+00
0.000000000000000000e+00
0.000000000000000000e+00
0.000000000000000000e+00
0.000000000000000000e+00
0.000000000000000000e+00
0.000000000000000000e+00
0.000000000000000000e+00
0.000000000000000000e+00
0.000000000000000000e+00
0.000000000000000000e+00
0.000000000000000000e+00
0.000000000000000000e+00
0.000000000000000000e+00
0.000000000000000000e+00
0.000000000000000000e+00
0.000000000000000000e+00
0.000000000000000000e+00
0.000000000000000000e+00
0.000000000000000000e+00
0.000000000000000000e+00
0.000000000000000000e+00
0.000000000000000000e+00
0.000000000000000000e+00
0.000000000000000000e+00
0.000000000000000000e+00
0.000000000000000000e+00
0.000000000000000000e+00
0.000000000000000000e+00
0.000000000000000000e+00
0.000000000000000000e+00
0.000000000000000000e+00
0.000000000000000000e+00
0.000000000000000000e+00
0.000000000000000000e+00
0.000000000000000000e+00
0.000000000000000000e+00
0.000000000000000000e+00
0.000000000000000000e+00
0.000000000000000000e+00
0.000000000000000000e+00
0.000000000000000000e+00
0.000000000000000000e+00
0.000000000000000000e+00
0.000000000000000000e+00
0.000000000000000000e+00
0.000000000000000000e+00
0.000000000000000000e+00
0.000000000000000000e+00
0.000000000000000000e+00
0.000000000000000000e+00
0.000000000000000000e+00
0.000000000000000000e+00
0.000000000000000000e+00
0.000000000000000000e+00
0.000000000000000000e+00
0.000000000000000000e+00
0.000000000000000000e+00
0.000000000000000000e+00
0.000000000000000000e+00
0.000000000000000000e+00
0.000000000000000000e+00
0.000000000000000000e+00
0.000000000000000000e+00
0.000000000000000000e+00
0.000000000000000000e+00
0.000000000000000000e+00
0.000000000000000000e+00
0.000000000000000000e+00
0.000000000000000000e+00
0.000000000000000000e+00
0.000000000000000000e+00
0.000000000000000000e+00
0.000000000000000000e+00
0.000000000000000000e+00
0.000000000000000000e+00
0.000000000000000000e+00
0.000000000000000000e+00
0.000000000000000000e+00
0.000000000000000000e+00
0.000000000000000000e+00
0.000000000000000000e+00
0.000000000000000000e+00
0.000000000000000000e+00
0.000000000000000000e+00
0.000000000000000000e+00
0.000000000000000000e+00
0.000000000000000000e+00
0.000000000000000000e+00
0.000000000000000000e+00
0.000000000000000000e+00
0.000000000000000000e+00
0.000000000000000000e+00
0.000000000000000000e+00
0.000000000000000000e+00
0.000000000000000000e+00
0.000000000000000000e+00
0.000000000000000000e+00
0.000000000000000000e+00
0.000000000000000000e+00
0.000000000000000000e+00
0.000000000000000000e+00
0.000000000000000000e+00
0.000000000000000000e+00
0.000000000000000000e+00
0.000000000000000000e+00
0.000000000000000000e+00
0.000000000000000000e+00
0.000000000000000000e+00
0.000000000000000000e+00
0.000000000000000000e+00
0.000000000000000000e+00
0.000000000000000000e+00
0.000000000000000000e+00
0.000000000000000000e+00
0.000000000000000000e+00
0.000000000000000000e+00
0.000000000000000000e+00
0.000000000000000000e+00
0.000000000000000000e+00
0.000000000000000000e+00
0.000000000000000000e+00
0.000000000000000000e+00
0.000000000000000000e+00
0.000000000000000000e+00
0.000000000000000000e+00
0.000000000000000000e+00
0.000000000000000000e+00
0.000000000000000000e+00
0.000000000000000000e+00
0.000000000000000000e+00
0.000000000000000000e+00
0.000000000000000000e+00
0.000000000000000000e+00
0.000000000000000000e+00
0.000000000000000000e+00
0.000000000000000000e+00
0.000000000000000000e+00
0.000000000000000000e+00
0.000000000000000000e+00
0.000000000000000000e+00
0.000000000000000000e+00
0.000000000000000000e+00
0.000000000000000000e+00
0.000000000000000000e+00
0.000000000000000000e+00
0.000000000000000000e+00
0.000000000000000000e+00
0.000000000000000000e+00
0.000000000000000000e+00
0.000000000000000000e+00
0.000000000000000000e+00
0.000000000000000000e+00
0.000000000000000000e+00
0.000000000000000000e+00
0.000000000000000000e+00
0.000000000000000000e+00
0.000000000000000000e+00
0.000000000000000000e+00
0.000000000000000000e+00
0.000000000000000000e+00
0.000000000000000000e+00
0.000000000000000000e+00
0.000000000000000000e+00
0.000000000000000000e+00
0.000000000000000000e+00
0.000000000000000000e+00
0.000000000000000000e+00
0.000000000000000000e+00
0.000000000000000000e+00
0.000000000000000000e+00
0.000000000000000000e+00
0.000000000000000000e+00
0.000000000000000000e+00
0.000000000000000000e+00
0.000000000000000000e+00
0.000000000000000000e+00
0.000000000000000000e+00
0.000000000000000000e+00
0.000000000000000000e+00
0.000000000000000000e+00
0.000000000000000000e+00
0.000000000000000000e+00
0.000000000000000000e+00
0.000000000000000000e+00
0.000000000000000000e+00
0.000000000000000000e+00
0.000000000000000000e+00
0.000000000000000000e+00
0.000000000000000000e+00
0.000000000000000000e+00
0.000000000000000000e+00
0.000000000000000000e+00
0.000000000000000000e+00
0.000000000000000000e+00
0.000000000000000000e+00
0.000000000000000000e+00
0.000000000000000000e+00
0.000000000000000000e+00
0.000000000000000000e+00
0.000000000000000000e+00
0.000000000000000000e+00
0.000000000000000000e+00
0.000000000000000000e+00
0.000000000000000000e+00
0.000000000000000000e+00
0.000000000000000000e+00
0.000000000000000000e+00
0.000000000000000000e+00
0.000000000000000000e+00
0.000000000000000000e+00
0.000000000000000000e+00
0.000000000000000000e+00
0.000000000000000000e+00
0.000000000000000000e+00
0.000000000000000000e+00
0.000000000000000000e+00
0.000000000000000000e+00
0.000000000000000000e+00
0.000000000000000000e+00
0.000000000000000000e+00
0.000000000000000000e+00
0.000000000000000000e+00
0.000000000000000000e+00
0.000000000000000000e+00
0.000000000000000000e+00
0.000000000000000000e+00
0.000000000000000000e+00
0.000000000000000000e+00
0.000000000000000000e+00
0.000000000000000000e+00
0.000000000000000000e+00
0.000000000000000000e+00
0.000000000000000000e+00
0.000000000000000000e+00
0.000000000000000000e+00
0.000000000000000000e+00
0.000000000000000000e+00
0.000000000000000000e+00
0.000000000000000000e+00
0.000000000000000000e+00
0.000000000000000000e+00
0.000000000000000000e+00
0.000000000000000000e+00
0.000000000000000000e+00
0.000000000000000000e+00
0.000000000000000000e+00
0.000000000000000000e+00
0.000000000000000000e+00
0.000000000000000000e+00
0.000000000000000000e+00
0.000000000000000000e+00
0.000000000000000000e+00
0.000000000000000000e+00
0.000000000000000000e+00
0.000000000000000000e+00
0.000000000000000000e+00
0.000000000000000000e+00
0.000000000000000000e+00
0.000000000000000000e+00
0.000000000000000000e+00
0.000000000000000000e+00
0.000000000000000000e+00
0.000000000000000000e+00
0.000000000000000000e+00
0.000000000000000000e+00
0.000000000000000000e+00
0.000000000000000000e+00
0.000000000000000000e+00
0.000000000000000000e+00
0.000000000000000000e+00
0.000000000000000000e+00
0.000000000000000000e+00
0.000000000000000000e+00
0.000000000000000000e+00
0.000000000000000000e+00
0.000000000000000000e+00
0.000000000000000000e+00
0.000000000000000000e+00
0.000000000000000000e+00
0.000000000000000000e+00
0.000000000000000000e+00
0.000000000000000000e+00
0.000000000000000000e+00
0.000000000000000000e+00
0.000000000000000000e+00
0.000000000000000000e+00
0.000000000000000000e+00
0.000000000000000000e+00
0.000000000000000000e+00
0.000000000000000000e+00
0.000000000000000000e+00
0.000000000000000000e+00
0.000000000000000000e+00
0.000000000000000000e+00
0.000000000000000000e+00
0.000000000000000000e+00
0.000000000000000000e+00
0.000000000000000000e+00
0.000000000000000000e+00
0.000000000000000000e+00
0.000000000000000000e+00
0.000000000000000000e+00
0.000000000000000000e+00
0.000000000000000000e+00
0.000000000000000000e+00
0.000000000000000000e+00
0.000000000000000000e+00
0.000000000000000000e+00
0.000000000000000000e+00
0.000000000000000000e+00
0.000000000000000000e+00
0.000000000000000000e+00
0.000000000000000000e+00
0.000000000000000000e+00
0.000000000000000000e+00
0.000000000000000000e+00
0.000000000000000000e+00
0.000000000000000000e+00
0.000000000000000000e+00
0.000000000000000000e+00
0.000000000000000000e+00
0.000000000000000000e+00
0.000000000000000000e+00
0.000000000000000000e+00
0.000000000000000000e+00
0.000000000000000000e+00
0.000000000000000000e+00
0.000000000000000000e+00
0.000000000000000000e+00
0.000000000000000000e+00
0.000000000000000000e+00
0.000000000000000000e+00
0.000000000000000000e+00
0.000000000000000000e+00
0.000000000000000000e+00
0.000000000000000000e+00
0.000000000000000000e+00
0.000000000000000000e+00
0.000000000000000000e+00
0.000000000000000000e+00
0.000000000000000000e+00
0.000000000000000000e+00
0.000000000000000000e+00
0.000000000000000000e+00
0.000000000000000000e+00
0.000000000000000000e+00
0.000000000000000000e+00
0.000000000000000000e+00
0.000000000000000000e+00
0.000000000000000000e+00
0.000000000000000000e+00
0.000000000000000000e+00
0.000000000000000000e+00
0.000000000000000000e+00
0.000000000000000000e+00
0.000000000000000000e+00
0.000000000000000000e+00
0.000000000000000000e+00
0.000000000000000000e+00
0.000000000000000000e+00
0.000000000000000000e+00
0.000000000000000000e+00
0.000000000000000000e+00
0.000000000000000000e+00
0.000000000000000000e+00
0.000000000000000000e+00
0.000000000000000000e+00
0.000000000000000000e+00
0.000000000000000000e+00
0.000000000000000000e+00
0.000000000000000000e+00
0.000000000000000000e+00
0.000000000000000000e+00
0.000000000000000000e+00
0.000000000000000000e+00
0.000000000000000000e+00
0.000000000000000000e+00
0.000000000000000000e+00
0.000000000000000000e+00
0.000000000000000000e+00
0.000000000000000000e+00
0.000000000000000000e+00
0.000000000000000000e+00
0.000000000000000000e+00
0.000000000000000000e+00
0.000000000000000000e+00
0.000000000000000000e+00
0.000000000000000000e+00
0.000000000000000000e+00
0.000000000000000000e+00
0.000000000000000000e+00
0.000000000000000000e+00
0.000000000000000000e+00
0.000000000000000000e+00
0.000000000000000000e+00
0.000000000000000000e+00
0.000000000000000000e+00
0.000000000000000000e+00
0.000000000000000000e+00
0.000000000000000000e+00
0.000000000000000000e+00
0.000000000000000000e+00
0.000000000000000000e+00
0.000000000000000000e+00
0.000000000000000000e+00
0.000000000000000000e+00
0.000000000000000000e+00
0.000000000000000000e+00
0.000000000000000000e+00
0.000000000000000000e+00
0.000000000000000000e+00
0.000000000000000000e+00
0.000000000000000000e+00
0.000000000000000000e+00
0.000000000000000000e+00
0.000000000000000000e+00
0.000000000000000000e+00
0.000000000000000000e+00
0.000000000000000000e+00
0.000000000000000000e+00
0.000000000000000000e+00
0.000000000000000000e+00
0.000000000000000000e+00
0.000000000000000000e+00
0.000000000000000000e+00
0.000000000000000000e+00
0.000000000000000000e+00
0.000000000000000000e+00
0.000000000000000000e+00
0.000000000000000000e+00
0.000000000000000000e+00
0.000000000000000000e+00
0.000000000000000000e+00
0.000000000000000000e+00
0.000000000000000000e+00
0.000000000000000000e+00
0.000000000000000000e+00
0.000000000000000000e+00
0.000000000000000000e+00
0.000000000000000000e+00
0.000000000000000000e+00
0.000000000000000000e+00
0.000000000000000000e+00
0.000000000000000000e+00
0.000000000000000000e+00
0.000000000000000000e+00
0.000000000000000000e+00
0.000000000000000000e+00
0.000000000000000000e+00
0.000000000000000000e+00
0.000000000000000000e+00
0.000000000000000000e+00
0.000000000000000000e+00
0.000000000000000000e+00
0.000000000000000000e+00
0.000000000000000000e+00
0.000000000000000000e+00
0.000000000000000000e+00
0.000000000000000000e+00
0.000000000000000000e+00
0.000000000000000000e+00
0.000000000000000000e+00
0.000000000000000000e+00
0.000000000000000000e+00
0.000000000000000000e+00
0.000000000000000000e+00
0.000000000000000000e+00
0.000000000000000000e+00
0.000000000000000000e+00
0.000000000000000000e+00
0.000000000000000000e+00
0.000000000000000000e+00
0.000000000000000000e+00
0.000000000000000000e+00
0.000000000000000000e+00
0.000000000000000000e+00
0.000000000000000000e+00
0.000000000000000000e+00
0.000000000000000000e+00
0.000000000000000000e+00
0.000000000000000000e+00
0.000000000000000000e+00
0.000000000000000000e+00
0.000000000000000000e+00
0.000000000000000000e+00
0.000000000000000000e+00
0.000000000000000000e+00
0.000000000000000000e+00
0.000000000000000000e+00
0.000000000000000000e+00
0.000000000000000000e+00
0.000000000000000000e+00
0.000000000000000000e+00
0.000000000000000000e+00
0.000000000000000000e+00
0.000000000000000000e+00
0.000000000000000000e+00
0.000000000000000000e+00
0.000000000000000000e+00
0.000000000000000000e+00
0.000000000000000000e+00
0.000000000000000000e+00
0.000000000000000000e+00
0.000000000000000000e+00
0.000000000000000000e+00
0.000000000000000000e+00
0.000000000000000000e+00
0.000000000000000000e+00
0.000000000000000000e+00
0.000000000000000000e+00
0.000000000000000000e+00
0.000000000000000000e+00
0.000000000000000000e+00
0.000000000000000000e+00
0.000000000000000000e+00
0.000000000000000000e+00
0.000000000000000000e+00
0.000000000000000000e+00
0.000000000000000000e+00
0.000000000000000000e+00
0.000000000000000000e+00
0.000000000000000000e+00
0.000000000000000000e+00
0.000000000000000000e+00
0.000000000000000000e+00
0.000000000000000000e+00
0.000000000000000000e+00
0.000000000000000000e+00
0.000000000000000000e+00
0.000000000000000000e+00
0.000000000000000000e+00
0.000000000000000000e+00
0.000000000000000000e+00
0.000000000000000000e+00
0.000000000000000000e+00
0.000000000000000000e+00
0.000000000000000000e+00
0.000000000000000000e+00
0.000000000000000000e+00
0.000000000000000000e+00
0.000000000000000000e+00
0.000000000000000000e+00
0.000000000000000000e+00
0.000000000000000000e+00
0.000000000000000000e+00
0.000000000000000000e+00
0.000000000000000000e+00
0.000000000000000000e+00
0.000000000000000000e+00
0.000000000000000000e+00
0.000000000000000000e+00
0.000000000000000000e+00
0.000000000000000000e+00
0.000000000000000000e+00
0.000000000000000000e+00
0.000000000000000000e+00
0.000000000000000000e+00
0.000000000000000000e+00
0.000000000000000000e+00
0.000000000000000000e+00
0.000000000000000000e+00
0.000000000000000000e+00
0.000000000000000000e+00
0.000000000000000000e+00
0.000000000000000000e+00
0.000000000000000000e+00
0.000000000000000000e+00
0.000000000000000000e+00
0.000000000000000000e+00
0.000000000000000000e+00
0.000000000000000000e+00
0.000000000000000000e+00
0.000000000000000000e+00
0.000000000000000000e+00
0.000000000000000000e+00
0.000000000000000000e+00
0.000000000000000000e+00
0.000000000000000000e+00
0.000000000000000000e+00
0.000000000000000000e+00
0.000000000000000000e+00
0.000000000000000000e+00
0.000000000000000000e+00
0.000000000000000000e+00
0.000000000000000000e+00
0.000000000000000000e+00
0.000000000000000000e+00
0.000000000000000000e+00
0.000000000000000000e+00
0.000000000000000000e+00
0.000000000000000000e+00
0.000000000000000000e+00
0.000000000000000000e+00
0.000000000000000000e+00
0.000000000000000000e+00
0.000000000000000000e+00
0.000000000000000000e+00
0.000000000000000000e+00
0.000000000000000000e+00
0.000000000000000000e+00
0.000000000000000000e+00
0.000000000000000000e+00
0.000000000000000000e+00
0.000000000000000000e+00
0.000000000000000000e+00
0.000000000000000000e+00
0.000000000000000000e+00
0.000000000000000000e+00
0.000000000000000000e+00
0.000000000000000000e+00
0.000000000000000000e+00
0.000000000000000000e+00
0.000000000000000000e+00
0.000000000000000000e+00
0.000000000000000000e+00
0.000000000000000000e+00
0.000000000000000000e+00
0.000000000000000000e+00
0.000000000000000000e+00
0.000000000000000000e+00
0.000000000000000000e+00
0.000000000000000000e+00
0.000000000000000000e+00
0.000000000000000000e+00
0.000000000000000000e+00
0.000000000000000000e+00
0.000000000000000000e+00
0.000000000000000000e+00
0.000000000000000000e+00
0.000000000000000000e+00
0.000000000000000000e+00
0.000000000000000000e+00
0.000000000000000000e+00
0.000000000000000000e+00
0.000000000000000000e+00
0.000000000000000000e+00
0.000000000000000000e+00
0.000000000000000000e+00
0.000000000000000000e+00
0.000000000000000000e+00
0.000000000000000000e+00
0.000000000000000000e+00
0.000000000000000000e+00
0.000000000000000000e+00
0.000000000000000000e+00
0.000000000000000000e+00
0.000000000000000000e+00
0.000000000000000000e+00
0.000000000000000000e+00
0.000000000000000000e+00
0.000000000000000000e+00
0.000000000000000000e+00
0.000000000000000000e+00
0.000000000000000000e+00
0.000000000000000000e+00
0.000000000000000000e+00
0.000000000000000000e+00
0.000000000000000000e+00
0.000000000000000000e+00
0.000000000000000000e+00
0.000000000000000000e+00
0.000000000000000000e+00
0.000000000000000000e+00
0.000000000000000000e+00
0.000000000000000000e+00
0.000000000000000000e+00
0.000000000000000000e+00
0.000000000000000000e+00
0.000000000000000000e+00
0.000000000000000000e+00
0.000000000000000000e+00
0.000000000000000000e+00
0.000000000000000000e+00
0.000000000000000000e+00
0.000000000000000000e+00
0.000000000000000000e+00
0.000000000000000000e+00
0.000000000000000000e+00
0.000000000000000000e+00
0.000000000000000000e+00
0.000000000000000000e+00
0.000000000000000000e+00
0.000000000000000000e+00
0.000000000000000000e+00
0.000000000000000000e+00
0.000000000000000000e+00
0.000000000000000000e+00
0.000000000000000000e+00
0.000000000000000000e+00
0.000000000000000000e+00
0.000000000000000000e+00
0.000000000000000000e+00
0.000000000000000000e+00
0.000000000000000000e+00
0.000000000000000000e+00
0.000000000000000000e+00
0.000000000000000000e+00
0.000000000000000000e+00
0.000000000000000000e+00
0.000000000000000000e+00
0.000000000000000000e+00
0.000000000000000000e+00
0.000000000000000000e+00
0.000000000000000000e+00
0.000000000000000000e+00
0.000000000000000000e+00
0.000000000000000000e+00
0.000000000000000000e+00
0.000000000000000000e+00
0.000000000000000000e+00
0.000000000000000000e+00
0.000000000000000000e+00
0.000000000000000000e+00
0.000000000000000000e+00
0.000000000000000000e+00
0.000000000000000000e+00
0.000000000000000000e+00
0.000000000000000000e+00
0.000000000000000000e+00
0.000000000000000000e+00
0.000000000000000000e+00
0.000000000000000000e+00
0.000000000000000000e+00
0.000000000000000000e+00
0.000000000000000000e+00
0.000000000000000000e+00
0.000000000000000000e+00
0.000000000000000000e+00
0.000000000000000000e+00
0.000000000000000000e+00
0.000000000000000000e+00
0.000000000000000000e+00
0.000000000000000000e+00
0.000000000000000000e+00
0.000000000000000000e+00
0.000000000000000000e+00
0.000000000000000000e+00
0.000000000000000000e+00
0.000000000000000000e+00
0.000000000000000000e+00
0.000000000000000000e+00
0.000000000000000000e+00
0.000000000000000000e+00
0.000000000000000000e+00
0.000000000000000000e+00
0.000000000000000000e+00
0.000000000000000000e+00
0.000000000000000000e+00
0.000000000000000000e+00
0.000000000000000000e+00
0.000000000000000000e+00
0.000000000000000000e+00
0.000000000000000000e+00
0.000000000000000000e+00
0.000000000000000000e+00
0.000000000000000000e+00
0.000000000000000000e+00
0.000000000000000000e+00
0.000000000000000000e+00
0.000000000000000000e+00
0.000000000000000000e+00
0.000000000000000000e+00
0.000000000000000000e+00
0.000000000000000000e+00
0.000000000000000000e+00
0.000000000000000000e+00
0.000000000000000000e+00
0.000000000000000000e+00
0.000000000000000000e+00
0.000000000000000000e+00
0.000000000000000000e+00
0.000000000000000000e+00
0.000000000000000000e+00
0.000000000000000000e+00
0.000000000000000000e+00
0.000000000000000000e+00
0.000000000000000000e+00
0.000000000000000000e+00
0.000000000000000000e+00
0.000000000000000000e+00
0.000000000000000000e+00
0.000000000000000000e+00
0.000000000000000000e+00
0.000000000000000000e+00
0.000000000000000000e+00
0.000000000000000000e+00
0.000000000000000000e+00
0.000000000000000000e+00
0.000000000000000000e+00
0.000000000000000000e+00
0.000000000000000000e+00
0.000000000000000000e+00
0.000000000000000000e+00
0.000000000000000000e+00
0.000000000000000000e+00
0.000000000000000000e+00
0.000000000000000000e+00
0.000000000000000000e+00
0.000000000000000000e+00
0.000000000000000000e+00
0.000000000000000000e+00
0.000000000000000000e+00
0.000000000000000000e+00
0.000000000000000000e+00
0.000000000000000000e+00
0.000000000000000000e+00
0.000000000000000000e+00
0.000000000000000000e+00
0.000000000000000000e+00
0.000000000000000000e+00
0.000000000000000000e+00
0.000000000000000000e+00
0.000000000000000000e+00
0.000000000000000000e+00
0.000000000000000000e+00
0.000000000000000000e+00
0.000000000000000000e+00
0.000000000000000000e+00
0.000000000000000000e+00
0.000000000000000000e+00
0.000000000000000000e+00
0.000000000000000000e+00
0.000000000000000000e+00
0.000000000000000000e+00
0.000000000000000000e+00
0.000000000000000000e+00
0.000000000000000000e+00
0.000000000000000000e+00
0.000000000000000000e+00
0.000000000000000000e+00
0.000000000000000000e+00
0.000000000000000000e+00
0.000000000000000000e+00
0.000000000000000000e+00
0.000000000000000000e+00
0.000000000000000000e+00
0.000000000000000000e+00
0.000000000000000000e+00
0.000000000000000000e+00
0.000000000000000000e+00
0.000000000000000000e+00
0.000000000000000000e+00
0.000000000000000000e+00
0.000000000000000000e+00
0.000000000000000000e+00
0.000000000000000000e+00
0.000000000000000000e+00
0.000000000000000000e+00
0.000000000000000000e+00
0.000000000000000000e+00
0.000000000000000000e+00
0.000000000000000000e+00
0.000000000000000000e+00
0.000000000000000000e+00
0.000000000000000000e+00
0.000000000000000000e+00
0.000000000000000000e+00
0.000000000000000000e+00
0.000000000000000000e+00
0.000000000000000000e+00
0.000000000000000000e+00
0.000000000000000000e+00
0.000000000000000000e+00
0.000000000000000000e+00
0.000000000000000000e+00
0.000000000000000000e+00
0.000000000000000000e+00
0.000000000000000000e+00
0.000000000000000000e+00
0.000000000000000000e+00
0.000000000000000000e+00
0.000000000000000000e+00
0.000000000000000000e+00
0.000000000000000000e+00
0.000000000000000000e+00
0.000000000000000000e+00
0.000000000000000000e+00
0.000000000000000000e+00
0.000000000000000000e+00
0.000000000000000000e+00
0.000000000000000000e+00
0.000000000000000000e+00
0.000000000000000000e+00
0.000000000000000000e+00
0.000000000000000000e+00
0.000000000000000000e+00
0.000000000000000000e+00
0.000000000000000000e+00
0.000000000000000000e+00
0.000000000000000000e+00
0.000000000000000000e+00
0.000000000000000000e+00
0.000000000000000000e+00
0.000000000000000000e+00
0.000000000000000000e+00
0.000000000000000000e+00
0.000000000000000000e+00
0.000000000000000000e+00
0.000000000000000000e+00
0.000000000000000000e+00
0.000000000000000000e+00
0.000000000000000000e+00
0.000000000000000000e+00
0.000000000000000000e+00
0.000000000000000000e+00
0.000000000000000000e+00
0.000000000000000000e+00
0.000000000000000000e+00
0.000000000000000000e+00
0.000000000000000000e+00
0.000000000000000000e+00
0.000000000000000000e+00
0.000000000000000000e+00
0.000000000000000000e+00
0.000000000000000000e+00
0.000000000000000000e+00
0.000000000000000000e+00
0.000000000000000000e+00
0.000000000000000000e+00
0.000000000000000000e+00
0.000000000000000000e+00
0.000000000000000000e+00
0.000000000000000000e+00
0.000000000000000000e+00
0.000000000000000000e+00
0.000000000000000000e+00
0.000000000000000000e+00
0.000000000000000000e+00
0.000000000000000000e+00
0.000000000000000000e+00
0.000000000000000000e+00
0.000000000000000000e+00
0.000000000000000000e+00
0.000000000000000000e+00
0.000000000000000000e+00
0.000000000000000000e+00
0.000000000000000000e+00
0.000000000000000000e+00
0.000000000000000000e+00
0.000000000000000000e+00
0.000000000000000000e+00
0.000000000000000000e+00
0.000000000000000000e+00
0.000000000000000000e+00
0.000000000000000000e+00
0.000000000000000000e+00
0.000000000000000000e+00
0.000000000000000000e+00
0.000000000000000000e+00
0.000000000000000000e+00
0.000000000000000000e+00
0.000000000000000000e+00
0.000000000000000000e+00
0.000000000000000000e+00
0.000000000000000000e+00
0.000000000000000000e+00
0.000000000000000000e+00
0.000000000000000000e+00
0.000000000000000000e+00
0.000000000000000000e+00
0.000000000000000000e+00
0.000000000000000000e+00
0.000000000000000000e+00
0.000000000000000000e+00
0.000000000000000000e+00
0.000000000000000000e+00
0.000000000000000000e+00
0.000000000000000000e+00
0.000000000000000000e+00
0.000000000000000000e+00
0.000000000000000000e+00
0.000000000000000000e+00
0.000000000000000000e+00
0.000000000000000000e+00
0.000000000000000000e+00
0.000000000000000000e+00
0.000000000000000000e+00
0.000000000000000000e+00
0.000000000000000000e+00
0.000000000000000000e+00
0.000000000000000000e+00
0.000000000000000000e+00
0.000000000000000000e+00
0.000000000000000000e+00
0.000000000000000000e+00
0.000000000000000000e+00
0.000000000000000000e+00
0.000000000000000000e+00
0.000000000000000000e+00
0.000000000000000000e+00
0.000000000000000000e+00
0.000000000000000000e+00
0.000000000000000000e+00
0.000000000000000000e+00
0.000000000000000000e+00
0.000000000000000000e+00
0.000000000000000000e+00
0.000000000000000000e+00
0.000000000000000000e+00
0.000000000000000000e+00
0.000000000000000000e+00
0.000000000000000000e+00
0.000000000000000000e+00
0.000000000000000000e+00
0.000000000000000000e+00
0.000000000000000000e+00
0.000000000000000000e+00
0.000000000000000000e+00
0.000000000000000000e+00
0.000000000000000000e+00
