2.139530690583506256e-01
2.763698822272824332e-02
9.023285849065669148e-03
5.548290083028691554e-03
5.019691334469849990e-03
5.159568459206551917e-03
5.433373944956131595e-03
5.714098996521825048e-03
5.976657827571169382e-03
6.219755481134942206e-03
6.446286740922351974e-03
6.659013690974309105e-03
6.859941469169719176e-03
7.050434635655022930e-03
7.231403185259835213e-03
7.403443296836078290e-03
7.566932763175045901e-03
7.722095712545488759e-03
7.869047906304729723e-03
8.007829619389237111e-03
8.138430275395638902e-03
8.260807345899635543e-03
8.374901068375803850e-03
8.480645981402263472e-03
8.577979946230843145e-03
8.666851124642195592e-03
8.747223260614974197e-03
8.819079536684372791e-03
8.882425226500720306e-03
8.937289331872129775e-03
8.983725368717136381e-03
9.021811447791881072e-03
9.051649780419642258e-03
9.073365725410122498e-03
9.087106480255071131e-03
9.093039507233892718e-03
9.091350773205457772e-03
9.082242870637432727e-03
9.065933076921259270e-03
9.042651399325609546e-03
9.012638644119212727e-03
8.976144540485651163e-03
8.933425942867872366e-03
8.884745129298828037e-03
8.830368208061710120e-03
8.770563640618365964e-03
8.705600885084596730e-03
8.635749161541370414e-03
8.561276338075962666e-03
8.482447934571882286e-03
8.399526239841333466e-03
8.312769536648388288e-03
8.222431428446596441e-03
8.128760261195912620e-03
8.031998633378022168e-03
7.932382987259531046e-03
7.830143274517593899e-03
7.725502689510676396e-03
7.618677463727364582e-03
7.509876715248233435e-03
7.399302347399587358e-03
7.287148991141825967e-03
7.173603986113699128e-03
7.058847395632473001e-03
6.943052051325085579e-03
6.826383623429225882e-03
6.709000713154736339e-03
6.591054963828352035e-03
6.472691187859802402e-03
6.354047506862916909e-03
6.235255502539792209e-03
6.116440376191215229e-03
5.997721114951788668e-03
5.879210663064348384e-03
5.761016096705817713e-03
5.643238801057582320e-03
5.525974648477875902e-03
5.409314176782082165e-03
5.293342766772655278e-03
5.178140818281641578e-03
5.063783924098747696e-03
4.950343041256506302e-03
4.837884659232342087e-03
4.726470964706701652e-03
4.616160002586989011e-03
4.507005833069135936e-03
4.399058684565302843e-03
4.292365102374541379e-03
4.186968093016885974e-03
4.082907264189137783e-03
3.980218960333627501e-03
3.878936393839994834e-03
3.779089771924007586e-03
3.680706419249032361e-03
3.583810896372736227e-03
3.488425114116299169e-03
3.394568443965340337e-03
3.302257824620821128e-03
3.211507864825398090e-03
3.122330942595977384e-03
3.034737300996196742e-03
2.948735140584642523e-03
2.864330708674681439e-03
2.781528385541221036e-03
2.700330767707242313e-03
2.620738748440788572e-03
2.542751595588689257e-03
2.466367026869501541e-03
2.391581282743156407e-03
2.318389196969328995e-03
2.246784264961251658e-03
2.176758710035760214e-03
2.108303547654068969e-03
2.041408647742299666e-03
1.976062795174237437e-03
1.912253748492912658e-03
1.849968296941876915e-03
1.789192315871081891e-03
1.729910820576845273e-03
1.672108018630020111e-03
1.615767360741502366e-03
1.560871590209284357e-03
1.507402790986939927e-03
1.455342434409139180e-03
1.404671424605945153e-03
1.355370142634171890e-03
1.307418489350755091e-03
1.260795927050260661e-03
1.215481519886032688e-03
1.171453973092217733e-03
1.128691671021794579e-03
1.087172714014317471e-03
1.046874954105182602e-03
1.007776029587496239e-03
9.698533984363952179e-04
9.330843706049799045e-04
8.974461392006050217e-04
8.629158105498216120e-04
8.294704331602128968e-04
7.970870255872516442e-04
7.657426032145579764e-04
7.354142039561539302e-04
7.060789128896440437e-04
6.777138858298396374e-04
6.502963718527607915e-04
6.238037347806468401e-04
5.982134736393063777e-04
5.735032420997533860e-04
5.496508669169095128e-04
5.266343653789074680e-04
5.044319617812625511e-04
4.830221029410240838e-04
4.623834727667485681e-04
4.424950059009235734e-04
4.233359004522249886e-04
4.048856298356601452e-04
3.871239537394290803e-04
3.700309282378897975e-04
3.535869150706892248e-04
3.377725901087311037e-04
3.225689510280751039e-04
3.079573242134439940e-04
2.939193709134289476e-04
2.804370926698283796e-04
2.674928360439391903e-04
2.550692966628998327e-04
2.431495226093772816e-04
2.317169171781337635e-04
2.207552410230801797e-04
2.102486137185802250e-04
2.001815147587088163e-04
1.905387840182554528e-04
1.813056216991262750e-04
1.724675877857399895e-04
1.640106010328380248e-04
1.559209375089719686e-04
1.481852287186639677e-04
1.407904593260067940e-04
1.337239645021436052e-04
1.269734269187556695e-04
1.205268734092941661e-04
1.143726713193202649e-04
1.084995245668841040e-04
1.028964694334348178e-04
9.755287010526068642e-05
9.245841398500805953e-05
8.760310679227659516e-05
8.297726747179903783e-05
7.857152292711963289e-05
7.437680259723286288e-05
7.038433289293436455e-05
6.658563150921388660e-05
6.297250162933410583e-05
5.953702603570217494e-05
5.627156114202950719e-05
5.316873096072284116e-05
5.022142101880748305e-05
4.742277223511955401e-05
4.476617477094178274e-05
4.224526186561136833e-05
3.985390366811296104e-05
3.758620107505521553e-05
3.543647958488873315e-05
3.339928317763685357e-05
3.146936822890610008e-05
2.964169746636425827e-05
2.791143397635754671e-05
2.627393526784555175e-05
2.472474740029162560e-05
2.325959918169664853e-05
2.187439644243475550e-05
2.056521639015340233e-05
1.932830205048321589e-05
1.816005679790732885e-05
1.705703898072930200e-05
1.601595664361606062e-05
1.503366235088976212e-05
1.410714811327590186e-05
1.323354042052527064e-05
1.241009538194774015e-05
1.163419397658453288e-05
1.090333741440754805e-05
1.021514260967038647e-05
9.567337767227236241e-06
8.957758082376147222e-06
8.384341554527856633e-06
7.845124914760616977e-06
7.338239667107361744e-06
6.861908243190530578e-06
6.414440269641792007e-06
5.994228947544057104e-06
5.599747542977402140e-06
5.229545987575927057e-06
4.882247587870995048e-06
4.556545842027644164e-06
4.251201362541654403e-06
3.965038903220170470e-06
3.696944488805206610e-06
3.445862645393101882e-06
3.210793729817365877e-06
2.990791356009670791e-06
2.784959916341158915e-06
2.592452195876183240e-06
2.412467077412196818e-06
2.244247335170183229e-06
2.087077514932013917e-06
1.940281898421905057e-06
1.803222549708124102e-06
1.675297441372556650e-06
1.555938658226185376e-06
1.444610676278753547e-06
1.340808714777415303e-06
1.244057159038220034e-06
1.153908051856858276e-06
1.069939651319951306e-06
9.917550528052348151e-07
9.189808730413471502e-07
8.512659940702692169e-07
7.882803650451307251e-07
7.297138597733927069e-07
6.752751879972280950e-07
6.246908583957211995e-07
5.777041913854872890e-07
5.340743797860248899e-07
4.935755954911043149e-07
4.559961403273856265e-07
4.211376392998674870e-07
3.888142745198979089e-07
3.588520580965792407e-07
3.310881423731158084e-07
3.053701659001212703e-07
2.815556335936142706e-07
2.595113296015574812e-07
2.391127613878186258e-07
2.202436336579435245e-07
2.027953507462882873e-07
1.866665461648265838e-07
1.717626380249653809e-07
1.579954091285889528e-07
1.452826105343026452e-07
1.335475874680197003e-07
1.227189264864734926e-07
1.127301228388165921e-07
1.035192670165529340e-07
9.502874952537970248e-08
8.720498294918469046e-08
7.999814040837870217e-08
7.336190956678175311e-08
6.725326136595791861e-08
6.163223270421586031e-08
5.646172231231380973e-08
5.170729911567408208e-08
4.733702240035054209e-08
4.332127312918346204e-08
3.963259578813553188e-08
3.624555017993681166e-08
3.313657259135397764e-08
3.028384581396304916e-08
2.766717748714678211e-08
2.526788630658141969e-08
2.306869561671407950e-08
2.105363396390762197e-08
1.920794219380381216e-08
1.751798669726048617e-08
1.597117843696218037e-08
1.455589740704938223e-08
1.326142218278484052e-08
1.207786425361462502e-08
1.099610683926617993e-08
1.000774791017074155e-08
9.105047142909206399e-09
8.280876561340124438e-09
7.528674631456528537e-09
6.842403583317888533e-09
6.216509748679481833e-09
5.645886725626277075e-09
5.125841168694092944e-09
4.652061050408482140e-09
4.220586209926384723e-09
3.827781054489726379e-09
3.470309240797345561e-09
3.145110240861851829e-09
2.849377619216096323e-09
2.580538938057777540e-09
2.336237162083578580e-09
2.114313455924953461e-09
1.912791289942275745e-09
1.729861740783888830e-09
1.563869927164272862e-09
1.413302477490994685e-09
1.276775965819489204e-09
1.153026248195447118e-09
1.040898624683175525e-09
9.393387736221724989e-10
8.473844065950648884e-10
7.641575669288813620e-10
6.888575586039820920e-10
6.207544265832456293e-10
5.591829720741500322e-10
5.035372376381176025e-10
4.532654502231360797e-10
4.078653739662973414e-10
3.668800350426535988e-10
3.298938120102189774e-10
2.965288366312236800e-10
2.664417008759950595e-10
2.393204367297679205e-10
2.148817461792635824e-10
1.928684700101189109e-10
1.730472683468191103e-10
1.552064905843801511e-10
1.391542445521666332e-10
1.247166121124562310e-10
1.117360325602260000e-10
1.000698164045381137e-10
8.958879533754783172e-11
8.017608560787842055e-11
7.172596268249937189e-11
6.414283119314327081e-11
5.734029037234528301e-11
5.124028039528661105e-11
4.577230377251605751e-11
4.087271919529887680e-11
3.648409688598386016e-11
3.255463219430620429e-11
2.903761506569811289e-11
2.589094171670717239e-11
2.307668009389159332e-11
2.056066847173289528e-11
1.831215074052195624e-11
1.630344934061235348e-11
1.450966868597677594e-11
1.290842336929180024e-11
1.147958945153749535e-11
1.020509021612762825e-11
9.068688018551700888e-12
8.055805805339009578e-12
7.153363375752826905e-12
6.349626308961586869e-12
5.634072496604511911e-12
4.997271032475933529e-12
4.430771641347862706e-12
3.927006608446315690e-12
3.479201338540310809e-12
3.081292645628696204e-12
2.727857602091330166e-12
2.414045765909411672e-12
2.135522056541913924e-12
1.888414982171794520e-12
1.669265230789368531e-12
1.474984892327504043e-12
1.302818545979485873e-12
1.150308254125788854e-12
1.015262366879057417e-12
8.957274039989752623e-13
7.899634660740543419e-13
6.964196968230260589e-13
6.137170881572931124e-13
5.406277014881344491e-13
4.760585665089139470e-13
4.190404443816962388e-13
3.687083608795531951e-13
3.242967680624166618e-13
2.851237515679815312e-13
2.505857396127205199e-13
2.201457736960131868e-13
1.933285984929726674e-13
1.697122507994912435e-13
1.489228079646512412e-13
1.306284223397005084e-13
1.145373031505726419e-13
1.003889076805897995e-13
8.795366321986801417e-14
7.702867727991935876e-14
6.743442414295396045e-14
5.901196497288286106e-14
5.162108743400398667e-14
4.513785758248540550e-14
3.945339527994631897e-14
3.447144424676184030e-14
3.010660306847635460e-14
2.628391386849386579e-14
2.293756795776652067e-14
2.000926438985395941e-14
1.744805107207524356e-14
1.520863812215811646e-14
1.325134438603780064e-14
1.154106318155567004e-14
1.004721289000391481e-14
8.743799359883769159e-15
7.606249715891757697e-15
6.614173395766970145e-15
5.749378467102655727e-15
4.995276501724850707e-15
4.338319978085289297e-15
3.766535082153654132e-15
3.268553275823857569e-15
2.835334362900609865e-15
2.458304330445306991e-15
2.130738606061486740e-15
1.846059612780225418e-15
1.598709529075389528e-15
1.383817458401872661e-15
1.197493679069163644e-15
1.035824401162423949e-15
8.955176437605143674e-16
7.739711426665054861e-16
6.683143965780551086e-16
5.770497239919478103e-16
4.977188806545745277e-16
4.297251501008646122e-16
3.705551031175990001e-16
3.196125957303964090e-16
2.751956068271203014e-16
2.369495351382231917e-16
2.040005906034433195e-16
1.755548698044289311e-16
1.507317078402108091e-16
1.295558300219780004e-16
1.113689455814810246e-16
9.573556058984900073e-17
8.200559758142323162e-17
7.031603796907730351e-17
6.020738077710373418e-17
5.160480606902179320e-17
4.438193108228805146e-17
3.802692607152546849e-17
3.242387252752923418e-17
2.796586847046830867e-17
2.395242237493264349e-17
2.044438692272665914e-17
1.750997264634197979e-17
1.506513652802351632e-17
1.296906082973974289e-17
1.105649775921597423e-17
9.333122562892789862e-18
7.948200889160590164e-18
6.881005987544240654e-18
5.902817642816171594e-18
4.905691055996395976e-18
4.334858325891219296e-18
3.661000017710152281e-18
3.118411028946906106e-18
2.663008001848498653e-18
2.325962355223561270e-18
1.856562398004964980e-18
1.708771218450409513e-18
1.434654829651982498e-18
1.072407203554096752e-18
1.088890625558050327e-18
9.821797699951700494e-19
9.153242997183327216e-19
7.958632090991106748e-19
6.025665033559850799e-19
7.296931569639713846e-19
4.821326196801212737e-19
3.892404047034154528e-19
3.844663245383744655e-19
1.984373678433290116e-19
2.013457851376682999e-19
2.212136086275692676e-19
2.511845093692059439e-19
8.644810846447446624e-20
2.068776860202420793e-19
3.563831175826951750e-19
2.522685313292358889e-19
2.494333699736480653e-19
9.178124634318247481e-20
1.076676298413735894e-19
1.020303301607487964e-19
1.961984879219616410e-19
1.113712333024032218e-19
9.129317806465422168e-20
1.344027905540163502e-19
1.524593168446238918e-20
0.000000000000000000e+00
2.936728626202511877e-19
6.613415631014781552e-20
0.000000000000000000e+00
6.435809497254095804e-20
1.165581739032705877e-19
7.540129447850845116e-20
1.665077395794335736e-19
1.086154619056058264e-19
2.265741450524144860e-20
8.554817189571334749e-21
5.437627016189525292e-21
0.000000000000000000e+00
0.000000000000000000e+00
1.008567345370235873e-19
6.328887004788955361e-20
5.516585920986184576e-20
2.583073762675822520e-21
1.224716493893645465e-19
6.454049708806116696e-20
5.233321503830351454e-20
9.931043514237672907e-20
1.287402524834421324e-19
8.840438647919672337e-20
5.824435403475598783e-21
3.197164372791169129e-19
1.489204631876551206e-19
1.177827031881886348e-19
1.872666379759394485e-19
1.759358721758676572e-19
7.420880203630968318e-20
5.547895665109603286e-20
7.669092065458065760e-20
5.622008516721422406e-20
5.131420172703578708e-20
1.251308185423465644e-19
1.141795029766956358e-19
1.870339313182789011e-19
7.597353580308977906e-20
1.557957393004120074e-19
1.204462103214004379e-19
6.428234645801450632e-20
5.395284964064229773e-20
5.163156870010019476e-20
5.074624955441459780e-20
2.004210811681417770e-19
1.777128363524952496e-19
7.023284512815941185e-20
2.552920363065659902e-19
8.872242642433268885e-20
8.466064744539668984e-20
2.599498002755964372e-19
1.364060685952967938e-19
1.948681932771166695e-19
1.560640524035032471e-19
0.000000000000000000e+00
1.039873182879544990e-19
1.402140713826610173e-19
2.202679585269466004e-20
1.544076044753548637e-19
2.493753336344105138e-19
4.168513520601228363e-20
8.455032951240868524e-21
7.836480801357612267e-20
6.169914559224678478e-20
2.078723992099224169e-19
2.836137916082911699e-19
4.772650614002087112e-20
0.000000000000000000e+00
1.040882273591808380e-19
9.096985029174415526e-20
1.896125997075494914e-19
1.060631947405683966e-19
6.772891950770643228e-20
8.500965994320135618e-20
6.325218089165927868e-20
1.585499580959641564e-19
7.055064667154393899e-20
9.205010088525333437e-21
1.023861004840982307e-19
1.635155358828338824e-19
0.000000000000000000e+00
2.707427822656829408e-20
9.967672113817015374e-20
1.053140740659792767e-20
1.494120208833459283e-19
6.787817438646567740e-20
0.000000000000000000e+00
0.000000000000000000e+00
0.000000000000000000e+00
0.000000000000000000e+00
0.000000000000000000e+00
9.189269018030962617e-20
5.203778842735159356e-20
4.493774681201723654e-20
1.431038293166060958e-19
5.856061574533595884e-20
0.000000000000000000e+00
1.137789572248692479e-19
5.269033556091237701e-20
4.210847609744524883e-20
1.147758675503992765e-19
1.516327282603906403e-19
5.727627680358932344e-20
0.000000000000000000e+00
3.616839678036256472e-20
1.624183848110870398e-19
1.326091132412399440e-19
0.000000000000000000e+00
8.683955956236110668e-20
4.510152176229908826e-20
2.887272792254519193e-19
7.727267593303747272e-20
2.457745160592966906e-19
1.803257433706267236e-20
0.000000000000000000e+00
1.869641388824594172e-19
0.000000000000000000e+00
3.904711620813293110e-20
1.144646797210536873e-19
1.013411207407264769e-19
9.927999603590499104e-20
1.491685864500947595e-19
3.075016248745384976e-19
2.331105562436387057e-19
7.352645417229491848e-20
0.000000000000000000e+00
0.000000000000000000e+00
2.406433364468550375e-19
1.493230960201551727e-19
1.124340443608457087e-19
2.569808564174902070e-19
2.910886527437912230e-20
1.735995097922271591e-19
9.266787346235321143e-20
1.818838012803871147e-19
0.000000000000000000e+00
9.814668254285087864e-20
8.204260245046127176e-20
5.530385644814534112e-20
3.006458431175490745e-22
4.542523506204212617e-20
2.480472276787579890e-19
1.780983321050186700e-19
1.899298383050333628e-20
2.340436131191727519e-20
1.455266471199888208e-19
0.000000000000000000e+00
0.000000000000000000e+00
1.690933396155960330e-19
1.400428808473114411e-19
0.000000000000000000e+00
9.532001784231376875e-20
1.537304814787168494e-19
1.121729884522832615e-19
3.138075224547128310e-20
0.000000000000000000e+00
4.212288019794106933e-20
2.443799367619927901e-19
7.302202160650422366e-20
1.247654671968848176e-19
5.671777465031516012e-20
4.655471672317237938e-20
6.941224130627232390e-20
4.769618462223239258e-20
6.865523015926040896e-20
7.166504869212127431e-20
1.218758409710592876e-19
1.034524188151298592e-19
3.751073010242081441e-22
0.000000000000000000e+00
3.754259942385400768e-20
3.883781769190451366e-20
8.839246694778339637e-20
1.949441851274544536e-19
8.470574041186042867e-20
4.570541925067342187e-20
1.391973449259039917e-19
1.766742743780991926e-19
3.241820659111953407e-20
3.774271022512148313e-20
6.248261886935919422e-20
1.159965074710054960e-19
7.291450459715624630e-20
9.250533454327095675e-20
9.422112828519465304e-20
0.000000000000000000e+00
0.000000000000000000e+00
8.300308883374770487e-20
1.160424324276397962e-19
4.580194145614106566e-20
6.108826634726935472e-20
3.800854811321453644e-20
2.594095785262054522e-19
6.353514993827778682e-20
0.000000000000000000e+00
1.326236319287739754e-19
1.718385525947953214e-19
5.274683743075269345e-20
3.737728548333156596e-20
2.349786804896393232e-19
7.166339800351317563e-21
0.000000000000000000e+00
2.575867146510157236e-19
8.832152352073665306e-20
4.355400592413736623e-20
1.617965129551049313e-19
1.770267806355113954e-19
1.550645271530511809e-19
5.266923193041460118e-20
3.973115290947726047e-20
1.125559076104363582e-19
1.971757924952363275e-19
2.083823788596427592e-19
2.361559843482068788e-19
2.409668676611686445e-19
1.751626442086115559e-20
4.246326359307998053e-20
1.673935284066304807e-19
7.894445862224644264e-21
2.667649152951234251e-19
2.070210665039050723e-20
1.440128962119533390e-19
0.000000000000000000e+00
1.921290547916002501e-19
2.371088468735636932e-19
1.690158817538917450e-19
1.133959071261160525e-20
1.447069238169294671e-19
1.076682186375736227e-19
1.537809560353477378e-19
2.596967279012339581e-19
1.482276987393483467e-19
1.614087994881150417e-19
6.246384654040727405e-20
5.061679243970273149e-20
4.840791524419817456e-20
4.755189857802785746e-20
1.220244775201251962e-19
0.000000000000000000e+00
1.193385264700701284e-19
5.447092226713653326e-20
1.966220129521655260e-19
0.000000000000000000e+00
0.000000000000000000e+00
1.163391561080259897e-19
5.171176173701833702e-20
9.378650774959715275e-20
0.000000000000000000e+00
6.442058031639225592e-20
4.337329765813761559e-20
3.979336168385507919e-20
6.352564079466103345e-20
4.099847404463232582e-20
2.126420519426113879e-19
6.723942182554828792e-21
3.657974769530915831e-20
0.000000000000000000e+00
2.332674358896133593e-19
6.791566215052384505e-21
5.992228990532310562e-20
1.374605582296851113e-19
1.929985430540827664e-19
1.761989509607086605e-21
1.589332364605760835e-19
1.478760552774300371e-19
1.972996560369618639e-19
0.000000000000000000e+00
1.095833916190047024e-19
4.290359907811703596e-20
6.028896391208906134e-20
0.000000000000000000e+00
3.163201037419928623e-20
3.077054986207425446e-19
6.282613998441193942e-20
8.787821100737842141e-20
3.940799477095440454e-20
0.000000000000000000e+00
8.085090059535883668e-20
0.000000000000000000e+00
2.051676132407723927e-19
4.984472320032309700e-20
8.402517935070234434e-20
1.870266207170510254e-19
2.233783269876334658e-19
5.320891637356430261e-20
6.059510790155197866e-20
6.091392685958457558e-20
3.565057481886412567e-20
0.000000000000000000e+00
2.952832015278651486e-20
3.014715606052880543e-20
1.799501001254269175e-19
6.775301985826891893e-20
1.346930389029207287e-19
9.075416764218306829e-20
1.115212493604233375e-19
3.866641809138376046e-20
2.061125250059098368e-19
1.732149530122120441e-19
4.599938818636506228e-20
1.080496127919914295e-19
2.142595658118656415e-19
0.000000000000000000e+00
5.671989409014577881e-20
8.432517594372637248e-20
3.640459990672937616e-20
2.568844131609423608e-19
3.720946269720478021e-21
0.000000000000000000e+00
2.944551437546431482e-20
2.999712004341477049e-20
0.000000000000000000e+00
1.527253515057825181e-19
1.411746314298059837e-19
0.000000000000000000e+00
7.856244443417990030e-20
0.000000000000000000e+00
2.692692341147849087e-20
0.000000000000000000e+00
5.019126172153491696e-20
0.000000000000000000e+00
9.936713781615611871e-20
3.209302627026976683e-20
0.000000000000000000e+00
9.786785543405865961e-20
3.057588341801271179e-20
2.389190749319682706e-20
4.750615523715567298e-20
0.000000000000000000e+00
1.207986568646960229e-19
2.818495087927071885e-20
1.217784890694661625e-19
0.000000000000000000e+00
0.000000000000000000e+00
2.192501075098877725e-19
3.604363705184095612e-20
9.729844241134639971e-20
1.276613685123965611e-19
1.056066079458743999e-19
0.000000000000000000e+00
1.456515350296767518e-19
3.223058403537567910e-20
0.000000000000000000e+00
6.975956828252983008e-20
2.460603262258165607e-20
0.000000000000000000e+00
1.868981209855391123e-20
1.888221103701979497e-20
1.437383175296715964e-19
1.300857437997718148e-19
1.296457857410068082e-19
0.000000000000000000e+00
1.698831056398952039e-19
0.000000000000000000e+00
0.000000000000000000e+00
1.867234489369336530e-20
1.441949292731731303e-19
3.023476213895886182e-20
0.000000000000000000e+00
0.000000000000000000e+00
0.000000000000000000e+00
1.172226058170280683e-19
0.000000000000000000e+00
1.765196077440768000e-20
1.721345430291955481e-20
1.671899540065636304e-20
1.415173538164480674e-19
2.710331614987212555e-20
6.786911131311292105e-20
1.960316905386518274e-19
1.574532870505602372e-19
8.037877823854369627e-20
7.223871518062186301e-20
2.286734298021640714e-20
9.382945000980551221e-20
1.249094346391032624e-19
2.769064599273626074e-20
1.200537789025413321e-19
7.735887911350490318e-20
2.250651895362454507e-20
2.447935319697436791e-19
3.386415408187306493e-19
1.984392829980093829e-19
0.000000000000000000e+00
2.378777204486635578e-20
7.337388800297665010e-20
1.775202842194664243e-19
6.135423813754479691e-20
1.533567823152495455e-19
1.103488814516653777e-19
5.764419743676617528e-20
2.289134935465820470e-19
0.000000000000000000e+00
1.015986638989442199e-19
0.000000000000000000e+00
5.037151892565062268e-20
2.777268773426273840e-20
0.000000000000000000e+00
1.237963280924604549e-19
0.000000000000000000e+00
1.490105381418772536e-19
1.840088469629547151e-19
1.874790326915606042e-19
2.135468327269040564e-19
2.915235873164379426e-19
0.000000000000000000e+00
2.842268039503349988e-20
2.528857867375601128e-19
0.000000000000000000e+00
1.536741627233363998e-19
3.769013442347386555e-20
2.921570438686899450e-20
5.280573944366243425e-20
2.047333970856276247e-19
1.158888889546015524e-19
0.000000000000000000e+00
1.022183741920560134e-19
0.000000000000000000e+00
1.764718336931766898e-19
1.126705652888966222e-19
2.341757915860540570e-19
4.266608256668349402e-20
0.000000000000000000e+00
0.000000000000000000e+00
1.252786156159013203e-19
3.283281720560022408e-20
1.264907419547346750e-19
8.254119824394278675e-20
5.452244383081697313e-20
0.000000000000000000e+00
7.358066483612268506e-20
5.050930720270566303e-20
2.006133211669074273e-19
3.564789047959223348e-20
1.748008567228966442e-19
2.340413062881272462e-19
1.389931732185994865e-19
1.080887745767034565e-19
3.063874231309539642e-19
0.000000000000000000e+00
1.517000021819582128e-19
2.098108602401672871e-19
1.394992837586051458e-19
1.353876973768755324e-19
8.504644417213761740e-20
1.303030710287324721e-19
1.094475346771123134e-19
8.331508714706191969e-21
2.771326965963721728e-19
1.692146689098603768e-19
0.000000000000000000e+00
1.781984949045906220e-19
3.634530307694407979e-19
5.149152782962933194e-20
1.825191342595422439e-19
1.400630183302423101e-19
1.379332067478376609e-19
1.378518843103528555e-19
3.774979312807629828e-20
2.314639720574752282e-19
9.338785490311201454e-20
3.521373122127204628e-20
2.060185635868564018e-19
0.000000000000000000e+00
4.739335904319540021e-21
2.535275012403211264e-19
4.301892196811518201e-20
2.559466937961650991e-19
0.000000000000000000e+00
2.546166021143548331e-19
4.296773658445474851e-20
1.807878496543176005e-19
6.326911363089988219e-20
4.072650604608145930e-19
7.773549560476179379e-20
0.000000000000000000e+00
0.000000000000000000e+00
0.000000000000000000e+00
2.681878338719424520e-20
2.678088492975749757e-20
2.600276528270555782e-20
2.255421216322885351e-19
0.000000000000000000e+00
7.501730293191581493e-20
0.000000000000000000e+00
0.000000000000000000e+00
2.143576378232934280e-20
1.213220421494166465e-19
7.521128490453861428e-20
2.357090132203298759e-20
1.991883627442611998e-20
1.880359384403291681e-20
1.797958171667280068e-20
1.675144025852977423e-19
1.006773107860828862e-19
1.475943397088221182e-19
0.000000000000000000e+00
1.422437356644390401e-19
9.890413411941480456e-20
2.222333635478363104e-19
1.791582208468445360e-19
5.244989523773655752e-20
1.208434822407098525e-19
1.240164244525601313e-19
2.304645862321071624e-20
1.187205128488643974e-19
2.340679868573174324e-20
2.938865753447082358e-19
2.836985971744025237e-19
3.453117058263514537e-20
4.655491196521810740e-20
4.645047463429558385e-20
7.125777368898250624e-20
1.473222989300148927e-19
1.265901363271817546e-21
0.000000000000000000e+00
2.435254184923134316e-19
0.000000000000000000e+00
0.000000000000000000e+00
9.288516742307758402e-20
0.000000000000000000e+00
4.431541231141330924e-19
4.003599970889380820e-20
4.630234754300279724e-20
2.045136186898007173e-20
1.846252086244761217e-20
1.180069506076621501e-19
2.260082891672002036e-20
1.430862727671875022e-19
2.354686719846288084e-20
0.000000000000000000e+00
1.604806593239338321e-20
0.000000000000000000e+00
1.477157442213572456e-20
8.962185175293733563e-20
1.181295749389986370e-19
6.941730949337834547e-20
1.692560246792736408e-20
6.399799629122726450e-20
1.565194882068826795e-20
0.000000000000000000e+00
1.373060840937813465e-19
1.811265184972975841e-20
8.776821984203268538e-20
0.000000000000000000e+00
3.659580165393330766e-20
1.377522860315648379e-19
1.424023322261324756e-19
1.791978590658156248e-20
0.000000000000000000e+00
1.361507677391939110e-19
1.420719665731442395e-19
2.432228572255104864e-19
1.983728402435659813e-19
0.000000000000000000e+00
1.389734133579256928e-19
2.195368193689658438e-19
1.488347173511839163e-19
1.716832569429537470e-19
2.269443847748540612e-20
9.148769430022741025e-20
9.421411617225282166e-20
1.196381604472577339e-19
0.000000000000000000e+00
1.573297012509592383e-20
1.405598559725852794e-19
0.000000000000000000e+00
1.510862919670356260e-20
6.464149997469298006e-20
1.665607872405068465e-19
2.211075184900865582e-19
2.368181493044053707e-20
0.000000000000000000e+00
8.925075135873586878e-20
1.722788146640915909e-20
1.406142915278606441e-20
2.137060951107649623e-19
2.144042332634137412e-20
1.393872411093468055e-19
0.000000000000000000e+00
0.000000000000000000e+00
3.736262854805868560e-20
1.134540013236486623e-19
1.507361713049686909e-20
3.125313772378060042e-19
2.374721773261788085e-20
1.344676681976832371e-20
1.207748705225702736e-20
3.658484594020422938e-20
1.124940285007517882e-19
0.000000000000000000e+00
1.093383608101674424e-20
1.039012544104678417e-20
6.001262020031362778e-20
3.650326757551290805e-20
3.564378926453086631e-20
3.529625171539442018e-20
3.500547919689121785e-20
0.000000000000000000e+00
8.091322811757179619e-21
1.079249200821736478e-19
1.119522655984462393e-20
5.789128059919594377e-20
2.094749505178630205e-19
1.902021804230735913e-19
9.030407954513605514e-20
1.206897380167043419e-20
5.908738082609539449e-20
1.034333076400480529e-20
1.839619074738812756e-19
8.987410670014081601e-20
6.233987366181473454e-20
6.119616999215662382e-20
1.096190950295550105e-20
9.101010843088216879e-21
8.646688145705644145e-21
8.345364002382486181e-20
1.073276208331625808e-20
8.214678172625884780e-21
0.000000000000000000e+00
3.218741432838910046e-20
0.000000000000000000e+00
8.175566494928032033e-20
5.907069161045991702e-20
1.335168202974408528e-19
1.075129402497286304e-20
0.000000000000000000e+00
6.247760575324670734e-21
6.012489724004609442e-21
1.560345530659257975e-19
1.042716505040524266e-20
1.315532961027899038e-19
2.854290976084820924e-19
9.054382074278572346e-20
1.050464380391627272e-20
1.079395127784633479e-19
1.107346735602652945e-19
1.102668677774925175e-20
0.000000000000000000e+00
3.255868518621458255e-20
0.000000000000000000e+00
5.720434195327967946e-20
8.353643888238901796e-20
9.273374900130437627e-21
1.072096223734734760e-19
9.568213595236918911e-21
8.205729371064941472e-20
8.389966090564747730e-20
8.954450097965706767e-21
6.711623534908927459e-21
6.246193977691801625e-21
5.924824236978190797e-21
3.066193984419066100e-20
6.150112016716657745e-21
8.032926486995679394e-20
7.048857243754194376e-21
0.000000000000000000e+00
7.969438759480035342e-20
1.317556622028435035e-19
1.333567804189536546e-19
0.000000000000000000e+00
5.540140709870115863e-20
6.308583980310190727e-21
5.043787047879816499e-21
2.978987281652805693e-20
2.057154426043103462e-19
1.601047310079341079e-19
9.454535571974161557e-21
5.913706007528880166e-21
2.058603929244854146e-19
3.545541257223797479e-20
7.050288806931080628e-21
8.108672560354081768e-20
1.328793444190032346e-19
1.343271346516483471e-19
8.462340101643015826e-20
0.000000000000000000e+00
5.664008896847484101e-20
6.959408776767172727e-21
8.127037010569414956e-20
0.000000000000000000e+00
8.098290453103103715e-20
7.332259119527428726e-21
0.000000000000000000e+00
5.114695167661132940e-21
4.830911084788361088e-21
5.461598483309739093e-20
0.000000000000000000e+00
4.114532544608534291e-21
3.794215606408684573e-21
1.287657374694760569e-19
6.045315153271338661e-21
1.039010241335355000e-19
5.480185389975869039e-21
0.000000000000000000e+00
5.336387209736848324e-20
2.918595850044323352e-20
1.039749468602207568e-19
0.000000000000000000e+00
3.306646742407544979e-21
1.533544776345804636e-19
5.601234774364129998e-20
2.049035543968822984e-19
7.414876953042703095e-21
0.000000000000000000e+00
7.897674177649820999e-20
2.807586447108277067e-19
1.845633698199460277e-19
0.000000000000000000e+00
5.398878768303938978e-21
1.303421616924773123e-19
2.076345842315510840e-19
8.943136315160256877e-21
1.561959020267040443e-19
1.333949627947966536e-19
8.143690433978830031e-21
1.313280064512305575e-19
7.863830206947927582e-21
2.814921487305646887e-19
8.535849796317441543e-20
0.000000000000000000e+00
0.000000000000000000e+00
5.582092245122937238e-20
6.204784064643219841e-21
0.000000000000000000e+00
5.484901112375066142e-20
1.304388977220667751e-19
0.000000000000000000e+00
0.000000000000000000e+00
3.905727236081982833e-21
0.000000000000000000e+00
2.036562373816143126e-19
1.057853030627840760e-19
1.051068582436487298e-19
5.503385713421306327e-20
5.440588073427270890e-20
2.296652180953851283e-19
6.586873912782384720e-21
5.419244939146225421e-20
4.389446840447818361e-21
1.289094010862248240e-19
0.000000000000000000e+00
1.538681899945418223e-19
1.555012400099510095e-19
5.559610262640751602e-20
5.455278360224315185e-20
2.047074479280587969e-19
1.563422857306771743e-19
1.812248716756159816e-19
3.140445695737923971e-20
4.895023442760197359e-21
1.295344211087309162e-19
5.394895899152265128e-21
0.000000000000000000e+00
2.291107450534299254e-19
1.811416581850635468e-19
1.560056155580912062e-19
5.336230007920266053e-21
7.920106471889894491e-20
4.469624725953477685e-21
2.865060096348030387e-20
5.362394125612110460e-20
1.287294072632321327e-19
2.907605755138323648e-20
7.833014764084813290e-20
0.000000000000000000e+00
2.581823106915952791e-21
2.283689284402045363e-21
0.000000000000000000e+00
5.184191661527143262e-20
0.000000000000000000e+00
1.423951416529012903e-21
3.018402286835003813e-19
3.401655616999730368e-21
0.000000000000000000e+00
1.267935224576006072e-19
3.029460876329693306e-19
1.791096201287157033e-19
0.000000000000000000e+00
2.467374777109982079e-21
1.525362204866412638e-19
0.000000000000000000e+00
5.215336619965772768e-20
0.000000000000000000e+00
1.269021785579561539e-19
2.718800102915312015e-20
7.680224559901991107e-20
1.270107455754789289e-19
1.980276552297542832e-21
1.266508007675417280e-19
1.020236222504168545e-19
1.747101176941164676e-21
0.000000000000000000e+00
1.067635948638210556e-21
5.098021224247341421e-20
5.100890412149550724e-20
1.762050540323879473e-19
1.014768645153622169e-19
1.514821426732367292e-19
1.359694812059288188e-21
1.262072124286764482e-19
0.000000000000000000e+00
7.936844114572948092e-22
3.012298611744025784e-19
7.636938721595403035e-20
2.263892848024917388e-19
2.620480073313529028e-20
8.107685203104753441e-22
0.000000000000000000e+00
3.448929469929993943e-22
1.970708213903243066e-22
1.003597600755705124e-22
5.014866823280822211e-20
2.586570877932294881e-23
4.712239738134367286e-24
9.691049090513742685e-25
1.347726908659419543e-25
1.352357625758904442e-26
1.281099545438273068e-27
1.315900017650188794e-28
1.349243437629552715e-29
1.426892996897288582e-30
1.643474737545684551e-31
1.960735325647934364e-32
2.305580092403467708e-33
2.659305907208349514e-34
3.003382105610553943e-35
3.275403279812419960e-36
3.425446924097426707e-37
3.503395481308858156e-38
3.653599660991358422e-39
4.039588171839886307e-40
4.760232234558177822e-41
5.808136186410981829e-42
7.096462639904510709e-43
8.511074451387224287e-44
9.949323120255986710e-45
1.133495131784785714e-45
1.261897002563751696e-46
1.377909539821540300e-47
1.482332321061294030e-48
1.579647988939654770e-49
1.678549120801619889e-50
1.791855389042368363e-51
1.935520595206926474e-52
2.126731276947354806e-53
2.381200452208016448e-54
2.709697961587681756e-55
3.114148510718479932e-56
3.584413321992694462e-57
4.097447036563256380e-58
4.620086334786941382e-59
5.115330366587054657e-60
5.550513733596864274e-61
5.905144971152349294e-62
6.176574872798420412e-63
6.382581463531505702e-64
6.560783178490572668e-65
6.765217128668726948e-66
7.060543468144680788e-67
7.514421179584232663e-68
8.188807591331172698e-69
9.131239281117702605e-70
1.036742443864477056e-70
1.189659132542532114e-71
1.369091525038414264e-72
1.569993089162580856e-73
1.786008961418744453e-74
2.010858145524586174e-75
2.239939506322761749e-76
2.471866356118613171e-77
2.709599341690629267e-78
2.960891386951712349e-79
3.237879016659332002e-80
3.555825568724309407e-81
3.931204931961281189e-82
4.379470671207386942e-83
4.912953661534150074e-84
5.539350469386395105e-85
6.261193167941477454e-86
7.076529030461804001e-87
7.980802174041117704e-88
8.969657054224710435e-89
1.004213560155869361e-89
1.120358733077073707e-90
1.246761883028311619e-91
1.385660776670720143e-92
1.540067705635513547e-93
1.713548821761497812e-94
1.909964342093261531e-95
2.133274308866446608e-96
2.387511980928623512e-97
2.676992263926897470e-98
3.006761902324922291e-99
3.383226583703561109e-100
3.814827792093622911e-101
4.312608031053556904e-102
4.890508043599643506e-103
5.565283271357696964e-104
6.355996730774345026e-105
7.283122113344390341e-106
8.367354384706592832e-107
9.628262590928925669e-108
1.108292956131560549e-108
1.274471560712982499e-109
1.462227439371145891e-110
1.671895351551371025e-111
1.903273493321899814e-112
2.155690208459552265e-113
2.428163856018464753e-114
2.719673860187251982e-115
3.029551746229247477e-116
3.357984058168923875e-117
3.706595883680090435e-118
4.079058194570089376e-119
4.481640122233025519e-120
4.923614973733493749e-121
5.417431555819786857e-122
5.978582953690830957e-123
6.625142525113838337e-124
7.376987074884198554e-125
8.254782627971786589e-126
9.278860142417422556e-127
1.046814843498101038e-127
1.183935296774928027e-128
1.340656827954757713e-129
1.518148815169986991e-130
1.717433308190317594e-131
1.939555302231752310e-132
2.185828918488591040e-133
2.458149696043151484e-134
2.759354799401543780e-135
3.093604946753751737e-136
3.466755037281603197e-137
3.886675732096632627e-138
4.363486647307161775e-139
4.909664307025408662e-140
5.539995233739864490e-141
6.271356619933355020e-142
7.122323269498864645e-143
8.112618447275079049e-144
9.262445772720366858e-145
1.059175682167262528e-145
1.211952224052093259e-146
1.386308110160796726e-147
1.583764308375244694e-148
1.805601113017376225e-149
2.052857980872876038e-150
2.326364857425342386e-151
2.626807144496399921e-152
2.954824665563443180e-153
3.311143212201822502e-154
3.696735455349394486e-155
4.113006065420058369e-156
4.561993694255442617e-157
5.046579999771077558e-158
5.570693263075414491e-159
6.139491667105410115e-160
6.759509454511716657e-161
7.438748535047157349e-162
8.186699218655049932e-163
9.014276994586456036e-164
9.933667753788247664e-165
1.095808128975837055e-165
1.210142167251910711e-166
1.337789224560364487e-167
1.480156148788328499e-168
1.638592281054284299e-169
1.814348577110007551e-170
2.008543781074673751e-171
2.222141451961088054e-172
2.455941304348775226e-173
2.710587822833494653e-174
2.986598514096315841e-175
3.284413521265362699e-176
3.604467661982682076e-177
3.947285250399522732e-178
4.313597289519220583e-179
4.704479742919934133e-180
5.121510617610724184e-181
5.566942579180668121e-182
6.043886921217997757e-183
6.556504139730175837e-184
7.110196376014374873e-185
7.711797827366943350e-186
8.369761035497677711e-187
9.094339739782347623e-188
9.897772506938378557e-189
1.079447517184872664e-189
1.180125359990046950e-190
1.293755064843755364e-191
1.422574171551017249e-192
1.569149133601468421e-193
1.736417865571506124e-194
1.927739246078106770e-195
2.146948744587031761e-196
2.398418373388755870e-197
2.687118286004218847e-198
3.018676723692107991e-199
3.399434820658589010e-200
3.836493151946540403e-201
4.337747925176261208e-202
4.911916383353578479e-203
5.568553224061237864e-204
6.318062496845195336e-205
7.171712302452865033e-206
8.141662440056920088e-207
9.241017688797389609e-208
1.048392145986801064e-208
1.188570596760362061e-209
1.346311576815405080e-210
1.523462149515823445e-211
1.722083991878623869e-212
1.944507510513557775e-213
2.193399344793750577e-214
2.471844258146643450e-215
2.783442043682944151e-216
3.132419562375267524e-217
3.523757347148610148e-218
3.963329300764167931e-219
4.458052857507162508e-220
5.016045563731371082e-221
5.646782398271469930e-222
6.361246394669537790e-223
7.172063401192324318e-224
8.093610343640621914e-225
9.142085415009735701e-226
1.033552851150598388e-226
1.169378127179891639e-227
1.323837852067473702e-228
1.499236695087365942e-229
1.698005255504384963e-230
1.922668554422544097e-231
2.175809998649850656e-232
2.460033472209834883e-233
2.777927166006454297e-234
3.132033662705953268e-235
3.524831576139580306e-236
3.958734628403069533e-237
4.436114368511037438e-238
4.959352744990517830e-239
5.530930413118307169e-240
6.153555981247223398e-241
6.830340399129588672e-242
7.565019404459797264e-243
8.362225427608689949e-244
9.227808672588045592e-245
1.016920530891018551e-245
1.119584888139573819e-246
1.231961921765069006e-247
1.355532131507904430e-248
1.492118493598856269e-249
1.643937393706077163e-250
1.813649271581944330e-251
2.004407559386127604e-252
2.219904352672250641e-253
2.464411133180213551e-254
2.742812781785247893e-255
3.060633101215650326e-256
3.424050141894999016e-257
3.839899827790714402e-258
4.315666754957891951e-259
4.859461628351227164e-260
5.479985655386297601e-261
6.186483363447596705e-262
6.988686775460076747e-263
7.896755664995245592e-264
8.921220695475669559e-265
1.007293856913346448e-265
1.136307077501447608e-266
1.280309999591126833e-267
1.440490053658420305e-268
1.618088105987687538e-269
1.814421922696588169e-270
2.030920828369992941e-271
2.269173497238406748e-272
2.530990615970470454e-273
2.818483809031637377e-274
3.134161711273081157e-275
3.481043409300105244e-276
3.862788667075402961e-277
4.283843430188979512e-278
4.749598110422508498e-279
5.266555145788013708e-280
5.842501382941398600e-281
6.486680021658610136e-282
7.209956285018381340e-283
8.024970726321780038e-284
8.946274243018548020e-285
9.990439517011162558e-286
1.117614480050888845e-286
1.252422775439169491e-287
1.405770943004001438e-288
1.580179144087032192e-289
1.778383283611478129e-290
2.003331707110668467e-291
2.258182363708130303e-292
2.546302321304315558e-293
2.871271945589757716e-294
3.236896456501843973e-295
3.647227935581606156e-296
4.106601157749507607e-297
4.619686846076274445e-298
5.191566086506017301e-299
5.827829684141503268e-300
6.534706192081183489e-301
7.319222202525445462e-302
8.189398269126845850e-303
9.154483547163427358e-304
1.022523191824135739e-304
1.141422203875214349e-305
1.273622345064615430e-306
1.420861065661694128e-307
1.585182692765435899e-308
1.768989961526058710e-309
1.975100891422441448e-310
2.206811238629954745e-311
2.467962811864395710e-312
2.763018014334530286e-313
3.097141065659064892e-314
3.476286456809847168e-315
3.907295284896095845e-316
4.397999950368378141e-317
4.957336114616065925e-318
5.595441658845869487e-319
6.323546201122114519e-320
7.149129895322837494e-321
8.053270027212318670e-322
8.399115979301191251e-323
0.000000000000000000e+00
0.000000000000000000e+00
0.000000000000000000e+00
0.000000000000000000e+00
0.000000000000000000e+00
0.000000000000000000e+00
0.000000000000000000e+00
0.000000000000000000e+00
0.000000000000000000e+00
0.000000000000000000e+00
0.000000000000000000e+00
0.000000000000000000e+00
0.000000000000000000e+00
0.000000000000000000e+00
0.000000000000000000e+00
0.000000000000000000e+00
0.000000000000000000e+00
0.000000000000000000e+00
0.000000000000000000e+00
0.000000000000000000e+00
0.000000000000000000e+00
0.000000000000000000e+00
0.000000000000000000e+00
0.000000000000000000e+00
0.000000000000000000e+00
0.000000000000000000e+00
0.000000000000000000e+00
0.000000000000000000e+00
0.000000000000000000e+00
0.000000000000000000e+00
0.000000000000000000e+00
0.000000000000000000e+00
0.000000000000000000e+00
0.000000000000000000e+00
0.000000000000000000e+00
0.000000000000000000e+00
0.000000000000000000e+00
0.000000000000000000e+00
0.000000000000000000e+00
0.000000000000000000e+00
0.000000000000000000e+00
0.000000000000000000e+00
0.000000000000000000e+00
0.000000000000000000e+00
0.000000000000000000e+00
0.000000000000000000e+00
0.000000000000000000e+00
0.000000000000000000e+00
0.000000000000000000e+00
0.000000000000000000e+00
0.000000000000000000e+00
0.000000000000000000e+00
0.000000000000000000e+00
0.000000000000000000e+00
0.000000000000000000e+00
0.000000000000000000e+00
0.000000000000000000e+00
0.000000000000000000e+00
0.000000000000000000e+00
0.000000000000000000e+00
0.000000000000000000e+00
0.000000000000000000e+00
0.000000000000000000e+00
0.000000000000000000e+00
0.000000000000000000e+00
0.000000000000000000e+00
0.000000000000000000e+00
0.000000000000000000e+00
0.000000000000000000e+00
0.000000000000000000e+00
0.000000000000000000e+00
0.000000000000000000e+00
0.000000000000000000e+00
0.000000000000000000e+00
0.000000000000000000e+00
0.000000000000000000e+00
0.000000000000000000e+00
0.000000000000000000e+00
0.000000000000000000e+00
0.000000000000000000e+00
0.000000000000000000e+00
0.000000000000000000e+00
0.000000000000000000e+00
0.000000000000000000e+00
0.000000000000000000e+00
0.000000000000000000e+00
0.000000000000000000e+00
0.000000000000000000e+00
0.000000000000000000e+00
0.000000000000000000e+00
0.000000000000000000e+00
0.000000000000000000e+00
0.000000000000000000e+00
0.000000000000000000e+00
0.000000000000000000e+00
0.000000000000000000e+00
0.000000000000000000e+00
0.000000000000000000e+00
0.000000000000000000e+00
0.000000000000000000e+00
0.000000000000000000e+00
0.000000000000000000e+00
0.000000000000000000e+00
0.000000000000000000e+00
0.000000000000000000e+00
0.000000000000000000e+00
0.000000000000000000e+00
0.000000000000000000e+00
0.000000000000000000e+00
0.000000000000000000e+00
0.000000000000000000e+00
0.000000000000000000e+00
0.000000000000000000e+00
0.000000000000000000e+00
0.000000000000000000e+00
0.000000000000000000e+00
0.000000000000000000e+00
0.000000000000000000e+00
0.000000000000000000e+00
0.000000000000000000e+00
0.000000000000000000e+00
0.000000000000000000e+00
0.000000000000000000e+00
0.000000000000000000e+00
0.000000000000000000e+00
0.000000000000000000e+00
0.000000000000000000e+00
0.000000000000000000e+00
0.000000000000000000e+00
0.000000000000000000e+00
0.000000000000000000e+00
0.000000000000000000e+00
0.000000000000000000e+00
0.000000000000000000e+00
0.000000000000000000e+00
0.000000000000000000e+00
0.000000000000000000e+00
0.000000000000000000e+00
0.000000000000000000e+00
0.000000000000000000e+00
0.000000000000000000e+00
0.000000000000000000e+00
0.000000000000000000e+00
0.000000000000000000e+00
0.000000000000000000e+00
0.000000000000000000e+00
0.000000000000000000e+00
0.000000000000000000e+00
0.000000000000000000e+00
0.000000000000000000e+00
0.000000000000000000e+00
0.000000000000000000e+00
0.000000000000000000e+00
0.000000000000000000e+00
0.000000000000000000e+00
0.000000000000000000e+00
0.000000000000000000e+00
0.000000000000000000e+00
0.000000000000000000e+00
0.000000000000000000e+00
0.000000000000000000e+00
0.000000000000000000e+00
0.000000000000000000e+00
0.000000000000000000e+00
0.000000000000000000e+00
0.000000000000000000e+00
0.000000000000000000e+00
0.000000000000000000e+00
0.000000000000000000e+00
0.000000000000000000e+00
0.000000000000000000e+00
0.000000000000000000e+00
0.000000000000000000e+00
0.000000000000000000e+00
0.000000000000000000e+00
0.000000000000000000e+00
0.000000000000000000e+00
0.000000000000000000e+00
0.000000000000000000e+00
0.000000000000000000e+00
0.000000000000000000e+00
0.000000000000000000e+00
0.000000000000000000e+00
0.000000000000000000e+00
0.000000000000000000e+00
0.000000000000000000e+00
0.000000000000000000e+00
0.000000000000000000e+00
0.000000000000000000e+00
0.000000000000000000e+00
0.000000000000000000e+00
0.000000000000000000e+00
0.000000000000000000e+00
0.000000000000000000e+00
0.000000000000000000e+00
0.000000000000000000e+00
0.000000000000000000e+00
0.000000000000000000e+00
0.000000000000000000e+00
0.000000000000000000e+00
0.000000000000000000e+00
0.000000000000000000e+00
0.000000000000000000e+00
0.000000000000000000e+00
0.000000000000000000e+00
0.000000000000000000e+00
0.000000000000000000e+00
0.000000000000000000e+00
0.000000000000000000e+00
0.000000000000000000e+00
0.000000000000000000e+00
0.000000000000000000e+00
0.000000000000000000e+00
0.000000000000000000e+00
0.000000000000000000e+00
0.000000000000000000e+00
0.000000000000000000e+00
0.000000000000000000e+00
0.000000000000000000e+00
0.000000000000000000e+00
0.000000000000000000e+00
0.000000000000000000e+00
0.000000000000000000e+00
0.000000000000000000e+00
0.000000000000000000e+00
0.000000000000000000e+00
0.000000000000000000e+00
0.000000000000000000e+00
0.000000000000000000e+00
0.000000000000000000e+00
0.000000000000000000e+00
0.000000000000000000e+00
0.000000000000000000e+00
0.000000000000000000e+00
0.000000000000000000e+00
0.000000000000000000e+00
0.000000000000000000e+00
0.000000000000000000e+00
0.000000000000000000e+00
0.000000000000000000e+00
0.000000000000000000e+00
0.000000000000000000e+00
0.000000000000000000e+00
0.000000000000000000e+00
0.000000000000000000e+00
0.000000000000000000e+00
0.000000000000000000e+00
0.000000000000000000e+00
0.000000000000000000e+00
0.000000000000000000e+00
0.000000000000000000e+00
0.000000000000000000e+00
0.000000000000000000e+00
0.000000000000000000e+00
0.000000000000000000e+00
0.000000000000000000e+00
0.000000000000000000e+00
0.000000000000000000e+00
0.000000000000000000e+00
0.000000000000000000e+00
0.000000000000000000e+00
0.000000000000000000e+00
0.000000000000000000e+00
0.000000000000000000e+00
0.000000000000000000e+00
0.000000000000000000e+00
0.000000000000000000e+00
0.000000000000000000e+00
0.000000000000000000e+00
0.000000000000000000e+00
0.000000000000000000e+00
0.000000000000000000e+00
0.000000000000000000e+00
0.000000000000000000e+00
0.000000000000000000e+00
0.000000000000000000e+00
0.000000000000000000e+00
0.000000000000000000e+00
0.000000000000000000e+00
0.000000000000000000e+00
0.000000000000000000e+00
0.000000000000000000e+00
0.000000000000000000e+00
0.000000000000000000e+00
0.000000000000000000e+00
0.000000000000000000e+00
0.000000000000000000e+00
0.000000000000000000e+00
0.000000000000000000e+00
0.000000000000000000e+00
0.000000000000000000e+00
0.000000000000000000e+00
0.000000000000000000e+00
0.000000000000000000e+00
0.000000000000000000e+00
0.000000000000000000e+00
0.000000000000000000e+00
0.000000000000000000e+00
0.000000000000000000e+00
0.000000000000000000e+00
0.000000000000000000e+00
0.000000000000000000e+00
0.000000000000000000e+00
0.000000000000000000e+00
0.000000000000000000e+00
0.000000000000000000e+00
0.000000000000000000e+00
0.000000000000000000e+00
0.000000000000000000e+00
0.000000000000000000e+00
0.000000000000000000e+00
0.000000000000000000e+00
0.000000000000000000e+00
0.000000000000000000e+00
0.000000000000000000e+00
0.000000000000000000e+00
0.000000000000000000e+00
0.000000000000000000e+00
0.000000000000000000e+00
0.000000000000000000e+00
0.000000000000000000e+00
0.000000000000000000e+00
0.000000000000000000e+00
0.000000000000000000e+00
0.000000000000000000e+00
0.000000000000000000e+00
0.000000000000000000e+00
0.000000000000000000e+00
0.000000000000000000e+00
0.000000000000000000e+00
0.000000000000000000e+00
0.000000000000000000e+00
0.000000000000000000e+00
0.000000000000000000e+00
0.000000000000000000e+00
0.000000000000000000e+00
0.000000000000000000e+00
0.000000000000000000e+00
0.000000000000000000e+00
0.000000000000000000e+00
0.000000000000000000e+00
0.000000000000000000e+00
0.000000000000000000e+00
0.000000000000000000e+00
0.000000000000000000e+00
0.000000000000000000e+00
0.000000000000000000e+00
0.000000000000000000e+00
0.000000000000000000e+00
0.000000000000000000e+00
0.000000000000000000e+00
0.000000000000000000e+00
0.000000000000000000e+00
0.000000000000000000e+00
0.000000000000000000e+00
0.000000000000000000e+00
0.000000000000000000e+00
0.000000000000000000e+00
0.000000000000000000e+00
0.000000000000000000e+00
0.000000000000000000e+00
0.000000000000000000e+00
0.000000000000000000e+00
0.000000000000000000e+00
0.000000000000000000e+00
0.000000000000000000e+00
0.000000000000000000e+00
0.000000000000000000e+00
0.000000000000000000e+00
0.000000000000000000e+00
0.000000000000000000e+00
0.000000000000000000e+00
0.000000000000000000e+00
0.000000000000000000e+00
0.000000000000000000e+00
0.000000000000000000e+00
0.000000000000000000e+00
0.000000000000000000e+00
0.000000000000000000e+00
0.000000000000000000e+00
0.000000000000000000e+00
0.000000000000000000e+00
0.000000000000000000e+00
0.000000000000000000e+00
0.000000000000000000e+00
0.000000000000000000e+00
0.000000000000000000e+00
0.000000000000000000e+00
0.000000000000000000e+00
0.000000000000000000e+00
0.000000000000000000e+00
0.000000000000000000e+00
0.000000000000000000e+00
0.000000000000000000e+00
0.000000000000000000e+00
0.000000000000000000e+00
0.000000000000000000e+00
0.000000000000000000e+00
0.000000000000000000e+00
0.000000000000000000e+00
0.000000000000000000e+00
0.000000000000000000e+00
0.000000000000000000e+00
0.000000000000000000e+00
0.000000000000000000e+00
0.000000000000000000e+00
0.000000000000000000e+00
0.000000000000000000e+00
0.000000000000000000e+00
0.000000000000000000e+00
0.000000000000000000e+00
0.000000000000000000e+00
0.000000000000000000e+00
0.000000000000000000e+00
0.000000000000000000e+00
0.000000000000000000e+00
0.000000000000000000e+00
0.000000000000000000e+00
0.000000000000000000e+00
0.000000000000000000e+00
0.000000000000000000e+00
0.000000000000000000e+00
0.000000000000000000e+00
0.000000000000000000e+00
0.000000000000000000e+00
0.000000000000000000e+00
0.000000000000000000e+00
0.000000000000000000e+00
0.000000000000000000e+00
0.000000000000000000e+00
0.000000000000000000e+00
0.000000000000000000e+00
0.000000000000000000e+00
0.000000000000000000e+00
0.000000000000000000e+00
0.000000000000000000e+00
0.000000000000000000e+00
0.000000000000000000e+00
0.000000000000000000e+00
0.000000000000000000e+00
0.000000000000000000e+00
0.000000000000000000e+00
0.000000000000000000e+00
0.000000000000000000e+00
0.000000000000000000e+00
0.000000000000000000e+00
0.000000000000000000e+00
0.000000000000000000e+00
0.000000000000000000e+00
0.000000000000000000e+00
0.000000000000000000e+00
0.000000000000000000e+00
0.000000000000000000e+00
0.000000000000000000e+00
0.000000000000000000e+00
0.000000000000000000e+00
0.000000000000000000e+00
0.000000000000000000e+00
0.000000000000000000e+00
0.000000000000000000e+00
0.000000000000000000e+00
0.000000000000000000e+00
0.000000000000000000e+00
0.000000000000000000e+00
0.000000000000000000e+00
0.000000000000000000e+00
0.000000000000000000e+00
0.000000000000000000e+00
0.000000000000000000e+00
0.000000000000000000e+00
0.000000000000000000e+00
0.000000000000000000e+00
0.000000000000000000e+00
0.000000000000000000e+00
0.000000000000000000e+00
0.000000000000000000e+00
0.000000000000000000e+00
0.000000000000000000e+00
0.000000000000000000e+00
0.000000000000000000e+00
0.000000000000000000e+00
0.000000000000000000e+00
0.000000000000000000e+00
0.000000000000000000e+00
0.000000000000000000e+00
0.000000000000000000e+00
0.000000000000000000e+00
0.000000000000000000e+00
0.000000000000000000e+00
0.000000000000000000e+00
0.000000000000000000e+00
0.000000000000000000e+00
0.000000000000000000e+00
0.000000000000000000e+00
0.000000000000000000e+00
0.000000000000000000e+00
0.000000000000000000e+00
0.000000000000000000e+00
0.000000000000000000e+00
0.000000000000000000e+00
0.000000000000000000e+00
0.000000000000000000e+00
0.000000000000000000e+00
0.000000000000000000e+00
0.000000000000000000e+00
0.000000000000000000e+00
0.000000000000000000e+00
0.000000000000000000e+00
0.000000000000000000e+00
0.000000000000000000e+00
0.000000000000000000e+00
0.000000000000000000e+00
0.000000000000000000e+00
0.000000000000000000e+00
0.000000000000000000e+00
0.000000000000000000e+00
0.000000000000000000e+00
0.000000000000000000e+00
0.000000000000000000e+00
0.000000000000000000e+00
0.000000000000000000e+00
0.000000000000000000e+00
0.000000000000000000e+00
0.000000000000000000e+00
0.000000000000000000e+00
0.000000000000000000e+00
0.000000000000000000e+00
0.000000000000000000e+00
0.000000000000000000e+00
0.000000000000000000e+00
0.000000000000000000e+00
0.000000000000000000e+00
0.000000000000000000e+00
0.000000000000000000e+00
0.000000000000000000e+00
0.000000000000000000e+00
0.000000000000000000e+00
0.000000000000000000e+00
0.000000000000000000e+00
0.000000000000000000e+00
0.000000000000000000e+00
0.000000000000000000e+00
0.000000000000000000e+00
0.000000000000000000e+00
0.000000000000000000e+00
0.000000000000000000e+00
0.000000000000000000e+00
0.000000000000000000e+00
0.000000000000000000e+00
0.000000000000000000e+00
0.000000000000000000e+00
0.000000000000000000e+00
0.000000000000000000e+00
0.000000000000000000e+00
0.000000000000000000e+00
0.000000000000000000e+00
0.000000000000000000e+00
0.000000000000000000e+00
0.000000000000000000e+00
0.000000000000000000e+00
0.000000000000000000e+00
0.000000000000000000e+00
0.000000000000000000e+00
0.000000000000000000e+00
0.000000000000000000e+00
0.000000000000000000e+00
0.000000000000000000e+00
0.000000000000000000e+00
0.000000000000000000e+00
0.000000000000000000e+00
0.000000000000000000e+00
0.000000000000000000e+00
0.000000000000000000e+00
0.000000000000000000e+00
0.000000000000000000e+00
0.000000000000000000e+00
0.000000000000000000e+00
0.000000000000000000e+00
0.000000000000000000e+00
0.000000000000000000e+00
0.000000000000000000e+00
0.000000000000000000e+00
0.000000000000000000e+00
0.000000000000000000e+00
0.000000000000000000e+00
0.000000000000000000e+00
0.000000000000000000e+00
0.000000000000000000e+00
0.000000000000000000e+00
0.000000000000000000e+00
0.000000000000000000e+00
0.000000000000000000e+00
0.000000000000000000e+00
0.000000000000000000e+00
0.000000000000000000e+00
0.000000000000000000e+00
0.000000000000000000e+00
0.000000000000000000e+00
0.000000000000000000e+00
0.000000000000000000e+00
0.000000000000000000e+00
0.000000000000000000e+00
0.000000000000000000e+00
0.000000000000000000e+00
0.000000000000000000e+00
0.000000000000000000e+00
0.000000000000000000e+00
0.000000000000000000e+00
0.000000000000000000e+00
0.000000000000000000e+00
0.000000000000000000e+00
0.000000000000000000e+00
0.000000000000000000e+00
0.000000000000000000e+00
0.000000000000000000e+00
0.000000000000000000e+00
0.000000000000000000e+00
0.000000000000000000e+00
0.000000000000000000e+00
0.000000000000000000e+00
0.000000000000000000e+00
0.000000000000000000e+00
0.000000000000000000e+00
0.000000000000000000e+00
0.000000000000000000e+00
0.000000000000000000e+00
0.000000000000000000e+00
0.000000000000000000e+00
0.000000000000000000e+00
0.000000000000000000e+00
0.000000000000000000e+00
0.000000000000000000e+00
0.000000000000000000e+00
0.000000000000000000e+00
0.000000000000000000e+00
0.000000000000000000e+00
0.000000000000000000e+00
0.000000000000000000e+00
0.000000000000000000e+00
0.000000000000000000e+00
0.000000000000000000e+00
0.000000000000000000e+00
0.000000000000000000e+00
0.000000000000000000e+00
0.000000000000000000e+00
0.000000000000000000e+00
0.000000000000000000e+00
0.000000000000000000e+00
0.000000000000000000e+00
0.000000000000000000e+00
0.000000000000000000e+00
0.000000000000000000e+00
0.000000000000000000e+00
0.000000000000000000e+00
0.000000000000000000e+00
0.000000000000000000e+00
0.000000000000000000e+00
0.000000000000000000e+00
0.000000000000000000e+00
0.000000000000000000e+00
0.000000000000000000e+00
0.000000000000000000e+00
0.000000000000000000e+00
0.000000000000000000e+00
0.000000000000000000e+00
0.000000000000000000e+00
0.000000000000000000e+00
0.000000000000000000e+00
0.000000000000000000e+00
0.000000000000000000e+00
0.000000000000000000e+00
0.000000000000000000e+00
0.000000000000000000e+00
0.000000000000000000e+00
0.000000000000000000e+00
0.000000000000000000e+00
0.000000000000000000e+00
0.000000000000000000e+00
0.000000000000000000e+00
0.000000000000000000e+00
0.000000000000000000e+00
0.000000000000000000e+00
0.000000000000000000e+00
0.000000000000000000e+00
0.000000000000000000e+00
0.000000000000000000e+00
0.000000000000000000e+00
0.000000000000000000e+00
0.000000000000000000e+00
0.000000000000000000e+00
0.000000000000000000e+00
0.000000000000000000e+00
0.000000000000000000e+00
0.000000000000000000e+00
0.000000000000000000e+00
0.000000000000000000e+00
0.000000000000000000e+00
0.000000000000000000e+00
0.000000000000000000e+00
0.000000000000000000e+00
0.000000000000000000e+00
0.000000000000000000e+00
0.000000000000000000e+00
0.000000000000000000e+00
0.000000000000000000e+00
0.000000000000000000e+00
0.000000000000000000e+00
0.000000000000000000e+00
0.000000000000000000e+00
0.000000000000000000e+00
0.000000000000000000e+00
0.000000000000000000e+00
0.000000000000000000e+00
0.000000000000000000e+00
0.000000000000000000e+00
0.000000000000000000e+00
0.000000000000000000e+00
0.000000000000000000e+00
0.000000000000000000e+00
0.000000000000000000e+00
0.000000000000000000e+00
0.000000000000000000e+00
0.000000000000000000e+00
0.000000000000000000e+00
0.000000000000000000e+00
0.000000000000000000e+00
0.000000000000000000e+00
0.000000000000000000e+00
0.000000000000000000e+00
0.000000000000000000e+00
0.000000000000000000e+00
0.000000000000000000e+00
0.000000000000000000e+00
0.000000000000000000e+00
0.000000000000000000e+00
0.000000000000000000e+00
0.000000000000000000e+00
0.000000000000000000e+00
0.000000000000000000e+00
0.000000000000000000e+00
0.000000000000000000e+00
0.000000000000000000e+00
0.000000000000000000e+00
0.000000000000000000e+00
0.000000000000000000e+00
0.000000000000000000e+00
0.000000000000000000e+00
0.000000000000000000e+00
0.000000000000000000e+00
0.000000000000000000e+00
0.000000000000000000e+00
0.000000000000000000e+00
0.000000000000000000e+00
0.000000000000000000e+00
0.000000000000000000e+00
0.000000000000000000e+00
0.000000000000000000e+00
0.000000000000000000e+00
0.000000000000000000e+00
0.000000000000000000e+00
0.000000000000000000e+00
0.000000000000000000e+00
0.000000000000000000e+00
0.000000000000000000e+00
0.000000000000000000e+00
0.000000000000000000e+00
0.000000000000000000e+00
0.000000000000000000e+00
0.000000000000000000e+00
0.000000000000000000e+00
0.000000000000000000e+00
0.000000000000000000e+00
0.000000000000000000e+00
0.000000000000000000e+00
0.000000000000000000e+00
0.000000000000000000e+00
0.000000000000000000e+00
0.000000000000000000e+00
0.000000000000000000e+00
0.000000000000000000e+00
0.000000000000000000e+00
0.000000000000000000e+00
0.000000000000000000e+00
0.000000000000000000e+00
0.000000000000000000e+00
0.000000000000000000e+00
0.000000000000000000e+00
0.000000000000000000e+00
0.000000000000000000e+00
0.000000000000000000e+00
0.000000000000000000e+00
0.000000000000000000e+00
0.000000000000000000e+00
0.000000000000000000e+00
0.000000000000000000e+00
0.000000000000000000e+00
0.000000000000000000e+00
0.000000000000000000e+00
0.000000000000000000e+00
0.000000000000000000e+00
0.000000000000000000e+00
0.000000000000000000e+00
0.000000000000000000e+00
0.000000000000000000e+00
0.000000000000000000e+00
0.000000000000000000e+00
0.000000000000000000e+00
0.000000000000000000e+00
0.000000000000000000e+00
0.000000000000000000e+00
0.000000000000000000e+00
0.000000000000000000e+00
0.000000000000000000e+00
0.000000000000000000e+00
0.000000000000000000e+00
0.000000000000000000e+00
0.000000000000000000e+00
0.000000000000000000e+00
0.000000000000000000e+00
0.000000000000000000e+00
0.000000000000000000e+00
0.000000000000000000e+00
0.000000000000000000e+00
0.000000000000000000e+00
0.000000000000000000e+00
0.000000000000000000e+00
0.000000000000000000e+00
0.000000000000000000e+00
0.000000000000000000e+00
0.000000000000000000e+00
0.000000000000000000e+00
0.000000000000000000e+00
0.000000000000000000e+00
0.000000000000000000e+00
0.000000000000000000e+00
0.000000000000000000e+00
0.000000000000000000e+00
0.000000000000000000e+00
0.000000000000000000e+00
0.000000000000000000e+00
0.000000000000000000e+00
0.000000000000000000e+00
0.000000000000000000e+00
0.000000000000000000e+00
0.000000000000000000e+00
0.000000000000000000e+00
0.000000000000000000e+00
0.000000000000000000e+00
0.000000000000000000e+00
0.000000000000000000e+00
0.000000000000000000e+00
0.000000000000000000e+00
0.000000000000000000e+00
0.000000000000000000e+00
0.000000000000000000e+00
0.000000000000000000e+00
0.000000000000000000e+00
0.000000000000000000e+00
0.000000000000000000e+00
0.000000000000000000e+00
0.000000000000000000e+00
0.000000000000000000e+00
0.000000000000000000e+00
0.000000000000000000e+00
0.000000000000000000e+00
0.000000000000000000e+00
0.000000000000000000e+00
0.000000000000000000e+00
0.000000000000000000e+00
0.000000000000000000e+00
0.000000000000000000e+00
0.000000000000000000e+00
0.000000000000000000e+00
0.000000000000000000e+00
0.000000000000000000e+00
0.000000000000000000e+00
0.000000000000000000e+00
0.000000000000000000e+00
0.000000000000000000e+00
0.000000000000000000e+00
0.000000000000000000e+00
0.000000000000000000e+00
0.000000000000000000e+00
0.000000000000000000e+00
0.000000000000000000e+00
0.000000000000000000e+00
0.000000000000000000e+00
0.000000000000000000e+00
0.000000000000000000e+00
0.000000000000000000e+00
0.000000000000000000e+00
0.000000000000000000e+00
0.000000000000000000e+00
0.000000000000000000e+00
0.000000000000000000e+00
0.000000000000000000e+00
0.000000000000000000e+00
0.000000000000000000e+00
0.000000000000000000e+00
0.000000000000000000e+00
0.000000000000000000e+00
0.000000000000000000e+00
0.000000000000000000e+00
0.000000000000000000e+00
0.000000000000000000e+00
0.000000000000000000e+00
0.000000000000000000e+00
0.000000000000000000e+00
0.000000000000000000e+00
0.000000000000000000e+00
0.000000000000000000e+00
0.000000000000000000e+00
0.000000000000000000e+00
0.000000000000000000e+00
0.000000000000000000e+00
0.000000000000000000e+00
0.000000000000000000e+00
0.000000000000000000e+00
0.000000000000000000e+00
0.000000000000000000e+00
0.000000000000000000e+00
0.000000000000000000e+00
0.000000000000000000e+00
0.000000000000000000e+00
0.000000000000000000e+00
0.000000000000000000e+00
0.000000000000000000e+00
0.000000000000000000e+00
0.000000000000000000e+00
0.000000000000000000e+00
0.000000000000000000e+00
0.000000000000000000e+00
0.000000000000000000e+00
0.000000000000000000e+00
0.000000000000000000e+00
0.000000000000000000e+00
0.000000000000000000e+00
0.000000000000000000e+00
0.000000000000000000e+00
0.000000000000000000e+00
0.000000000000000000e+00
0.000000000000000000e+00
0.000000000000000000e+00
0.000000000000000000e+00
0.000000000000000000e+00
0.000000000000000000e+00
0.000000000000000000e+00
0.000000000000000000e+00
0.000000000000000000e+00
0.000000000000000000e+00
0.000000000000000000e+00
0.000000000000000000e+00
0.000000000000000000e+00
0.000000000000000000e+00
0.000000000000000000e+00
0.000000000000000000e+00
0.000000000000000000e+00
0.000000000000000000e+00
0.000000000000000000e+00
0.000000000000000000e+00
0.000000000000000000e+00
0.000000000000000000e+00
0.000000000000000000e+00
0.000000000000000000e+00
0.000000000000000000e+00
0.000000000000000000e+00
0.000000000000000000e+00
0.000000000000000000e+00
0.000000000000000000e+00
0.000000000000000000e+00
0.000000000000000000e+00
0.000000000000000000e+00
0.000000000000000000e+00
0.000000000000000000e+00
0.000000000000000000e+00
0.000000000000000000e+00
0.000000000000000000e+00
0.000000000000000000e+00
0.000000000000000000e+00
0.000000000000000000e+00
0.000000000000000000e+00
0.000000000000000000e+00
0.000000000000000000e+00
0.000000000000000000e+00
0.000000000000000000e+00
0.000000000000000000e+00
0.000000000000000000e+00
0.000000000000000000e+00
0.000000000000000000e+00
0.000000000000000000e+00
0.000000000000000000e+00
0.000000000000000000e+00
0.000000000000000000e+00
0.000000000000000000e+00
0.000000000000000000e+00
0.000000000000000000e+00
0.000000000000000000e+00
0.000000000000000000e+00
0.000000000000000000e+00
0.000000000000000000e+00
0.000000000000000000e+00
0.000000000000000000e+00
0.000000000000000000e+00
0.000000000000000000e+00
0.000000000000000000e+00
0.000000000000000000e+00
0.000000000000000000e+00
0.000000000000000000e+00
0.000000000000000000e+00
0.000000000000000000e+00
0.000000000000000000e+00
0.000000000000000000e+00
0.000000000000000000e+00
0.000000000000000000e+00
