2.140578481731909288e-01
2.809486904227797080e-02
9.854434610429622238e-03
6.667439735378942467e-03
6.340630377203112372e-03
6.624415867392739916e-03
7.009755226509859806e-03
7.384996168628181305e-03
7.732467050941506034e-03
8.053957455132361096e-03
8.353489777986186290e-03
8.634140244085231411e-03
8.897886718713148707e-03
9.145912153434122144e-03
9.378871592635933813e-03
9.597075848048993926e-03
9.800614951319987223e-03
9.989443509890992903e-03
1.016344173381743266e-02
1.032246007342291216e-02
1.046635211309331764e-02
1.059499858837381278e-02
1.070832443190230382e-02
1.080631022171847123e-02
1.088899909853937448e-02
1.095650002845983441e-02
1.100898815682961260e-02
1.104670289782149796e-02
1.106994431751306789e-02
1.107906828943351456e-02
1.107448082804295131e-02
1.105663193716849291e-02
1.102600924747835533e-02
1.098313166025269294e-02
1.092854316446414085e-02
1.086280695068344085e-02
1.078649990847581168e-02
1.070020756339646988e-02
1.060451948492887979e-02
1.050002517710641597e-02
1.038731044846325988e-02
1.026695424670299485e-02
1.013952593542453463e-02
1.000558298481499762e-02
9.865669044897662499e-03
9.720312368248726700e-03
9.570024548690372543e-03
9.415299543005647628e-03
9.256612943937550519e-03
9.094421474421269733e-03
8.929162674980369377e-03
8.761254758370876083e-03
8.591096607774179397e-03
8.419067897052073812e-03
8.245529313728530707e-03
8.070822867416777360e-03
7.895272268341656241e-03
7.719183362405061810e-03
7.542844610895139100e-03
7.366527604451544690e-03
7.190487602268837847e-03
7.014964088756423487e-03
6.840181340981484233e-03
6.666349001212288315e-03
6.493662649759486538e-03
6.322304374094083780e-03
6.152443330911075078e-03
5.984236298413856542e-03
5.817828216628980094e-03
5.653352714026062611e-03
5.490932619124438800e-03
5.330680456120679388e-03
5.172698923876106573e-03
5.017081357864703640e-03
4.863912174905697314e-03
4.713267300693733085e-03
4.565214580298421025e-03
4.419814171935577962e-03
4.277118924419449734e-03
4.137174738789916803e-03
4.000020914673775053e-03
3.865690481988175685e-03
3.734210518626646796e-03
3.605602454788659709e-03
3.479882364621449467e-03
3.357061245841638005e-03
3.237145287993697766e-03
3.120136129984893425e-03
3.006031107513397645e-03
2.894823490978240630e-03
2.786502714427624861e-03
2.681054596068521787e-03
2.578461550823439585e-03
2.478702795383487100e-03
2.381754546168684747e-03
2.287590210569387383e-03
2.196180571805526373e-03
2.107493967705044349e-03
2.021496463668773311e-03
1.938152020056890237e-03
1.857422654201878933e-03
1.779268597225310087e-03
1.703648445810082958e-03
1.630519309057083073e-03
1.559836950534282786e-03
1.491555925608789579e-03
1.425629714136200351e-03
1.362010848568762870e-03
1.300651037532371415e-03
1.241501284913900955e-03
1.184512004493074293e-03
1.129633130148120692e-03
1.076814221661035170e-03
1.026004566146306767e-03
9.771532751264343578e-04
9.302093772783386538e-04
8.851219068764415616e-04
8.418399879608479391e-04
8.003129142625878007e-04
7.604902249218314361e-04
7.223217760396989174e-04
6.857578081091242686e-04
6.507490093755972493e-04
6.172465751839301129e-04
5.852022633727798013e-04
5.545684457841222560e-04
5.252981559603190926e-04
4.973451331067158107e-04
4.706638624028627893e-04
4.452096117501858400e-04
4.209384650486749035e-04
3.978073520992826402e-04
3.757740752327065636e-04
3.547973327687334246e-04
3.348367394135026254e-04
3.158528437047797440e-04
2.978071426176873301e-04
2.806620934453270418e-04
2.643811230701538419e-04
2.489286347432805458e-04
2.342700124894362345e-04
2.203716232558081774e-04
2.072008169229059443e-04
1.947259242952736500e-04
1.829162531890732313e-04
1.717420827326247162e-04
1.611746559945622856e-04
1.511861710526706838e-04
1.417497706145263883e-04
1.328395302989409559e-04
1.244304456847969019e-04
1.164984182312765645e-04
1.090202401706765828e-04
1.019735784720982605e-04
9.533695797112783565e-05
8.908974375743510259e-05
8.321212290887965005e-05
7.768508565720887756e-05
7.249040606699419000e-05
6.761062230586601599e-05
6.302901658044529154e-05
5.872959480877638352e-05
5.469706609644484053e-05
5.091682207983942856e-05
4.737491619646739117e-05
4.405804293860143611e-05
4.095351714296967472e-05
3.804925336572311732e-05
3.533374538845220303e-05
3.279604589765039495e-05
3.042574637674174719e-05
2.821295724655262721e-05
2.614828828702934078e-05
2.422282936994021049e-05
2.242813152940498843e-05
2.075618839429723873e-05
1.919941800381875699e-05
1.775064502501079469e-05
1.640308338844581208e-05
1.515031935602021099e-05
1.398629503250220754e-05
1.290529233038565648e-05
1.190191739557966533e-05
1.097108549959468902e-05
1.010800640206714660e-05
9.308170185882118572e-06
8.567333565522780909e-06
7.881506667891201895e-06
7.246940283507130201e-06
6.660113584736992485e-06
6.117722306634055107e-06
5.616667384891240657e-06
5.154044044515770444e-06
4.727131331984546485e-06
4.333382082869572386e-06
3.970413316307214350e-06
3.635997047037598504e-06
3.328051505265912553e-06
3.044632754169576477e-06
2.783926694467228661e-06
2.544241445193486913e-06
2.324000089581674793e-06
2.121733774735741142e-06
1.936075153679362302e-06
1.765752158265290705e-06
1.609582091385411802e-06
1.466466026939316828e-06
1.335383506053764831e-06
1.215387518122504339e-06
1.105599755355926962e-06
1.005206129648150696e-06
9.134525407660486758e-07
8.296408850250789950e-07
7.531252938390695601e-07
6.833085917686620904e-07
6.196389639167914628e-07
5.616068227931167826e-07
5.087418650338968063e-07
4.606103086381107873e-07
4.168123016721959968e-07
3.769794936875455821e-07
3.407727613844027256e-07
3.078800803514519168e-07
2.780145350410672003e-07
2.509124593844755483e-07
2.263317008028407122e-07
2.040500006364656428e-07
1.838634843110506869e-07
1.655852548684328955e-07
1.490440837405689305e-07
1.340831929539554038e-07
1.205591232147184157e-07
1.083406825792578160e-07
9.730797070230405119e-08
8.735147387018334473e-08
7.837122631393278387e-08
7.027603348856389305e-08
6.298275328629019406e-08
5.641563129930677334e-08
5.050568656496762896e-08
4.519014431020055408e-08
4.041191250760921301e-08
3.611909919586907910e-08
3.226456768765470083e-08
2.880552701650534498e-08
2.570315506233647494e-08
2.292225200894905460e-08
2.043092191904210735e-08
1.820028034054306910e-08
1.620418602071751312e-08
1.441899488363232407e-08
1.282333461610707681e-08
1.139789825699838015e-08
1.012525531760267474e-08
8.989679086362159134e-09
7.976988810423351502e-09
7.074405601330249134e-09
6.270420937678961387e-09
5.554676767551675230e-09
4.917856242134276128e-09
4.351584232565264101e-09
3.848336782278783426e-09
3.401358785305306360e-09
3.004589164171614356e-09
2.652592933396834413e-09
2.340499544278464282e-09
2.063946964493043870e-09
1.819031017633095540e-09
1.602259486772171274e-09
1.410510589225387609e-09
1.240995419311330392e-09
1.091223996253782670e-09
9.589746178331504988e-10
8.422661839997125005e-10
7.393332457142577930e-10
6.486035106283776123e-10
5.686775868783938298e-10
4.983107483554436982e-10
4.363965314781997885e-10
3.819519955368175264e-10
3.341044810954546881e-10
2.920797200885494077e-10
2.551911777585897886e-10
2.228304924297384688e-10
1.944589134151239564e-10
1.695996372205469839e-10
1.478309522275248957e-10
1.287801045957852910e-10
1.121178280539823071e-10
9.755345062024553957e-11
8.483053523036270300e-11
7.372299002870939603e-11
6.403160527418117614e-11
5.558096756559134784e-11
4.821671647214743023e-11
4.180310417749471195e-11
3.622082455281978575e-11
3.136509376562507719e-11
2.714393867006096837e-11
2.347667925794090486e-11
2.029259413077133852e-11
1.752972421893057010e-11
1.513382751680533385e-11
1.305744461719730100e-11
1.125907815371635555e-11
9.702468931560016171e-12
8.355953658801876468e-12
7.191899894116356011e-12
6.186209653066698967e-12
5.317880470130795091e-12
4.568618748909093428e-12
3.922503373496902388e-12
3.365682806840678101e-12
2.886117910190638383e-12
2.473349543962264013e-12
2.118298359759978594e-12
1.813085606407514889e-12
1.550881601399277451e-12
1.325767750726212503e-12
1.132620945308885290e-12
9.670064620344242538e-13
8.250901408386471122e-13
7.035583906165407484e-13
5.995494614674298937e-13
5.105940295505870705e-13
4.345620984433895904e-13
3.696178455955662265e-13
3.141794112138157289e-13
2.668861743905465624e-13
2.265682293092190329e-13
1.922179894988446779e-13
1.629713217617778280e-13
1.380864950542707540e-13
1.169250249357093946e-13
9.894392242509314144e-14
8.367349573220574198e-14
7.071504962026517603e-14
5.972470979855484566e-14
5.040950613404552689e-14
4.251952179678285088e-14
3.584114574189594259e-14
3.019215049660192451e-14
2.541692380727975571e-14
2.138264326207529119e-14
1.797713510866341657e-14
1.510414804911813187e-14
1.268214919203349462e-14
1.064106960913457308e-14
8.922949555341038424e-15
7.477325382251743898e-15
6.261255686523531296e-15
5.240112861343938289e-15
4.381883267608992103e-15
3.662090135215084788e-15
3.058558892799282732e-15
2.552830437717295710e-15
2.129075667005055521e-15
1.774654333075004622e-15
1.478070566015098987e-15
1.230433111036363638e-15
1.023206394230923503e-15
8.505375431057073815e-16
7.063115530437056646e-16
5.861823807929718142e-16
4.862664851762670772e-16
4.031774789786416563e-16
3.338230826472742727e-16
2.758392674116033977e-16
2.285587737311918149e-16
1.888255189929191863e-16
1.557493499211800853e-16
1.284418474163582469e-16
1.060528974675897617e-16
8.696676553802674335e-17
7.156946556777484167e-17
5.890039201194792608e-17
4.846477208635521295e-17
3.965850032796247381e-17
3.262503046362307668e-17
2.685827294352107585e-17
2.212813302418725133e-17
1.829471681386339563e-17
1.487568655401307177e-17
1.217071712550961935e-17
9.966817189040195436e-18
8.160847041865101606e-18
6.978214238525369427e-18
5.520352798522279483e-18
4.522863281105279161e-18
3.672890544401213945e-18
2.925178620117918084e-18
2.559744306903611947e-18
1.953804846013306504e-18
1.904015743411355579e-18
1.507754286700245009e-18
1.177328970874962623e-18
9.296834665240713008e-19
7.595440370597235918e-19
6.271658757487569987e-19
3.713044613911939904e-19
2.778744396609210729e-19
1.686773022446338802e-19
2.962515115870073788e-19
2.542621845482334725e-19
2.164083208244459597e-19
2.223707276110909703e-19
1.671426991809489616e-19
1.776174258061724672e-19
2.043592964246716520e-19
4.780884491918981496e-20
9.520597745981003439e-20
2.739541158104817030e-19
1.859117588357841933e-19
1.881639187159740745e-20
1.439804753219889742e-19
1.856773068617172651e-19
2.326961221162727258e-19
8.949017914837035156e-20
2.822314146757688193e-20
1.300032431804053351e-19
1.425747402785137453e-19
6.933621389256532560e-20
2.060350792227731526e-19
1.896402808069941180e-19
3.002487493160163173e-19
1.258128524029576123e-19
1.434625177161520321e-19
7.023220798923895758e-20
0.000000000000000000e+00
8.904945495225553486e-20
1.728182219370247754e-19
1.106396136697226717e-19
2.884669303638116767e-19
2.777268265346501535e-19
1.756961633670963517e-20
2.443474118698355446e-19
1.991843240248124013e-19
1.942574979270058952e-19
8.260911386115590447e-20
2.519944857755959197e-19
2.032043916059725176e-19
2.352686873246577393e-19
9.136297760390805844e-20
7.072305717720207198e-20
2.160093867613093987e-19
1.628166374790991465e-19
2.679142739496599376e-19
1.724341195187065937e-19
1.923748006538762054e-19
0.000000000000000000e+00
1.781726160381467662e-19
8.544048492722428344e-20
3.698067026244125058e-19
1.872472835589829982e-19
5.158114572600236875e-20
0.000000000000000000e+00
1.765930333548765177e-19
0.000000000000000000e+00
1.023335732032169380e-19
1.475731781283522170e-19
2.268371026858361688e-19
1.438453968756748497e-20
6.409138393286883447e-20
6.448602979867040464e-20
1.377422937512250509e-19
2.960422195802529925e-19
2.064206395907409063e-19
0.000000000000000000e+00
2.474705752485462281e-19
2.370475637530614999e-19
8.292015247628267424e-20
1.036624520242856546e-19
2.182468612871878961e-19
3.071030394513795459e-19
2.084679893881914021e-19
1.091702560567132753e-20
0.000000000000000000e+00
1.339421445393016694e-19
1.461922809292565450e-19
0.000000000000000000e+00
1.702167301206991707e-19
7.496057441782773714e-20
6.186647008840918192e-20
5.877704713103182780e-20
1.316428135108705126e-19
0.000000000000000000e+00
1.270886905540707014e-19
6.283858179042950395e-20
0.000000000000000000e+00
1.228924474235447015e-19
1.706248785388072665e-19
2.516118909258930625e-19
2.247946697247347755e-19
7.316809410588131462e-20
3.896886472891286669e-19
9.376940813497792691e-20
5.925468977303291107e-20
9.079734742403797235e-20
0.000000000000000000e+00
0.000000000000000000e+00
4.656046705630726831e-20
8.505287106638840500e-20
0.000000000000000000e+00
1.184273597974760722e-19
3.517547237789286961e-19
1.942497825394532699e-19
2.152862423802265669e-19
3.112159118338525897e-20
4.711964595072044203e-20
4.691708476940566050e-20
1.950439864387357920e-19
6.311953268715439363e-20
4.813062552418772677e-20
1.196826895743728518e-19
0.000000000000000000e+00
0.000000000000000000e+00
3.750410426283054478e-19
5.861552812422904287e-21
0.000000000000000000e+00
3.991356557252831621e-20
1.150529159533727726e-19
4.840828026725859956e-20
1.897316568418430301e-19
9.336864504763177853e-20
0.000000000000000000e+00
0.000000000000000000e+00
0.000000000000000000e+00
0.000000000000000000e+00
0.000000000000000000e+00
1.061016547129619122e-19
4.039461217356971761e-20
3.289300831418799878e-20
0.000000000000000000e+00
1.400459196269159699e-19
4.131621996540064983e-20
3.040093844901788490e-20
6.537309401122000056e-20
1.437725721808800047e-19
7.728937786823729702e-20
0.000000000000000000e+00
4.360400744032194781e-19
1.453348376293595555e-19
1.182014473477012917e-19
2.267620235965228405e-19
2.016721854576186326e-19
5.153750160906204879e-20
3.653962438041298463e-20
7.146661848247846809e-20
3.828039614671457581e-20
3.399785640144479117e-20
1.819998797116424301e-19
1.189546107298367440e-19
2.284979994976654620e-19
5.390603224768820765e-20
1.861487834527620893e-19
1.243886164907206190e-19
4.465933098028351881e-20
3.647449426753365249e-20
3.480348384867723245e-20
3.393284066569952640e-20
2.567814704766832931e-19
1.669219908354539583e-19
4.848103479369772546e-20
3.345697527395932362e-19
6.418894560757873726e-20
7.737070272701622669e-20
3.019273223089287735e-19
1.370034679809412074e-19
2.349784586634624153e-19
1.700984236763599666e-19
0.000000000000000000e+00
1.140797355711862364e-19
1.959275361497087510e-19
0.000000000000000000e+00
1.881504612330680054e-19
3.143123969435902669e-19
0.000000000000000000e+00
0.000000000000000000e+00
7.596093731339325168e-20
4.356017952264919282e-20
2.631123211414206205e-19
3.574072002283257655e-19
0.000000000000000000e+00
0.000000000000000000e+00
1.132242211857346742e-19
8.334539699872260587e-20
2.304818192964080339e-19
1.311494162994354489e-19
4.586140132394106110e-20
7.723082096024027748e-20
4.242529341209737746e-20
1.499237136810093391e-19
4.708859662862585216e-20
5.584843501297973481e-22
1.086543445914377994e-19
1.525350153001914147e-19
0.000000000000000000e+00
0.000000000000000000e+00
1.056417666919785905e-19
0.000000000000000000e+00
1.790154016419213694e-19
4.235060598652755966e-20
0.000000000000000000e+00
0.000000000000000000e+00
0.000000000000000000e+00
0.000000000000000000e+00
0.000000000000000000e+00
9.731772270524326320e-20
2.875176488112420426e-20
2.290227660185788336e-20
1.704365275691732149e-19
3.276371266577453770e-20
0.000000000000000000e+00
1.312664952045959372e-19
2.862151820882200126e-20
2.048529321316346200e-20
1.307023267111250190e-19
1.765723380334375347e-19
3.156991699093309500e-20
0.000000000000000000e+00
1.815093384878775135e-20
2.043491071666688499e-19
1.442591064381504676e-19
0.000000000000000000e+00
9.388203446134513062e-20
2.455703822232066584e-20
3.922263388329786184e-19
4.755685000242075218e-20
2.855016537805460020e-19
0.000000000000000000e+00
0.000000000000000000e+00
2.456174462127626012e-19
0.000000000000000000e+00
2.414102686562024811e-20
1.352235703308555319e-19
1.060832919269497422e-19
1.043802564188308357e-19
1.788686688679559978e-19
4.081699185297866015e-19
2.770169230663326889e-19
4.706820582680448446e-20
0.000000000000000000e+00
0.000000000000000000e+00
3.253697316977064638e-19
1.981973854445300260e-19
1.148241953261285582e-19
3.349414912053891154e-19
0.000000000000000000e+00
2.191249240096088775e-19
1.196072816407761756e-19
2.235433382917934748e-19
0.000000000000000000e+00
1.075399324037558569e-19
7.475821313558911305e-20
3.569438948040727891e-20
0.000000000000000000e+00
2.947991129824490771e-20
3.274376346711294500e-19
1.975174827010718448e-19
0.000000000000000000e+00
0.000000000000000000e+00
1.771269626340071746e-19
0.000000000000000000e+00
0.000000000000000000e+00
2.123595443488051716e-19
1.497432651037968474e-19
0.000000000000000000e+00
1.006144264147713287e-19
1.790944590879246027e-19
1.094278774432664714e-19
0.000000000000000000e+00
0.000000000000000000e+00
2.308393912423458533e-20
3.209150573318066459e-19
4.045336021759940999e-20
1.370147777324505223e-19
2.999696238378944169e-20
2.344778633488347522e-20
5.928757720141094650e-20
2.382436672160395508e-20
9.535131018327992041e-20
5.967035301943733195e-20
1.339093124828060630e-19
1.003823214752479198e-19
0.000000000000000000e+00
0.000000000000000000e+00
1.715240340774507259e-20
1.671329752723838131e-20
9.047635366674844814e-20
2.430812680263854286e-19
1.027551166526825535e-19
1.987885923520402220e-20
1.652972055925599367e-19
2.100669730943983093e-19
0.000000000000000000e+00
1.707501945974551506e-20
5.347995385379056159e-20
1.299159261232874887e-19
9.650864797928531616e-20
9.328459912147460109e-20
9.435751875388732676e-20
0.000000000000000000e+00
0.000000000000000000e+00
8.893917706146911253e-20
1.298674555535691112e-19
2.053314663755381655e-20
5.222144346114217984e-20
1.623211460207150061e-20
3.492436169837518397e-19
3.036588106156655688e-20
0.000000000000000000e+00
1.634304917578805560e-19
2.079449239951392932e-19
2.480973251333910940e-20
1.651807237473947034e-20
2.761983410243700277e-19
0.000000000000000000e+00
0.000000000000000000e+00
3.506177574206011790e-19
6.847496555858154991e-20
2.044522368830722934e-20
2.034592663782064930e-19
2.116467320235221141e-19
1.759073671522359017e-19
2.586529909687576824e-20
1.927911830036303293e-20
1.299654481646278905e-19
2.464809969976813203e-19
2.520290320948427965e-19
2.906872464295094584e-19
2.934395709574978542e-19
0.000000000000000000e+00
2.267728893040624228e-20
2.081477108986658604e-19
0.000000000000000000e+00
3.570725684413238868e-19
0.000000000000000000e+00
1.717223881230787859e-19
0.000000000000000000e+00
2.450440677658974988e-19
2.909615130237271854e-19
1.821012821101155977e-19
0.000000000000000000e+00
1.714709674466412392e-19
1.021799846886811168e-19
1.742237519574794117e-19
3.257527033024216591e-19
1.456750385631451149e-19
1.772008047699483997e-19
2.878935528982267791e-20
2.300489994869545678e-20
2.160613279487268955e-20
2.053162573439443477e-20
1.685490104811224340e-19
0.000000000000000000e+00
1.669862384685736166e-19
2.120125946499674717e-20
2.404897525943596455e-19
0.000000000000000000e+00
0.000000000000000000e+00
1.265451254915769919e-19
1.820052721523272258e-20
8.869879369302225757e-20
0.000000000000000000e+00
4.980568127746194377e-20
1.331578066181031223e-20
1.131035896355770759e-20
4.770314017086995831e-20
1.121936954980497139e-20
2.702561480900317959e-19
0.000000000000000000e+00
9.896383670037355309e-21
0.000000000000000000e+00
3.064476505828340930e-19
0.000000000000000000e+00
4.681167415757148714e-20
1.219693877483816819e-19
2.359378518904551081e-19
0.000000000000000000e+00
1.963147800458301640e-19
1.642323988407059748e-19
2.386199728442917151e-19
0.000000000000000000e+00
1.234401662690489920e-19
1.447592646985405054e-20
8.593945785784235414e-20
0.000000000000000000e+00
1.022133464312668964e-20
4.197028008091372299e-19
2.081673678483202340e-20
8.619451415971850764e-20
1.252571305364497759e-20
0.000000000000000000e+00
8.407434971023949011e-20
0.000000000000000000e+00
2.694945872514288452e-19
1.498523129890070220e-20
8.386997372612919002e-20
2.339941865793017885e-19
2.750924114711043892e-19
1.607979732052703859e-20
4.770186935049956842e-20
8.526378848346084303e-20
1.044679487827929841e-20
0.000000000000000000e+00
8.218964333645592858e-21
7.670161639869169609e-21
2.307142462331546832e-19
4.815687827897184023e-20
1.573043819634489098e-19
8.467885985585659502e-20
1.206531145113927211e-19
9.590391396980228035e-21
2.681085872877502510e-19
1.987073972806314494e-19
1.188974775908742598e-20
1.201233877475132882e-19
2.710293550997913230e-19
0.000000000000000000e+00
4.601997433403782597e-20
8.357492976725447243e-20
9.291392558077363169e-21
3.431182175818919438e-19
0.000000000000000000e+00
0.000000000000000000e+00
7.417120602836650538e-21
6.884240160321330447e-21
0.000000000000000000e+00
1.920144228195513078e-19
1.575928058087236368e-19
0.000000000000000000e+00
8.029751137610106140e-20
0.000000000000000000e+00
5.079317239314341461e-21
0.000000000000000000e+00
4.136548012345404301e-20
0.000000000000000000e+00
1.152718484757729169e-19
4.866899805601407071e-21
0.000000000000000000e+00
1.146826892986581439e-19
4.297810117934638158e-21
2.838046564452684585e-21
3.976897774557292718e-20
0.000000000000000000e+00
1.139979421547373758e-19
3.509114286479481270e-21
1.513339862118103886e-19
0.000000000000000000e+00
0.000000000000000000e+00
2.630775835529051890e-19
5.160460016605977383e-21
1.147438982747140809e-19
1.530755762582973694e-19
1.164137715062922542e-19
0.000000000000000000e+00
1.897252615018812862e-19
5.038135206319950933e-21
0.000000000000000000e+00
7.759428972941364084e-20
3.432848178154919898e-21
0.000000000000000000e+00
2.232514718065188479e-21
1.903122129674667085e-21
1.879754379470332409e-19
1.520637084608469005e-19
1.521344279745443735e-19
0.000000000000000000e+00
2.259472859699391727e-19
0.000000000000000000e+00
0.000000000000000000e+00
2.104535711384410780e-21
1.881664738520092905e-19
2.738335651151739685e-21
0.000000000000000000e+00
0.000000000000000000e+00
0.000000000000000000e+00
1.500256558618367057e-19
0.000000000000000000e+00
9.282647898224173590e-22
7.400736501640804442e-22
5.719201412902450780e-22
1.868069404421126680e-19
1.063090411958803547e-21
7.517758195898630516e-20
2.616840630976656079e-19
1.877359532660276346e-19
7.594690500223430877e-20
7.556493699726351123e-20
8.451740783935897133e-22
1.123228390120866848e-19
1.495744225191779696e-19
4.099102672589533726e-22
1.112313975102060966e-22
1.341299456440484605e-23
1.715230948929529514e-24
1.669756130109072634e-25
1.209699270545244529e-26
1.055582228922541122e-27
1.262219605499889586e-28
1.677072956231366304e-29
2.184609516823131654e-30
2.698589920598042929e-31
3.118950799633382059e-32
3.419810323980894579e-33
3.705852710665388840e-34
4.121118343071645330e-35
4.698601292724432038e-36
5.294369857694712070e-37
5.723287874304951776e-38
5.921495233538270038e-39
5.984520719167460146e-40
6.119486342036045963e-41
6.536860444200647293e-42
7.391690811113719404e-43
8.775268532425089803e-44
1.073015181795432869e-44
1.326232342699209703e-45
1.634207451720808946e-46
1.989887941894259227e-47
2.381941513020276609e-48
2.795702341001804130e-49
3.215888699621392229e-50
3.631197832620153570e-51
4.039768784618779679e-52
4.453209024336158732e-53
4.896577841630017342e-54
5.403234184413394946e-55
6.006150427171111979e-56
6.729333745035147006e-57
7.582880719005300662e-58
8.563006010919665077e-59
9.655670498257226028e-60
1.084106091803108819e-60
1.209704504961795355e-61
1.340211141625932587e-62
1.474029637752475695e-63
1.611050398713779604e-64
1.754021864129171510e-65
1.910033275665215321e-66
2.091570592939291043e-67
2.316641483698436177e-68
2.607726200569864989e-69
2.989667039145243845e-70
3.486904685183381292e-71
4.120605356520518513e-72
4.906184630084871149e-73
5.851578180579095534e-74
6.956419523064188857e-75
8.212126889386425013e-76
9.602800692742343056e-77
1.110677686263641391e-77
1.269864461553258740e-78
1.435150980816525018e-79
1.603928000389029015e-80
1.773878565228540980e-81
1.943163649390427950e-82
2.110581525265975634e-83
2.275708370407627859e-84
2.439028152032378181e-85
2.602053632684408065e-86
2.767431723593174524e-87
2.939021590671979948e-88
3.121937390954008284e-89
3.322559513159355224e-90
3.548534622084042315e-91
3.808799344248086411e-92
4.113669197261556864e-93
4.475029685293210742e-94
4.906649455399559922e-95
5.424607854804647140e-96
6.047795666682100138e-97
6.798415309727187174e-98
7.702383951284152873e-99
8.789537375439246028e-100
1.009354718002617959e-100
1.165149500390343278e-101
1.350308425392187211e-102
1.568949864564558171e-103
1.825192801333475547e-104
2.122977550705999110e-105
2.465854912487270927e-106
2.856744614466855507e-107
3.297668327243921009e-108
3.789471951286183645e-109
4.331565547174491101e-110
4.921724424534570965e-111
5.556007348475329060e-112
6.228853242756356816e-113
6.933413118754628213e-114
7.662158521743408897e-115
8.407783464552941740e-116
9.164387545689001465e-117
9.928898434990317229e-118
1.070266620735284726e-118
1.149314242869166655e-119
1.231554370358776856e-120
1.319439131517697480e-121
1.416481399322361672e-122
1.527349901641494484e-123
1.657917882837300709e-124
1.815254894645040111e-125
2.007553191731755134e-126
2.243983465079630638e-127
2.534479384042182194e-128
2.889456451256396742e-129
3.319477500213496823e-130
3.834884035643424760e-131
4.445418677139001068e-132
5.159868408593353734e-133
5.985760527544916661e-134
6.929142752832128798e-135
7.994475799282398475e-136
9.184661074704576006e-137
1.050121850641398324e-137
1.194462067356127437e-138
1.351478050919309467e-139
1.521168216741798716e-140
1.703613961434521213e-141
1.899066627284363171e-142
2.108044223057501351e-143
2.331437275673675615e-144
2.570624160215031641e-145
2.827597200074429661e-146
3.105101381893990935e-147
3.406787320053844301e-148
3.737378861297762790e-149
4.102853387196691964e-150
4.510629707865132547e-151
4.969755050291180937e-152
5.491079933037338256e-153
6.087408742060243414e-154
6.773615559146821566e-155
7.566719877597938112e-156
8.485925307348409714e-157
9.552635509503241489e-158
1.079047393182725587e-158
1.222534536863556373e-159
1.388558559753576513e-160
1.580224817129236885e-161
1.800957329875903014e-162
2.054567204877460713e-163
2.345344044971864439e-164
2.678169418744765534e-165
3.058648818898174918e-166
3.493255956818593137e-167
3.989481032143327458e-168
4.555973037920495330e-169
5.202665380342853800e-170
5.940874161378185231e-171
6.783359340478129461e-172
7.744340527459032181e-173
8.839461202468401413e-174
1.008569758025462428e-174
1.150121109275305434e-175
1.310514664714531328e-176
1.491738266617805402e-177
1.695824380044448517e-178
1.924819354469964513e-179
2.180753216837420664e-180
2.465613557228232992e-181
2.781328276411589166e-182
3.129763300571829488e-183
3.512742720708296540e-184
3.932100020546921537e-185
4.389769916612083978e-186
4.887930629014392827e-187
5.429205923714382431e-188
6.016934850887989941e-189
6.655514656077654729e-190
7.350818863193978981e-191
8.110688131753542400e-192
8.945486394277869166e-193
9.868709299066926991e-194
1.089762650767204319e-194
1.205393435887717794e-195
1.336439125913995979e-196
1.486140532621824882e-197
1.658354269467932389e-198
1.857592583449078953e-199
2.089049452277004267e-200
2.358610796593278936e-201
2.672847514794052382e-202
3.038991185375099081e-203
3.464893695902383943e-204
3.958973732754518412e-205
4.530154967719603929e-206
5.187802849363184942e-207
5.941669064690860695e-208
6.801854868510262670e-209
7.778806453623991410e-210
8.883357230795984062e-211
1.012683324494505477e-211
1.152123910431182389e-212
1.307954332134637548e-213
1.481608542816174404e-214
1.674713635912767608e-215
1.889166677744018007e-216
2.127243378061369499e-217
2.391762530251582254e-218
2.686359198119302109e-219
3.015984061164662621e-220
3.387887843927756441e-221
3.813658375505441828e-222
4.313547167920904351e-223
4.925767019068330840e-224
5.726545577596483882e-225
6.873356353840557800e-226
8.697875589450210714e-227
1.190514604937407439e-227
1.799855648203839499e-228
3.018275849749746127e-229
5.527349571214445138e-230
1.077190008296079412e-230
2.180289828842012589e-231
4.503609769636410776e-232
9.390433491194767128e-233
1.964073699988769423e-233
4.106457743898349423e-234
8.566324698425176933e-235
1.781132641581510511e-235
3.689199714535417447e-236
7.609747296513551324e-237
1.562918676781734760e-237
3.195858404023182064e-238
6.505748355059373462e-239
1.318402848085248478e-239
2.659668778476621474e-240
5.341036774179104308e-241
1.067661633449743889e-241
2.124437679975114254e-242
4.207743840662665087e-243
8.295496636771716741e-244
1.627857039621995324e-244
3.179537280864925503e-245
6.181279783713520585e-246
1.196059343210166490e-246
2.303455949050134857e-247
4.415226017856566411e-248
8.422960781458947260e-249
1.599220553296358346e-249
3.021875732086866154e-250
5.682800008081645079e-251
1.063551505130976391e-251
1.980878703764546438e-252
3.671581991513199149e-253
6.772317800315781496e-254
1.243090958080572594e-254
2.270610604753029902e-255
4.127140554140234815e-256
7.464751177081058334e-257
1.343487083937580390e-257
2.406003812812766205e-258
4.287422910467194059e-259
7.601968128934775526e-260
1.341151839159505553e-260
2.354206123804098371e-261
4.111668234966136549e-262
7.144816343554460820e-263
1.235252805381489267e-263
2.124734736572161949e-264
3.636050954163631819e-265
6.190472900043556359e-266
1.048524381200142691e-266
1.766795419835824619e-267
2.961687079530089698e-268
4.938890165402442035e-269
8.193112906412846532e-270
1.352041227085915456e-270
2.219444897052976491e-271
3.624133756844210962e-272
5.886558072927803802e-273
9.510600147754993535e-274
1.528394848063520338e-274
2.443071628065688295e-275
3.884200452675001798e-276
6.142195549069287964e-277
9.660374185073704980e-278
1.511138475140603957e-278
2.350965447848271702e-279
3.637571389318305432e-280
5.597468929000663650e-281
8.566004528896265431e-282
1.303655580010849163e-282
1.973044486401408740e-283
2.969557729545648976e-284
4.444459574405432305e-285
6.614694793014712127e-286
9.789390536610321135e-287
1.440614518310196509e-287
2.108033288173854663e-288
3.067156277317733506e-289
4.437253974536502268e-290
6.382690017180025289e-291
9.128415598757534119e-292
1.298016774272726063e-292
1.835056660478363350e-293
2.579252793347382230e-294
3.604163992453162646e-295
5.006938828442649527e-296
6.914933385801022893e-297
9.493853246586179047e-298
1.295766090499173096e-298
1.758049234688986145e-299
2.371081522121005784e-300
3.178803117554144688e-301
4.236167135785496701e-302
5.611325143097640174e-303
7.388073550857042931e-304
9.668540267148311128e-305
1.257607119229133487e-305
1.625825203777888437e-306
2.088997267836862655e-307
2.667640934490049451e-308
3.385576541033727424e-309
4.270157580752499002e-310
5.352434529442417002e-311
6.667225946210641597e-312
8.253068269026355586e-313
1.015201427367598628e-313
1.240925010941704130e-314
1.507250250503911108e-315
1.819121150993140152e-316
2.181544882949440751e-317
2.599457226403300918e-318
3.077534907945124724e-319
3.620018987078813429e-320
4.229201928401070418e-321
4.891249893828340787e-322
5.434722104253711986e-323
0.000000000000000000e+00
0.000000000000000000e+00
0.000000000000000000e+00
0.000000000000000000e+00
0.000000000000000000e+00
0.000000000000000000e+00
0.000000000000000000e+00
0.000000000000000000e+00
0.000000000000000000e+00
0.000000000000000000e+00
0.000000000000000000e+00
0.000000000000000000e+00
0.000000000000000000e+00
0.000000000000000000e+00
0.000000000000000000e+00
0.000000000000000000e+00
0.000000000000000000e+00
0.000000000000000000e+00
0.000000000000000000e+00
0.000000000000000000e+00
0.000000000000000000e+00
0.000000000000000000e+00
0.000000000000000000e+00
0.000000000000000000e+00
0.000000000000000000e+00
0.000000000000000000e+00
0.000000000000000000e+00
0.000000000000000000e+00
0.000000000000000000e+00
0.000000000000000000e+00
0.000000000000000000e+00
0.000000000000000000e+00
0.000000000000000000e+00
0.000000000000000000e+00
0.000000000000000000e+00
0.000000000000000000e+00
0.000000000000000000e+00
0.000000000000000000e+00
0.000000000000000000e+00
0.000000000000000000e+00
0.000000000000000000e+00
0.000000000000000000e+00
0.000000000000000000e+00
0.000000000000000000e+00
0.000000000000000000e+00
0.000000000000000000e+00
0.000000000000000000e+00
0.000000000000000000e+00
0.000000000000000000e+00
0.000000000000000000e+00
0.000000000000000000e+00
0.000000000000000000e+00
0.000000000000000000e+00
0.000000000000000000e+00
0.000000000000000000e+00
0.000000000000000000e+00
0.000000000000000000e+00
0.000000000000000000e+00
0.000000000000000000e+00
0.000000000000000000e+00
0.000000000000000000e+00
0.000000000000000000e+00
0.000000000000000000e+00
0.000000000000000000e+00
0.000000000000000000e+00
0.000000000000000000e+00
0.000000000000000000e+00
0.000000000000000000e+00
0.000000000000000000e+00
0.000000000000000000e+00
0.000000000000000000e+00
0.000000000000000000e+00
0.000000000000000000e+00
0.000000000000000000e+00
0.000000000000000000e+00
0.000000000000000000e+00
0.000000000000000000e+00
0.000000000000000000e+00
0.000000000000000000e+00
0.000000000000000000e+00
0.000000000000000000e+00
0.000000000000000000e+00
0.000000000000000000e+00
0.000000000000000000e+00
0.000000000000000000e+00
0.000000000000000000e+00
0.000000000000000000e+00
0.000000000000000000e+00
0.000000000000000000e+00
0.000000000000000000e+00
0.000000000000000000e+00
0.000000000000000000e+00
0.000000000000000000e+00
0.000000000000000000e+00
0.000000000000000000e+00
0.000000000000000000e+00
0.000000000000000000e+00
0.000000000000000000e+00
0.000000000000000000e+00
0.000000000000000000e+00
0.000000000000000000e+00
0.000000000000000000e+00
0.000000000000000000e+00
0.000000000000000000e+00
0.000000000000000000e+00
0.000000000000000000e+00
0.000000000000000000e+00
0.000000000000000000e+00
0.000000000000000000e+00
0.000000000000000000e+00
0.000000000000000000e+00
0.000000000000000000e+00
0.000000000000000000e+00
0.000000000000000000e+00
0.000000000000000000e+00
0.000000000000000000e+00
0.000000000000000000e+00
0.000000000000000000e+00
0.000000000000000000e+00
0.000000000000000000e+00
0.000000000000000000e+00
0.000000000000000000e+00
0.000000000000000000e+00
0.000000000000000000e+00
0.000000000000000000e+00
0.000000000000000000e+00
0.000000000000000000e+00
0.000000000000000000e+00
0.000000000000000000e+00
0.000000000000000000e+00
0.000000000000000000e+00
0.000000000000000000e+00
0.000000000000000000e+00
0.000000000000000000e+00
0.000000000000000000e+00
0.000000000000000000e+00
0.000000000000000000e+00
0.000000000000000000e+00
0.000000000000000000e+00
0.000000000000000000e+00
0.000000000000000000e+00
0.000000000000000000e+00
0.000000000000000000e+00
0.000000000000000000e+00
0.000000000000000000e+00
0.000000000000000000e+00
0.000000000000000000e+00
0.000000000000000000e+00
0.000000000000000000e+00
0.000000000000000000e+00
0.000000000000000000e+00
0.000000000000000000e+00
0.000000000000000000e+00
0.000000000000000000e+00
0.000000000000000000e+00
0.000000000000000000e+00
0.000000000000000000e+00
0.000000000000000000e+00
0.000000000000000000e+00
0.000000000000000000e+00
0.000000000000000000e+00
0.000000000000000000e+00
0.000000000000000000e+00
0.000000000000000000e+00
0.000000000000000000e+00
0.000000000000000000e+00
0.000000000000000000e+00
0.000000000000000000e+00
0.000000000000000000e+00
0.000000000000000000e+00
0.000000000000000000e+00
0.000000000000000000e+00
0.000000000000000000e+00
0.000000000000000000e+00
0.000000000000000000e+00
0.000000000000000000e+00
0.000000000000000000e+00
0.000000000000000000e+00
0.000000000000000000e+00
0.000000000000000000e+00
0.000000000000000000e+00
0.000000000000000000e+00
0.000000000000000000e+00
0.000000000000000000e+00
0.000000000000000000e+00
0.000000000000000000e+00
0.000000000000000000e+00
0.000000000000000000e+00
0.000000000000000000e+00
0.000000000000000000e+00
0.000000000000000000e+00
0.000000000000000000e+00
0.000000000000000000e+00
0.000000000000000000e+00
0.000000000000000000e+00
0.000000000000000000e+00
0.000000000000000000e+00
0.000000000000000000e+00
0.000000000000000000e+00
0.000000000000000000e+00
0.000000000000000000e+00
0.000000000000000000e+00
0.000000000000000000e+00
0.000000000000000000e+00
0.000000000000000000e+00
0.000000000000000000e+00
0.000000000000000000e+00
0.000000000000000000e+00
0.000000000000000000e+00
0.000000000000000000e+00
0.000000000000000000e+00
0.000000000000000000e+00
0.000000000000000000e+00
0.000000000000000000e+00
0.000000000000000000e+00
0.000000000000000000e+00
0.000000000000000000e+00
0.000000000000000000e+00
0.000000000000000000e+00
0.000000000000000000e+00
0.000000000000000000e+00
0.000000000000000000e+00
0.000000000000000000e+00
0.000000000000000000e+00
0.000000000000000000e+00
0.000000000000000000e+00
0.000000000000000000e+00
0.000000000000000000e+00
0.000000000000000000e+00
0.000000000000000000e+00
0.000000000000000000e+00
0.000000000000000000e+00
0.000000000000000000e+00
0.000000000000000000e+00
0.000000000000000000e+00
0.000000000000000000e+00
0.000000000000000000e+00
0.000000000000000000e+00
0.000000000000000000e+00
0.000000000000000000e+00
0.000000000000000000e+00
0.000000000000000000e+00
0.000000000000000000e+00
0.000000000000000000e+00
0.000000000000000000e+00
0.000000000000000000e+00
0.000000000000000000e+00
0.000000000000000000e+00
0.000000000000000000e+00
0.000000000000000000e+00
0.000000000000000000e+00
0.000000000000000000e+00
0.000000000000000000e+00
0.000000000000000000e+00
0.000000000000000000e+00
0.000000000000000000e+00
0.000000000000000000e+00
0.000000000000000000e+00
0.000000000000000000e+00
0.000000000000000000e+00
0.000000000000000000e+00
0.000000000000000000e+00
0.000000000000000000e+00
0.000000000000000000e+00
0.000000000000000000e+00
0.000000000000000000e+00
0.000000000000000000e+00
0.000000000000000000e+00
0.000000000000000000e+00
0.000000000000000000e+00
0.000000000000000000e+00
0.000000000000000000e+00
0.000000000000000000e+00
0.000000000000000000e+00
0.000000000000000000e+00
0.000000000000000000e+00
0.000000000000000000e+00
0.000000000000000000e+00
0.000000000000000000e+00
0.000000000000000000e+00
0.000000000000000000e+00
0.000000000000000000e+00
0.000000000000000000e+00
0.000000000000000000e+00
0.000000000000000000e+00
0.000000000000000000e+00
0.000000000000000000e+00
0.000000000000000000e+00
0.000000000000000000e+00
0.000000000000000000e+00
0.000000000000000000e+00
0.000000000000000000e+00
0.000000000000000000e+00
0.000000000000000000e+00
0.000000000000000000e+00
0.000000000000000000e+00
0.000000000000000000e+00
0.000000000000000000e+00
0.000000000000000000e+00
0.000000000000000000e+00
0.000000000000000000e+00
0.000000000000000000e+00
0.000000000000000000e+00
0.000000000000000000e+00
0.000000000000000000e+00
0.000000000000000000e+00
0.000000000000000000e+00
0.000000000000000000e+00
0.000000000000000000e+00
0.000000000000000000e+00
0.000000000000000000e+00
0.000000000000000000e+00
0.000000000000000000e+00
0.000000000000000000e+00
0.000000000000000000e+00
0.000000000000000000e+00
0.000000000000000000e+00
0.000000000000000000e+00
0.000000000000000000e+00
0.000000000000000000e+00
0.000000000000000000e+00
0.000000000000000000e+00
0.000000000000000000e+00
0.000000000000000000e+00
0.000000000000000000e+00
0.000000000000000000e+00
0.000000000000000000e+00
0.000000000000000000e+00
0.000000000000000000e+00
0.000000000000000000e+00
0.000000000000000000e+00
0.000000000000000000e+00
0.000000000000000000e+00
0.000000000000000000e+00
0.000000000000000000e+00
0.000000000000000000e+00
0.000000000000000000e+00
0.000000000000000000e+00
0.000000000000000000e+00
0.000000000000000000e+00
0.000000000000000000e+00
0.000000000000000000e+00
0.000000000000000000e+00
0.000000000000000000e+00
0.000000000000000000e+00
0.000000000000000000e+00
0.000000000000000000e+00
0.000000000000000000e+00
0.000000000000000000e+00
0.000000000000000000e+00
0.000000000000000000e+00
0.000000000000000000e+00
0.000000000000000000e+00
0.000000000000000000e+00
0.000000000000000000e+00
0.000000000000000000e+00
0.000000000000000000e+00
0.000000000000000000e+00
0.000000000000000000e+00
0.000000000000000000e+00
0.000000000000000000e+00
0.000000000000000000e+00
0.000000000000000000e+00
0.000000000000000000e+00
0.000000000000000000e+00
0.000000000000000000e+00
0.000000000000000000e+00
0.000000000000000000e+00
0.000000000000000000e+00
0.000000000000000000e+00
0.000000000000000000e+00
0.000000000000000000e+00
0.000000000000000000e+00
0.000000000000000000e+00
0.000000000000000000e+00
0.000000000000000000e+00
0.000000000000000000e+00
0.000000000000000000e+00
0.000000000000000000e+00
0.000000000000000000e+00
0.000000000000000000e+00
0.000000000000000000e+00
0.000000000000000000e+00
0.000000000000000000e+00
0.000000000000000000e+00
0.000000000000000000e+00
0.000000000000000000e+00
0.000000000000000000e+00
0.000000000000000000e+00
0.000000000000000000e+00
0.000000000000000000e+00
0.000000000000000000e+00
0.000000000000000000e+00
0.000000000000000000e+00
0.000000000000000000e+00
0.000000000000000000e+00
0.000000000000000000e+00
0.000000000000000000e+00
0.000000000000000000e+00
0.000000000000000000e+00
0.000000000000000000e+00
0.000000000000000000e+00
0.000000000000000000e+00
0.000000000000000000e+00
0.000000000000000000e+00
0.000000000000000000e+00
0.000000000000000000e+00
0.000000000000000000e+00
0.000000000000000000e+00
0.000000000000000000e+00
0.000000000000000000e+00
0.000000000000000000e+00
0.000000000000000000e+00
0.000000000000000000e+00
0.000000000000000000e+00
0.000000000000000000e+00
0.000000000000000000e+00
0.000000000000000000e+00
0.000000000000000000e+00
0.000000000000000000e+00
0.000000000000000000e+00
0.000000000000000000e+00
0.000000000000000000e+00
0.000000000000000000e+00
0.000000000000000000e+00
0.000000000000000000e+00
0.000000000000000000e+00
0.000000000000000000e+00
0.000000000000000000e+00
0.000000000000000000e+00
0.000000000000000000e+00
0.000000000000000000e+00
0.000000000000000000e+00
0.000000000000000000e+00
0.000000000000000000e+00
0.000000000000000000e+00
0.000000000000000000e+00
0.000000000000000000e+00
0.000000000000000000e+00
0.000000000000000000e+00
0.000000000000000000e+00
0.000000000000000000e+00
0.000000000000000000e+00
0.000000000000000000e+00
0.000000000000000000e+00
0.000000000000000000e+00
0.000000000000000000e+00
0.000000000000000000e+00
0.000000000000000000e+00
0.000000000000000000e+00
0.000000000000000000e+00
0.000000000000000000e+00
0.000000000000000000e+00
0.000000000000000000e+00
0.000000000000000000e+00
0.000000000000000000e+00
0.000000000000000000e+00
0.000000000000000000e+00
0.000000000000000000e+00
0.000000000000000000e+00
0.000000000000000000e+00
0.000000000000000000e+00
0.000000000000000000e+00
0.000000000000000000e+00
0.000000000000000000e+00
0.000000000000000000e+00
0.000000000000000000e+00
0.000000000000000000e+00
0.000000000000000000e+00
0.000000000000000000e+00
0.000000000000000000e+00
0.000000000000000000e+00
0.000000000000000000e+00
0.000000000000000000e+00
0.000000000000000000e+00
0.000000000000000000e+00
0.000000000000000000e+00
0.000000000000000000e+00
0.000000000000000000e+00
0.000000000000000000e+00
0.000000000000000000e+00
0.000000000000000000e+00
0.000000000000000000e+00
0.000000000000000000e+00
0.000000000000000000e+00
0.000000000000000000e+00
0.000000000000000000e+00
0.000000000000000000e+00
0.000000000000000000e+00
0.000000000000000000e+00
0.000000000000000000e+00
0.000000000000000000e+00
0.000000000000000000e+00
0.000000000000000000e+00
0.000000000000000000e+00
0.000000000000000000e+00
0.000000000000000000e+00
0.000000000000000000e+00
0.000000000000000000e+00
0.000000000000000000e+00
0.000000000000000000e+00
0.000000000000000000e+00
0.000000000000000000e+00
0.000000000000000000e+00
0.000000000000000000e+00
0.000000000000000000e+00
0.000000000000000000e+00
0.000000000000000000e+00
0.000000000000000000e+00
0.000000000000000000e+00
0.000000000000000000e+00
0.000000000000000000e+00
0.000000000000000000e+00
0.000000000000000000e+00
0.000000000000000000e+00
0.000000000000000000e+00
0.000000000000000000e+00
0.000000000000000000e+00
0.000000000000000000e+00
0.000000000000000000e+00
0.000000000000000000e+00
0.000000000000000000e+00
0.000000000000000000e+00
0.000000000000000000e+00
0.000000000000000000e+00
0.000000000000000000e+00
0.000000000000000000e+00
0.000000000000000000e+00
0.000000000000000000e+00
0.000000000000000000e+00
0.000000000000000000e+00
0.000000000000000000e+00
0.000000000000000000e+00
0.000000000000000000e+00
0.000000000000000000e+00
0.000000000000000000e+00
0.000000000000000000e+00
0.000000000000000000e+00
0.000000000000000000e+00
0.000000000000000000e+00
0.000000000000000000e+00
0.000000000000000000e+00
0.000000000000000000e+00
0.000000000000000000e+00
0.000000000000000000e+00
0.000000000000000000e+00
0.000000000000000000e+00
0.000000000000000000e+00
0.000000000000000000e+00
0.000000000000000000e+00
0.000000000000000000e+00
0.000000000000000000e+00
0.000000000000000000e+00
0.000000000000000000e+00
0.000000000000000000e+00
0.000000000000000000e+00
0.000000000000000000e+00
