2.141813936055205758e-01
2.862250926189832331e-02
1.078898477660591125e-02
7.908044392647381113e-03
7.794837511271293304e-03
8.233171831387596853e-03
8.741000387960154092e-03
9.221736265390688067e-03
9.664327697292812366e-03
1.007289366873493318e-02
1.045197156942405045e-02
1.080445131998211510e-02
1.113186405438945301e-02
1.143486415226534908e-02
1.171358257228370496e-02
1.196786247603449059e-02
1.219741772685158966e-02
1.240194153399102120e-02
1.258118094733478610e-02
1.273498647782175808e-02
1.286334285056499500e-02
1.296638521575606447e-02
1.304440420265992259e-02
1.309784259618325397e-02
1.312728595691765344e-02
1.313344911495209141e-02
1.311716011636083166e-02
1.307934288235170980e-02
1.302099955583603010e-02
1.294319326129516300e-02
1.284703179264344922e-02
1.273365256976573788e-02
1.260420906521154266e-02
1.245985879462518583e-02
1.230175288367753653e-02
1.213102716615493265e-02
1.194879472822558096e-02
1.175613978887949350e-02
1.155411279275357986e-02
1.134372658615823322e-02
1.112595354777644666e-02
1.090172355034299025e-02
1.067192263717116861e-02
1.043739230656844791e-02
1.019892930714723540e-02
9.957285857200652221e-03
9.713170211263407947e-03
9.467247506444200628e-03
9.220140829930908652e-03
8.972432457143580606e-03
8.724665217310944784e-03
8.477343949776968909e-03
8.230937020136041074e-03
7.985877870397438752e-03
7.742566581842270750e-03
7.501371433123834274e-03
7.262630439529115314e-03
7.026652862225380922e-03
6.793720678812240413e-03
6.564090008634605906e-03
6.337992488131207955e-03
6.115636593030932336e-03
5.897208905505295883e-03
5.682875325463025880e-03
5.472782226063496736e-03
5.267057554249509471e-03
5.065811877677016926e-03
4.869139379869420400e-03
4.677118805760127097e-03
4.489814360026465195e-03
4.307276560770630092e-03
4.129543051184366917e-03
3.956639371851098166e-03
3.788579696304912852e-03
3.625367532387728520e-03
3.466996391833462345e-03
3.313450430368528477e-03
3.164705060458594590e-03
3.020727538658649763e-03
2.881477529342643847e-03
2.746907646404891674e-03
2.616963974343346384e-03
2.491586569956615819e-03
2.370709945717172033e-03
2.254263535723174863e-03
2.142172144983676453e-03
2.034356382657441942e-03
1.930733079745184863e-03
1.831215691628939636e-03
1.735714685760990708e-03
1.644137914727524137e-03
1.556390974848935677e-03
1.472377550428401833e-03
1.391999743722425976e-03
1.315158390680419304e-03
1.241753362483817655e-03
1.171683852908117583e-03
1.104848651531907056e-03
1.041146402824675481e-03
9.804758511589174025e-04
9.227360718104446989e-04
8.678266880332240717e-04
8.156480743204352034e-04
7.661015459910384484e-04
7.190895352699354847e-04
6.745157540596859918e-04
6.322853436312732929e-04
5.923050114910007524e-04
5.544831557089417631e-04
5.187299770216981373e-04
4.849575790478126273e-04
4.530800569779961252e-04
4.230135751241175706e-04
3.946764337303448802e-04
3.679891254670631610e-04
3.428743820429417809e-04
3.192572113829116997e-04
2.970649258296038865e-04
2.762271618333508481e-04
2.566758916008634434e-04
2.383454271755397827e-04
2.211724174228318440e-04
2.050958383926227151e-04
1.900569775269026558e-04
1.759994121756680335e-04
1.628689828766915072e-04
1.506137618460322671e-04
1.391840171158225542e-04
1.285321727443113635e-04
1.186127655101944678e-04
1.093823984894955149e-04
1.007996918984600701e-04
9.282523157026762025e-05
8.542151541727089617e-05
7.855289821369292025e-05
7.218553501657329504e-05
6.628732352540608820e-05
6.082784566331811838e-05
5.577830864500652554e-05
5.111148577912960145e-05
4.680165723526301337e-05
4.282455098841743689e-05
3.915728413703682036e-05
3.577830477386077985e-05
3.266733457277256036e-05
2.980531223909290505e-05
2.717433795551301202e-05
2.475761894127272589e-05
2.253941622806705000e-05
2.050499274281477826e-05
1.864056277458529611e-05
1.693324289087586116e-05
1.537100435700054158e-05
1.394262710158284176e-05
1.263765526107741580e-05
1.144635432681118304e-05
1.035966990941918401e-05
9.369188127339227203e-06
8.467097618813810029e-06
7.646153169974483885e-06
6.899640945456784283e-06
6.221345302512104531e-06
5.605517164603485517e-06
5.046843926030254324e-06
4.540420855324919853e-06
4.081723961756135532e-06
3.666584286369331919e-06
3.291163576605274438e-06
2.951931301459945665e-06
2.645642962591258554e-06
2.369319655449693771e-06
2.120228833651242052e-06
1.895866229196375193e-06
1.693938880794287782e-06
1.512349222532861806e-06
1.349180185312025283e-06
1.202681263828555396e-06
1.071255502530372817e-06
9.534473546722849562e-07
8.479313695490354666e-07
7.535016639687140623e-07
6.690621352291856743e-07
5.936173740308812805e-07
5.262642371356129588e-07
4.661840408981357686e-07
4.126353382594843055e-07
3.649472432321321322e-07
3.225132683693365838e-07
2.847856422451169535e-07
2.512700754331723913e-07
2.215209449519028764e-07
1.951368686800642840e-07
1.717566426384961545e-07
1.510555154945858338e-07
1.327417760456827035e-07
1.165536308103897664e-07
1.022563501677950547e-07
8.963966275445182800e-08
7.851537913502792790e-08
6.871522686161820887e-08
6.008888025389022907e-08
5.250216930736305087e-08
4.583545317090262363e-08
3.998214463966651657e-08
3.484737308307418972e-08
3.034677407802396459e-08
2.640539490873945337e-08
2.295670588183707474e-08
1.994170816903327661e-08
1.730812959520709069e-08
1.500970045777382160e-08
1.300550210278096722e-08
1.125938155392544694e-08
9.739426047334036305e-09
8.417491832225907603e-09
7.268782076725358176e-09
6.271469143537264544e-09
5.406356934497671854e-09
4.656579354344248209e-09
4.007331323333605845e-09
3.445629057468473470e-09
2.960096667300024575e-09
2.540776361712050358e-09
2.178959855338354059e-09
1.867038721231384365e-09
1.598371731919691180e-09
1.367167366108645662e-09
1.168379852984328069e-09
9.976172972759750066e-10
8.510605622651803080e-10
7.253917140264441978e-10
6.177309856541751046e-10
5.255812847602203942e-10
4.467794030739093940e-10
3.794531585873035013e-10
3.219837894985310978e-10
2.729729869043962621e-10
2.312140347828934768e-10
1.956665477002237027e-10
1.654344143088543963e-10
1.397465296699979319e-10
1.179399970729000480e-10
9.944549272138001019e-11
8.377453072676468896e-11
7.050839233508826805e-11
5.928850862761203340e-11
4.980811803212338428e-11
4.180503766132426294e-11
3.505540267711469630e-11
2.936825640320736642e-11
2.458086540254775448e-11
2.055469132336638200e-11
1.717190757192945134e-11
1.433239567993318211e-11
1.195118004274422612e-11
9.956195254221543327e-12
8.286394797227162288e-12
6.890113601836128580e-12
5.723670870646748048e-12
4.750172000724172884e-12
3.938487029402367112e-12
3.262374095768754987e-12
2.699736536830131516e-12
2.231984567312536153e-12
1.843494975313857990e-12
1.521153645646566735e-12
1.253957293643076903e-12
1.032692170618218064e-12
8.496396147095025926e-13
6.983520889643628684e-13
5.734421678950372139e-13
4.704105217436388419e-13
3.855116947920075647e-13
3.156235560809504707e-13
2.581491842984212702e-13
2.109320322604615282e-13
1.721788586475650579e-13
1.404057259428513608e-13
1.143814234572559065e-13
9.308721224101921560e-14
7.568140361783142338e-14
6.146782704904607833e-14
4.987391705886146369e-14
4.042513191495682196e-14
3.273292493011806892e-14
2.647797236131966349e-14
2.139621010173900898e-14
1.727165740117743167e-14
1.392806889352351916e-14
1.122048275292110928e-14
9.030244751924876338e-15
7.259427788463261991e-15
5.829503893369562414e-15
4.676622583213709067e-15
3.747735234082530810e-15
3.000646182538678890e-15
2.399383067189134560e-15
1.916671125731388678e-15
1.529983916712417196e-15
1.219595442162123745e-15
9.708913721666936798e-16
7.721652893407333047e-16
6.136853981742321771e-16
4.866965318656229420e-16
3.859869690728084794e-16
3.054561034749142420e-16
2.413638097125261150e-16
1.906336517623786048e-16
1.503852276714908771e-16
1.186737429806327648e-16
9.332682814407141161e-17
7.337719241977191786e-17
5.749349796607346614e-17
4.507120430711773350e-17
3.535686877949712361e-17
2.797491191135718616e-17
2.163673244579998505e-17
1.713663309145643444e-17
1.334985727018960662e-17
1.053851559793661526e-17
8.014168546757310470e-18
6.572533544269877235e-18
4.436492687234228459e-18
3.724755728693608089e-18
2.929663447794396321e-18
2.582529204947999918e-18
1.954514823570169121e-18
1.489472239275974212e-18
1.015918505752231918e-18
9.695670529078104094e-19
8.010878527704525910e-19
7.653078013336677453e-19
5.657185158793210139e-19
1.556181199998318750e-19
2.765567205519183790e-19
1.816449594262248352e-20
1.824900471093848436e-19
1.549677013670913540e-19
2.357689160281693913e-19
3.827488503272730425e-19
1.355874280484135933e-19
0.000000000000000000e+00
1.830215177186975825e-19
8.756505627767638870e-20
1.235699173592036740e-19
0.000000000000000000e+00
0.000000000000000000e+00
5.391589039719633186e-20
2.627663636612752369e-19
3.402317799863757123e-19
8.987955354391069064e-20
5.895225333334533675e-20
0.000000000000000000e+00
2.048798192860461759e-19
3.835988974411696592e-19
1.973985846223319948e-19
1.770060899590251245e-19
3.317184721273160681e-19
1.949084895910670079e-19
3.374896781774008203e-19
4.188629891254638158e-20
2.702438220178139105e-19
3.485311986522713539e-19
9.878628167087479337e-20
1.231342525447128961e-19
3.881879241567923798e-19
2.094760448378989666e-19
0.000000000000000000e+00
3.810583649984757783e-19
1.054713519988394931e-19
1.808251467154608884e-19
0.000000000000000000e+00
3.813734661737944459e-19
0.000000000000000000e+00
6.955926601185999547e-20
1.213512532413750518e-19
1.793796658344646352e-19
0.000000000000000000e+00
0.000000000000000000e+00
5.960768751782528318e-20
1.650945907208659739e-19
3.322078998013669689e-19
8.904727444516874537e-20
6.351419893592602908e-20
5.855118453723214420e-20
5.620124670144143134e-20
4.731425086984429144e-19
9.813907186376183173e-20
1.139984354077956615e-19
6.248552609909878910e-20
0.000000000000000000e+00
2.067917809630899752e-19
0.000000000000000000e+00
4.156642324525088400e-19
2.440413080202854257e-19
1.779508163981816796e-19
6.185081015636343512e-20
5.315104011836614452e-20
5.078373041477366410e-20
0.000000000000000000e+00
0.000000000000000000e+00
0.000000000000000000e+00
4.079133427473573655e-20
4.057500939939551535e-20
3.885593112401205100e-20
8.937457057115305258e-20
4.154010436429831642e-20
8.733986589411890992e-20
1.437440476268259693e-19
0.000000000000000000e+00
3.108139378301887831e-20
2.917863308072711525e-19
1.586335817590073791e-19
0.000000000000000000e+00
8.287609413141499644e-20
1.928049515829626724e-19
2.548170901273299809e-19
5.181621914971589740e-20
0.000000000000000000e+00
1.350022437926267871e-19
1.446284384805102115e-19
4.133768296494362992e-20
2.417835393406460704e-19
2.588302819877522812e-19
3.104898050095488635e-19
1.110841567653981965e-19
1.491275605744719172e-19
4.636510650563723942e-20
0.000000000000000000e+00
8.673462874419280732e-20
1.972744291394754571e-19
1.014674260977223299e-19
3.567119182484238194e-19
3.246781763844264759e-19
0.000000000000000000e+00
3.022253860992246475e-19
2.186336294101078137e-19
2.669528865807352440e-19
5.795606328970069427e-20
3.073215459126507914e-19
2.219349377491837377e-19
2.700813551353139966e-19
6.465700640733236541e-20
4.941990529903691044e-20
2.561404550935567401e-19
1.665766678338724226e-19
3.179923853079879388e-19
1.725981306951141874e-19
2.121060908865106972e-19
0.000000000000000000e+00
2.036109444253607507e-19
5.811335807137983038e-20
4.660609043873390091e-19
1.809063952128775582e-19
0.000000000000000000e+00
0.000000000000000000e+00
2.005044122745019918e-19
0.000000000000000000e+00
9.463053130969055908e-20
1.503869228186711409e-19
2.573574073207978064e-19
0.000000000000000000e+00
3.937928028192597452e-20
3.780127292531316034e-20
1.407567529285784433e-19
3.557994363396935097e-19
2.133283019141978978e-19
0.000000000000000000e+00
2.973055537747320524e-19
2.092796230169774464e-19
4.827783448070753686e-20
8.963945161154176533e-20
2.486980888259791869e-19
3.626056577131028659e-19
2.140873305379776748e-19
0.000000000000000000e+00
0.000000000000000000e+00
1.394360139077544808e-19
1.456451856883387157e-19
0.000000000000000000e+00
1.898905069749007377e-19
4.187301434349749939e-20
3.271272536608841933e-20
3.042129404503816776e-20
1.335072103489088066e-19
0.000000000000000000e+00
1.309941284728558168e-19
3.126932415744687286e-20
0.000000000000000000e+00
1.272300755253212480e-19
1.847934204723593585e-19
2.931112318993163227e-19
2.472978548615176318e-19
3.668488951710700610e-20
4.969005036365383949e-19
5.040754032045465721e-20
2.957755890415865680e-20
1.315731332993851241e-19
0.000000000000000000e+00
0.000000000000000000e+00
2.316859085898214270e-20
1.272020350555281343e-19
0.000000000000000000e+00
1.249283638808771976e-19
4.436435223514700451e-19
1.984707391650251953e-19
2.416447587670149554e-19
0.000000000000000000e+00
2.380795691966782923e-20
2.279342205448672124e-20
2.312574994131499058e-19
3.115310648045428823e-20
2.237669284975094028e-20
1.253331355182991978e-19
0.000000000000000000e+00
0.000000000000000000e+00
4.888171544250586992e-19
0.000000000000000000e+00
0.000000000000000000e+00
1.845151260076427963e-20
1.224968664777073771e-19
2.156677637122163899e-20
2.265341963733521287e-19
7.751261412023655041e-20
0.000000000000000000e+00
0.000000000000000000e+00
0.000000000000000000e+00
0.000000000000000000e+00
0.000000000000000000e+00
1.165203501172781842e-19
1.542269593916455029e-20
1.135099421689979262e-20
0.000000000000000000e+00
2.186947766710163688e-19
1.509345599981664455e-20
9.678407946885904986e-21
6.101085936867304097e-20
1.676080269929384200e-19
6.670241926598703359e-20
0.000000000000000000e+00
5.847392361351272534e-19
1.345555568707381909e-19
1.225517162460971586e-19
2.791669713182901456e-19
2.329307560357108912e-19
2.347996564176644073e-20
1.706539985848944505e-20
6.837083422660076534e-20
1.744895912029608060e-20
1.501226975943183861e-20
1.710725822483646372e-19
1.231746992014654216e-19
2.789289058808932732e-19
2.204206838499068977e-20
2.243280715012214349e-19
1.249658696730218907e-19
1.792146403330045905e-20
1.436831983804175422e-20
1.325337834770923777e-20
1.227315668580948636e-20
3.254892549939831182e-19
1.767167020723857080e-19
1.696405359969813836e-20
4.312986161362043765e-19
2.321642409671255247e-20
6.650526112406731617e-20
3.811763845883369537e-19
1.272392323304381103e-19
2.793181403949293304e-19
2.307527966752729874e-19
0.000000000000000000e+00
1.198733006491183505e-19
1.738753738581824641e-19
0.000000000000000000e+00
2.231834707971978330e-19
3.842355990674956100e-19
0.000000000000000000e+00
0.000000000000000000e+00
6.529351448605942736e-20
1.342199008972056215e-20
3.255055363007106105e-19
4.360021299368227522e-19
0.000000000000000000e+00
0.000000000000000000e+00
1.163429645236778695e-19
6.519736340425105972e-20
2.736178471865628866e-19
1.196491614052845479e-19
1.174473741505386604e-20
6.210177300142696185e-20
9.949386551697861713e-21
1.652822538489437393e-19
1.013407181423171137e-20
0.000000000000000000e+00
1.110834422674243804e-19
1.644412879834849152e-19
0.000000000000000000e+00
0.000000000000000000e+00
1.096411334436160608e-19
0.000000000000000000e+00
2.137365450960634945e-19
6.748158836226454903e-21
0.000000000000000000e+00
0.000000000000000000e+00
0.000000000000000000e+00
0.000000000000000000e+00
0.000000000000000000e+00
1.066276502693864560e-19
2.817615956401700682e-21
1.790785671567703779e-21
2.109669484418291367e-19
3.556605297418526796e-21
0.000000000000000000e+00
1.588501711748064674e-19
3.102628259019116455e-21
1.990045487606541652e-21
1.587946289922135496e-19
2.123212483934470865e-19
3.616944623076161403e-21
0.000000000000000000e+00
1.997269123817823866e-21
2.634794399607354684e-19
1.602286756349081327e-19
0.000000000000000000e+00
1.068395619413087519e-19
2.299010283788879526e-21
5.252938208798663513e-19
3.902665200714316988e-21
3.689333465557993821e-19
0.000000000000000000e+00
0.000000000000000000e+00
3.156515502371401258e-19
0.000000000000000000e+00
1.002101061762443711e-21
1.576283355956421437e-19
1.051973683357914921e-19
6.133713930108688964e-23
1.071436304751325391e-23
1.246696674289767319e-24
1.293351708299304895e-25
1.129574446275597326e-26
1.037299472887912815e-27
1.000211780118112176e-28
9.664234286671990157e-30
9.466120941659330346e-31
9.400818063511087446e-32
9.850235677340401275e-33
1.126931042626895791e-33
1.396717837783264396e-34
1.801781345271703702e-35
2.320682090275988114e-36
2.939841187659063302e-37
3.682635947603164029e-38
4.584606923838782555e-39
5.672989715846753075e-40
6.940267933508685740e-41
8.348645041631984249e-42
9.852125610643862305e-43
1.141602314369291777e-43
1.301873017104701486e-44
1.463777781656271055e-45
1.623839645083927321e-46
1.778235368956192356e-47
1.925730540040354148e-48
2.070732575650538405e-49
2.223960170517382392e-50
2.399481267377959039e-51
2.609051650599398532e-52
2.856373463609793256e-53
3.134167274211394620e-54
3.425812051074629866e-55
3.711473905190816489e-56
3.976965492938995189e-57
4.222582343189799037e-58
4.468962328939432830e-59
4.757623879163356538e-60
5.145325895672033641e-61
5.693560273137116799e-62
6.456529207678155179e-63
7.471736503676128846e-64
8.756215235551871215e-65
1.030894228200881096e-65
1.211753734917471795e-66
1.416619569123734721e-67
1.644232891964366327e-68
1.894097042861473758e-69
2.166760411859199530e-70
2.464089394169783937e-71
2.789658209329557306e-72
3.149284545535091786e-73
3.551617165185356292e-74
4.008586629436187506e-75
4.535501744803603568e-76
5.150630974031568989e-77
5.874247153753991407e-78
6.727307415056196975e-79
7.730130480064660927e-80
8.901538587104903175e-81
1.025887155074457030e-81
1.181902278241988733e-82
1.360024363798291423e-83
1.562405305869761145e-84
1.791635311363872847e-85
2.050692394178418684e-86
2.342687478724779746e-87
2.670424615772842167e-88
3.035858425546658662e-89
3.439572999089552431e-90
3.880414893804375269e-91
4.355386967813093901e-92
4.859860629121658550e-93
5.388108795475513494e-94
5.934116774597286107e-95
6.492603267169446128e-96
7.060179959616284188e-97
7.636589415869950873e-98
8.225976941414293439e-99
8.838162721937997650e-100
9.489879354267220213e-101
1.020592588071012176e-101
1.102016737682232588e-102
1.197628840877080977e-103
1.312820070390321947e-104
1.454001981763479142e-105
1.628556582276967512e-106
1.844740257671554969e-107
2.111549175878085367e-108
2.438557765347358160e-109
2.835741452038592262e-110
3.313289139973242161e-111
3.881401296356182010e-112
4.550059827339775280e-113
5.328751824259435786e-114
6.226136314157679186e-115
7.249664598719460844e-116
8.405199401514054527e-117
9.696719217090860370e-118
1.112623061060721576e-118
1.269402922976253463e-119
1.439943809867364143e-120
1.624210323703631002e-121
1.822384446389566122e-122
2.035095588252738386e-123
2.263674665952260905e-124
2.510403306785075367e-125
2.778726055100872673e-126
3.073396546644701774e-127
3.400538362114838844e-128
3.767616562454178584e-129
4.183334269618364640e-130
4.657486653554874847e-131
5.200818586796177201e-132
5.824938789454186706e-133
6.542340507494038992e-134
7.366566438467972110e-135
8.312535558527948034e-136
9.397025417331540467e-137
1.063928053013080935e-137
1.206170195598496142e-138
1.369057258415837879e-139
1.555679824011316351e-140
1.769671851850484063e-141
2.015321521694331254e-142
2.297774911827011176e-143
2.623490599467186456e-144
3.001330759930928160e-145
3.445222080783778145e-146
3.980637332087938358e-147
4.660304295010497803e-148
5.602066716936009842e-149
7.079626227545910839e-150
9.738805953061206724e-151
1.511004268529033386e-151
2.681587954031234468e-152
5.339938933202205976e-153
1.149104739036076963e-153
2.581518075491709281e-154
5.917592200612701815e-155
1.366434973282079216e-155
3.157341015840994209e-156
7.276207275350682293e-157
1.669676836561591627e-157
3.812014059872366699e-158
8.655575119796548650e-159
1.954183691799462705e-159
4.386439594413450874e-160
9.788254112747290233e-161
2.171316882465376533e-161
4.787946724826688001e-162
1.049467591750089970e-162
2.286488154545248304e-163
4.951492949964099322e-164
1.065756426328451672e-164
2.279931057907878849e-165
4.847466360819617672e-166
1.024293854706612665e-166
2.150989494245306315e-167
4.488933697208008513e-168
9.309501426998999215e-169
1.918558577884698703e-169
3.928946520549260253e-170
7.994963993844480630e-171
1.616527510819247952e-171
3.247600919058429119e-172
6.482490305361754920e-173
1.285604487146940266e-173
2.533061337266901450e-174
4.958420062691983181e-175
9.642432105774051162e-176
1.862781114909358369e-176
3.574828775253605592e-177
6.814797930881054207e-178
1.290449740430906159e-178
2.427199938650953225e-179
4.534529643796249633e-180
8.414086615963897430e-181
1.550656029563931765e-181
2.838202396640826996e-182
5.159126767225459253e-183
9.313211089006611886e-184
1.669546354757396238e-184
2.972066992282398790e-185
5.253696577751583613e-186
9.221525519503602943e-187
1.607152082639481054e-187
2.781073906664382237e-188
4.778089510926802182e-189
8.150175896850850614e-190
1.380178611760950670e-190
2.320298099383569172e-191
3.872370758959064040e-192
6.415331740993463453e-193
1.055005281052324723e-193
1.722136888916659827e-194
2.790244913426792395e-195
4.487067490848088843e-196
7.161638660092844926e-197
1.134424354331523315e-197
1.783346446876166515e-198
2.782124448691161980e-199
4.307066207039796401e-200
6.616588343622617536e-201
1.008596751444163321e-201
1.525510155460283789e-202
2.289337562824510332e-203
3.408668434809573761e-204
5.035270131349560982e-205
7.379155677183935049e-206
1.072800926767438522e-206
1.547186817503440539e-207
2.213400454483953176e-208
3.140893566344746994e-209
4.420838890399856531e-210
6.171582598417436488e-211
8.544975647454628861e-212
1.173355095766025459e-212
1.597843580432290392e-213
2.157778814369329997e-214
2.889542178103046318e-215
3.836914082243970173e-216
5.051814442566490722e-217
6.594869800409536250e-218
8.535711047512303089e-219
1.095289268061094753e-219
1.393331625719891703e-220
1.757103965034366699e-221
2.196536225627195023e-222
2.721809672312618769e-223
3.342997172484448763e-224
4.069615857082676316e-225
4.910097651726777876e-226
5.871190544523611929e-227
6.957311622848554373e-228
8.169881295403278121e-229
9.506675987893425133e-230
1.096124311180137397e-230
1.252242635694324275e-231
1.417405049187167208e-232
1.589481216049739201e-233
1.765841618389078103e-234
1.943398551481053615e-235
2.118675758182173657e-236
2.287906109879496545e-237
2.447154675280358369e-238
2.592462414394248241e-239
2.720003780550599431e-240
2.826249902238026466e-241
2.908127929080365148e-242
2.963166707265338535e-243
2.989619289493278786e-244
2.986553904158572868e-245
2.953906852628785706e-246
2.892493241440256129e-247
2.803974292307308261e-248
2.690782964969627793e-249
2.556012512467820420e-250
2.403275108496040448e-251
2.236539619681331324e-252
2.059958778390172782e-253
1.877696356393244702e-254
1.693764442948256698e-255
1.511879671372042849e-256
1.335345365491172613e-257
1.166964292499694328e-258
1.008984239883740737e-259
8.630762104530666417e-261
7.303428570895722065e-262
6.113530203835269368e-263
5.061969944388079288e-264
4.145564737148810564e-265
3.357830124146526565e-266
2.689791926288425562e-267
2.130774461254217865e-268
1.669124840226985450e-269
1.292844300992242158e-270
9.901090761552541378e-272
7.496739649935838177e-273
5.611608439953145578e-274
4.152413740370609113e-275
3.037279805893322056e-276
2.195898752762264926e-277
1.569117104357801979e-278
1.108117845741376426e-279
7.733496704746771319e-281
5.333310137485168238e-282
3.634294905207312359e-283
2.446904911853240631e-284
1.627641013752566029e-285
1.069585622436553747e-286
6.943180764812193088e-288
4.452026533299443771e-289
2.819574204667948846e-290
1.763623048838823117e-291
1.089417070058044473e-292
6.645356076745083537e-294
4.002646917287673409e-295
2.380401953078747323e-296
1.397642578535073640e-297
8.101274383840525547e-299
4.635432970776753517e-300
2.618033069525113424e-301
1.459404506869789558e-302
8.028965687574242123e-304
4.359074287514165596e-305
2.335322297182551010e-306
1.234480275030151287e-307
6.438324916471618469e-309
3.312679393065789872e-310
1.681395258961318890e-311
8.418020498976624115e-313
4.156860717467174451e-314
2.024424645993801315e-315
9.722622983905889224e-317
4.604425023791663519e-318
2.150025471007352586e-319
9.896134886200168280e-321
4.495997377155343552e-322
1.976262583364986177e-323
0.000000000000000000e+00
0.000000000000000000e+00
0.000000000000000000e+00
0.000000000000000000e+00
0.000000000000000000e+00
0.000000000000000000e+00
0.000000000000000000e+00
0.000000000000000000e+00
0.000000000000000000e+00
0.000000000000000000e+00
0.000000000000000000e+00
0.000000000000000000e+00
0.000000000000000000e+00
0.000000000000000000e+00
0.000000000000000000e+00
0.000000000000000000e+00
0.000000000000000000e+00
0.000000000000000000e+00
0.000000000000000000e+00
0.000000000000000000e+00
0.000000000000000000e+00
0.000000000000000000e+00
0.000000000000000000e+00
0.000000000000000000e+00
0.000000000000000000e+00
0.000000000000000000e+00
0.000000000000000000e+00
0.000000000000000000e+00
0.000000000000000000e+00
0.000000000000000000e+00
0.000000000000000000e+00
0.000000000000000000e+00
0.000000000000000000e+00
0.000000000000000000e+00
0.000000000000000000e+00
0.000000000000000000e+00
0.000000000000000000e+00
0.000000000000000000e+00
0.000000000000000000e+00
0.000000000000000000e+00
0.000000000000000000e+00
0.000000000000000000e+00
0.000000000000000000e+00
0.000000000000000000e+00
0.000000000000000000e+00
0.000000000000000000e+00
0.000000000000000000e+00
0.000000000000000000e+00
0.000000000000000000e+00
0.000000000000000000e+00
0.000000000000000000e+00
0.000000000000000000e+00
0.000000000000000000e+00
0.000000000000000000e+00
0.000000000000000000e+00
0.000000000000000000e+00
0.000000000000000000e+00
0.000000000000000000e+00
0.000000000000000000e+00
0.000000000000000000e+00
0.000000000000000000e+00
0.000000000000000000e+00
0.000000000000000000e+00
0.000000000000000000e+00
0.000000000000000000e+00
0.000000000000000000e+00
0.000000000000000000e+00
0.000000000000000000e+00
0.000000000000000000e+00
0.000000000000000000e+00
0.000000000000000000e+00
0.000000000000000000e+00
0.000000000000000000e+00
0.000000000000000000e+00
0.000000000000000000e+00
0.000000000000000000e+00
0.000000000000000000e+00
0.000000000000000000e+00
0.000000000000000000e+00
0.000000000000000000e+00
0.000000000000000000e+00
0.000000000000000000e+00
0.000000000000000000e+00
0.000000000000000000e+00
0.000000000000000000e+00
0.000000000000000000e+00
0.000000000000000000e+00
0.000000000000000000e+00
0.000000000000000000e+00
0.000000000000000000e+00
0.000000000000000000e+00
0.000000000000000000e+00
0.000000000000000000e+00
0.000000000000000000e+00
0.000000000000000000e+00
0.000000000000000000e+00
0.000000000000000000e+00
0.000000000000000000e+00
0.000000000000000000e+00
0.000000000000000000e+00
0.000000000000000000e+00
0.000000000000000000e+00
0.000000000000000000e+00
0.000000000000000000e+00
0.000000000000000000e+00
0.000000000000000000e+00
0.000000000000000000e+00
0.000000000000000000e+00
0.000000000000000000e+00
0.000000000000000000e+00
0.000000000000000000e+00
0.000000000000000000e+00
0.000000000000000000e+00
0.000000000000000000e+00
0.000000000000000000e+00
0.000000000000000000e+00
0.000000000000000000e+00
0.000000000000000000e+00
0.000000000000000000e+00
0.000000000000000000e+00
0.000000000000000000e+00
0.000000000000000000e+00
0.000000000000000000e+00
0.000000000000000000e+00
0.000000000000000000e+00
0.000000000000000000e+00
0.000000000000000000e+00
0.000000000000000000e+00
0.000000000000000000e+00
0.000000000000000000e+00
0.000000000000000000e+00
0.000000000000000000e+00
0.000000000000000000e+00
0.000000000000000000e+00
0.000000000000000000e+00
0.000000000000000000e+00
0.000000000000000000e+00
0.000000000000000000e+00
0.000000000000000000e+00
0.000000000000000000e+00
0.000000000000000000e+00
0.000000000000000000e+00
0.000000000000000000e+00
0.000000000000000000e+00
0.000000000000000000e+00
0.000000000000000000e+00
0.000000000000000000e+00
0.000000000000000000e+00
0.000000000000000000e+00
0.000000000000000000e+00
0.000000000000000000e+00
0.000000000000000000e+00
0.000000000000000000e+00
0.000000000000000000e+00
0.000000000000000000e+00
0.000000000000000000e+00
0.000000000000000000e+00
0.000000000000000000e+00
0.000000000000000000e+00
0.000000000000000000e+00
0.000000000000000000e+00
0.000000000000000000e+00
0.000000000000000000e+00
0.000000000000000000e+00
0.000000000000000000e+00
0.000000000000000000e+00
0.000000000000000000e+00
0.000000000000000000e+00
0.000000000000000000e+00
0.000000000000000000e+00
0.000000000000000000e+00
0.000000000000000000e+00
0.000000000000000000e+00
0.000000000000000000e+00
0.000000000000000000e+00
0.000000000000000000e+00
0.000000000000000000e+00
0.000000000000000000e+00
0.000000000000000000e+00
0.000000000000000000e+00
0.000000000000000000e+00
0.000000000000000000e+00
0.000000000000000000e+00
0.000000000000000000e+00
0.000000000000000000e+00
0.000000000000000000e+00
0.000000000000000000e+00
0.000000000000000000e+00
0.000000000000000000e+00
0.000000000000000000e+00
0.000000000000000000e+00
0.000000000000000000e+00
0.000000000000000000e+00
0.000000000000000000e+00
0.000000000000000000e+00
0.000000000000000000e+00
0.000000000000000000e+00
0.000000000000000000e+00
0.000000000000000000e+00
0.000000000000000000e+00
0.000000000000000000e+00
0.000000000000000000e+00
0.000000000000000000e+00
0.000000000000000000e+00
0.000000000000000000e+00
0.000000000000000000e+00
0.000000000000000000e+00
0.000000000000000000e+00
0.000000000000000000e+00
0.000000000000000000e+00
0.000000000000000000e+00
0.000000000000000000e+00
0.000000000000000000e+00
0.000000000000000000e+00
0.000000000000000000e+00
0.000000000000000000e+00
0.000000000000000000e+00
0.000000000000000000e+00
0.000000000000000000e+00
0.000000000000000000e+00
0.000000000000000000e+00
0.000000000000000000e+00
0.000000000000000000e+00
0.000000000000000000e+00
0.000000000000000000e+00
0.000000000000000000e+00
0.000000000000000000e+00
0.000000000000000000e+00
0.000000000000000000e+00
0.000000000000000000e+00
0.000000000000000000e+00
0.000000000000000000e+00
0.000000000000000000e+00
0.000000000000000000e+00
0.000000000000000000e+00
0.000000000000000000e+00
0.000000000000000000e+00
0.000000000000000000e+00
0.000000000000000000e+00
0.000000000000000000e+00
0.000000000000000000e+00
0.000000000000000000e+00
0.000000000000000000e+00
0.000000000000000000e+00
0.000000000000000000e+00
0.000000000000000000e+00
0.000000000000000000e+00
0.000000000000000000e+00
0.000000000000000000e+00
0.000000000000000000e+00
0.000000000000000000e+00
0.000000000000000000e+00
0.000000000000000000e+00
0.000000000000000000e+00
0.000000000000000000e+00
0.000000000000000000e+00
0.000000000000000000e+00
0.000000000000000000e+00
0.000000000000000000e+00
0.000000000000000000e+00
0.000000000000000000e+00
0.000000000000000000e+00
0.000000000000000000e+00
0.000000000000000000e+00
0.000000000000000000e+00
0.000000000000000000e+00
0.000000000000000000e+00
0.000000000000000000e+00
0.000000000000000000e+00
0.000000000000000000e+00
0.000000000000000000e+00
0.000000000000000000e+00
0.000000000000000000e+00
0.000000000000000000e+00
0.000000000000000000e+00
0.000000000000000000e+00
0.000000000000000000e+00
0.000000000000000000e+00
0.000000000000000000e+00
0.000000000000000000e+00
0.000000000000000000e+00
0.000000000000000000e+00
0.000000000000000000e+00
0.000000000000000000e+00
0.000000000000000000e+00
0.000000000000000000e+00
0.000000000000000000e+00
0.000000000000000000e+00
0.000000000000000000e+00
0.000000000000000000e+00
0.000000000000000000e+00
0.000000000000000000e+00
0.000000000000000000e+00
0.000000000000000000e+00
0.000000000000000000e+00
0.000000000000000000e+00
0.000000000000000000e+00
0.000000000000000000e+00
0.000000000000000000e+00
0.000000000000000000e+00
0.000000000000000000e+00
0.000000000000000000e+00
0.000000000000000000e+00
0.000000000000000000e+00
0.000000000000000000e+00
0.000000000000000000e+00
0.000000000000000000e+00
0.000000000000000000e+00
0.000000000000000000e+00
0.000000000000000000e+00
0.000000000000000000e+00
0.000000000000000000e+00
0.000000000000000000e+00
0.000000000000000000e+00
