2.140104832404621515e-01
2.788929034200226392e-02
9.483986984848362389e-03
6.170814017360322541e-03
5.755767744878410863e-03
5.976391618600388964e-03
6.312447762061681664e-03
6.645688594082887340e-03
6.955335488813367377e-03
7.241932832200879792e-03
7.509083662612526210e-03
7.759782407950796199e-03
7.996064365575743932e-03
8.219230699372347473e-03
8.430080631258694140e-03
8.629075819959985266e-03
8.816450777221526702e-03
8.992288557111819541e-03
9.156574564015524179e-03
9.309236063858899318e-03
9.450171830193336217e-03
9.579274593846824615e-03
9.696447984723575650e-03
9.801619101683615651e-03
9.894747528246955470e-03
9.975831423317630189e-03
1.004491119920632169e-02
1.010207122137813697e-02
1.014743990730158224e-02
1.018118855550966505e-02
1.020352919530009839e-02
1.021471170995246446e-02
1.021502045101283992e-02
1.020477052795119334e-02
1.018430392654236932e-02
1.015398558093652190e-02
1.011419949881428582e-02
1.006534501640424240e-02
1.000783324049763119e-02
9.942083717848940877e-03
9.868521358338678065e-03
9.787573626777443248e-03
9.699668008986209178e-03
9.605229750535680330e-03
9.504679860985142809e-03
9.398433372375400788e-03
9.286897837856663077e-03
9.170472054450054533e-03
9.049544992860694345e-03
8.924494916809792844e-03
8.795688674389843739e-03
8.663481144352195781e-03
8.528214820906876437e-03
8.390219521472211742e-03
8.249812202788735921e-03
8.107296871857782097e-03
7.962964579239336510e-03
7.817093483316064906e-03
7.669948975176889977e-03
7.521783854781329687e-03
7.372838550018690797e-03
7.223341371173245228e-03
7.073508794138124237e-03
6.923545766490519192e-03
6.773646031244902853e-03
6.623992463744816407e-03
6.474757417736959862e-03
6.326103077198825912e-03
6.178181810966801128e-03
6.031136527637192060e-03
5.885101028594002387e-03
5.740200357358017300e-03
5.596551143753280937e-03
5.454261941655678958e-03
5.313433559325597341e-03
5.174159381535123163e-03
5.036525682884405303e-03
4.900611931862367682e-03
4.766491085346672742e-03
4.634229873359855915e-03
4.503889074002748009e-03
4.375523778576148951e-03
4.249183646977326007e-03
4.124913153522170688e-03
4.002751823395967433e-03
3.882734459979051041e-03
3.764891363327318562e-03
3.649248540113845911e-03
3.535827905356741033e-03
3.424647476271300024e-03
3.315721558591789783e-03
3.209060925710677074e-03
3.104672990981065597e-03
3.002561973523511316e-03
2.902729057869151471e-03
2.805172547760654417e-03
2.709888014419386398e-03
2.616868439572328248e-03
2.526104353516537161e-03
2.437583968481894185e-03
2.351293307535546901e-03
2.267216329253701843e-03
2.185335048368555310e-03
2.105629652580667810e-03
2.028078615709877179e-03
1.952658807341058067e-03
1.879345599105341439e-03
1.808112967722020747e-03
1.738933594912278743e-03
1.671778964282618230e-03
1.606619455263558075e-03
1.543424434178023016e-03
1.482162342503787677e-03
1.422800782385166525e-03
1.365306599441225982e-03
1.309645962910858377e-03
1.255784443168912181e-03
1.203687086642763653e-03
1.153318488154393608e-03
1.104642860709859368e-03
1.057624102755496016e-03
1.012225862918491280e-03
9.684116022482764990e-04
9.261446539747659979e-04
8.853882807994618897e-04
8.461057297360294067e-04
8.082602845178275819e-04
7.718153155912413138e-04
7.367343277152799998e-04
7.029810051896906746e-04
6.705192547360866711e-04
6.393132460586151838e-04
6.093274501132186181e-04
5.805266751168705478e-04
5.528761003306600095e-04
5.263413076530680003e-04
5.008883110622270891e-04
4.764835839483671305e-04
4.530940843799394734e-04
4.306872783491705000e-04
4.092311610448913159e-04
3.886942762024903791e-04
3.690457335826610621e-04
3.502552246323718398e-04
3.322930363829016266e-04
3.151300636413231684e-04
2.987378195328614780e-04
2.830884444526750462e-04
2.681547134864486820e-04
2.539100423598572532e-04
2.403284919774599580e-04
2.273847716119907090e-04
2.150542408050708481e-04
2.033129100405471862e-04
1.921374402513569024e-04
1.815051412206296095e-04
1.713939689373274709e-04
1.617825219660130182e-04
1.526500368898182100e-04
1.439763828847553462e-04
1.357420554825655658e-04
1.279281695783362626e-04
1.205164517379217915e-04
1.134892318589789670e-04
1.068294342381269319e-04
1.005205680953628997e-04
9.454671760536594363e-05
8.889253148388362533e-05
8.354321217574505506e-05
7.848450468953144796e-05
7.370268512219033759e-05
6.918454891529716142e-05
6.491739888292331624e-05
6.088903304936046847e-05
5.708773233324296808e-05
5.350224811288347316e-05
5.012178970589880819e-05
4.693601179450122694e-05
4.393500182610937140e-05
4.110926741726645398e-05
3.844972378714805848e-05
3.594768124534146968e-05
3.359483275692413880e-05
3.138324160632252814e-05
2.930532917983087970e-05
2.735386288523081468e-05
2.552194422542249853e-05
2.380299704155764960e-05
2.219075593982376129e-05
2.067925491464555777e-05
1.926281617978823697e-05
1.793603921761791154e-05
1.669379005559809947e-05
1.553119077790144587e-05
1.444360927897677898e-05
1.342664926487389606e-05
1.247614050708756664e-05
1.158812935279070761e-05
1.075886949443804913e-05
9.984813000834720723e-06
9.262601611033446862e-06
8.589058291663598710e-06
7.961179057566793635e-06
7.376125055029255171e-06
6.831214906261360054e-06
6.323917313229258935e-06
5.851843918412706527e-06
5.412742419648505895e-06
5.004489935721339740e-06
4.625086619017934059e-06
4.272649511188450537e-06
3.945406637456332853e-06
3.641691334925763722e-06
3.359936809986827497e-06
3.098670919717755117e-06
2.856511171969627480e-06
2.632159938694113132e-06
2.424399876914692249e-06
2.232089551651398072e-06
2.054159255024501132e-06
1.889607015712981529e-06
1.737494792876046415e-06
1.596944848663340262e-06
1.467136293426202779e-06
1.347301797738418608e-06
1.236724465405367810e-06
1.134734861651469188e-06
1.040708190753460905e-06
9.540616174642027456e-07
8.742517266290394339e-07
8.007721155126473012e-07
7.331511134483251534e-07
6.709496235110390298e-07
6.137590810695829754e-07
5.611995241388455247e-07
5.129177706399309302e-07
4.685856977437573408e-07
4.278986186670170878e-07
3.905737523524070925e-07
3.563487816965020733e-07
3.249804960256468755e-07
2.962435137349505261e-07
2.699290811213060076e-07
2.458439435531969988e-07
2.238092853248541991e-07
2.036597346019217821e-07
1.852424300659929293e-07
1.684161459645333186e-07
1.530504724231995797e-07
1.390250480080354885e-07
1.262288416198958385e-07
1.145594810019280701e-07
1.039226251857199409e-07
9.423137835546255108e-08
8.540574275801938747e-08
7.737210832397679557e-08
7.006277685871654072e-08
6.341551870042497957e-08
5.737315989441824808e-08
5.188319799960503022e-08
4.689744476766394401e-08
4.237169399117054071e-08
3.826541295272863456e-08
3.454145595122297031e-08
3.116579848974267543e-08
2.810729077821993565e-08
2.533742927134621877e-08
2.283014506918282533e-08
2.056160802270921127e-08
1.851004550192355352e-08
1.665557482379918779e-08
1.498004838592007044e-08
1.346691065588090134e-08
1.210106614713809475e-08
1.086875763771139415e-08
9.757453885932584397e-09
8.755746170308203962e-09
7.853253005924562511e-09
7.040532449266727383e-09
6.309001431513839359e-09
5.650861595333817253e-09
5.059031154833798662e-09
4.527082323054510037e-09
4.049183884123698620e-09
3.620048517193440028e-09
3.234884509059072469e-09
2.889351509921121360e-09
2.579520020101613231e-09
2.301834318997617067e-09
2.053078547657471717e-09
1.830345714457213833e-09
1.631009366115672569e-09
1.452697736465953987e-09
1.293270139211718822e-09
1.150795444555523878e-09
1.023532457412828314e-09
9.099120412039297451e-10
8.085208432310975827e-10
7.180864777259941421e-10
6.374640562924666664e-10
5.656239435242558687e-10
5.016406276365277008e-10
4.446826207152366024e-10
3.940032925784537583e-10
3.489325518222466189e-10
3.088693150459364292e-10
2.732746757196079138e-10
2.416657220429898203e-10
2.136099431909098981e-10
1.887201692708863052e-10
1.666499971315876132e-10
1.470896596456082349e-10
1.297622923294417439e-10
1.144205699689052309e-10
1.008436668491836628e-10
8.883452399512055779e-11
7.821737602606204397e-11
6.883553948626249968e-11
6.054940688395449630e-11
5.323465788956137858e-11
4.678063637867683923e-11
4.108890464525660043e-11
3.607193789025271235e-11
3.165195486691200915e-11
2.775987209828783320e-11
2.433435879707073114e-11
2.132100132784017238e-11
1.867154197456733704e-11
1.634321009596078361e-11
1.429811716977563191e-11
1.250271377368232300e-11
1.092731340035410738e-11
9.545657331349223520e-12
8.334532467894627030e-12
7.273432403492543358e-12
6.344244588331477931e-12
5.530986473641462500e-12
4.819554709382746729e-12
4.197519600992663024e-12
3.653925091324178305e-12
3.179122650428709176e-12
2.764620183583133086e-12
2.402944521057685922e-12
2.087525445299990749e-12
1.812589176007400349e-12
1.573063133036436033e-12
1.364494776620436828e-12
1.182975676645710767e-12
1.025080852420769100e-12
8.878069383752978256e-13
7.685212491821862138e-13
6.649224660189268617e-13
5.749926698464021356e-13
4.969708832550778840e-13
4.293144401641876510e-13
3.706771041256683524e-13
3.198833856629040387e-13
2.759070371462861691e-13
2.378530733868435162e-13
2.049409916757430605e-13
1.764914272520673277e-13
1.519122157213037582e-13
1.306874122923254800e-13
1.123696926115833971e-13
9.656848182192473004e-14
8.294670880787095300e-14
7.120797882971390824e-14
6.109856364145771350e-14
5.239748883902318232e-14
4.491156868931874095e-14
3.847462140717711346e-14
3.294268557824739923e-14
2.819150960849140026e-14
2.411239258436551450e-14
2.061292896746316971e-14
1.761168343651819833e-14
1.503944511820219897e-14
1.283607636050394168e-14
1.094951150695559608e-14
9.335717961157492985e-15
7.955387897894106295e-15
6.775273815758320402e-15
5.766716398723754612e-15
4.905874091612004358e-15
4.171329863935776847e-15
3.544837157253940035e-15
3.011274935769146501e-15
2.555974060911530409e-15
2.168544870842353802e-15
1.838829478933259329e-15
1.558393287864787492e-15
1.319893390104626047e-15
1.117093019260800870e-15
9.454415707132120524e-16
7.995081438646269010e-16
6.755745401877108543e-16
5.706469114363708319e-16
4.816446636212543714e-16
4.061725477475223516e-16
3.422719686626040515e-16
2.883735175957843271e-16
2.426835913860877510e-16
2.041982235408006890e-16
1.717784626575723857e-16
1.445025917260326731e-16
1.213579117679350536e-16
1.018611000744400006e-16
8.534396496955152051e-17
7.145908977821700511e-17
5.970231940965704124e-17
5.006177904938948339e-17
4.210645818124404297e-17
3.522497672390738127e-17
2.936108356155263596e-17
2.463054708195398463e-17
2.070527583461483635e-17
1.734117852358223595e-17
1.439377361301758225e-17
1.193880099440206533e-17
1.007272063103400755e-17
8.430157128402224928e-18
6.983939975174440218e-18
5.941296935043309546e-18
4.965349527147843573e-18
4.221921380801207611e-18
3.435520693885053021e-18
2.886886254725898315e-18
2.358038363805091195e-18
1.767653770002531686e-18
1.655512312194478592e-18
1.462312870448250992e-18
1.220692295857169004e-18
1.153301320974603758e-18
9.951721708773838809e-19
6.468454411774504297e-19
7.262771492311748741e-19
6.058993127092158272e-19
5.285633622788167075e-19
3.735007577507949904e-19
4.643963209145660556e-19
3.865271019561111112e-19
3.791266868104599179e-19
2.296797356365151381e-19
1.850063090020858818e-19
2.883849063818664920e-19
2.316681492852768094e-19
3.071126904539318422e-19
2.185003190497479820e-19
2.234365271410059124e-19
0.000000000000000000e+00
1.934829612173772436e-19
1.149428725279165753e-19
3.504580063163932596e-19
2.002684059159532262e-19
4.645789882751942024e-20
0.000000000000000000e+00
1.735419586773296285e-19
0.000000000000000000e+00
1.082447478146225496e-19
1.487199407018191894e-19
2.168053743305211837e-19
3.824756732786530072e-20
7.426597938744685404e-20
7.487026078451779817e-20
1.368873086486016379e-19
2.733334121204860798e-19
2.019370932094902938e-19
0.000000000000000000e+00
2.279499699565085630e-19
1.941360715027477615e-19
9.426045194117235477e-20
1.082890750706749433e-19
2.059938045293456711e-19
2.846756568091791283e-19
2.039036316390420072e-19
3.374190779140277210e-20
8.530867199964677937e-21
1.308481528166978396e-19
1.450900041923446795e-19
0.000000000000000000e+00
1.618112800568209985e-19
8.575304352137015816e-20
7.226893879512876406e-20
6.899513235158670689e-20
1.307211341421933104e-19
0.000000000000000000e+00
1.249634002869752947e-19
7.388461520527815302e-20
0.000000000000000000e+00
1.209934096804615917e-19
1.967387901810758302e-19
2.357784795608095035e-19
2.155305173192311917e-19
8.614922735403274742e-20
3.505954038007347675e-19
1.078383578827681320e-19
7.089996940734480440e-20
9.577338586083739324e-20
0.000000000000000000e+00
0.000000000000000000e+00
5.540085331764548554e-20
8.951079032437099993e-20
0.000000000000000000e+00
1.163711261892538698e-19
3.179518286805446126e-19
1.912787789406547928e-19
2.055780430383479690e-19
1.747305591595242099e-20
5.631468789294124639e-20
5.667683560364614508e-20
1.824968893450817208e-19
7.467736560325473915e-20
5.858673984215782783e-20
1.185078009699916033e-19
0.000000000000000000e+00
0.000000000000000000e+00
3.332004308078647328e-19
3.054751243478614563e-20
0.000000000000000000e+00
4.831784266266654303e-20
1.131852112924228767e-19
5.876743140678193607e-20
1.771154277405713242e-19
9.909927525964897982e-20
0.000000000000000000e+00
0.000000000000000000e+00
0.000000000000000000e+00
0.000000000000000000e+00
0.000000000000000000e+00
1.029005557555761775e-19
5.019890686723935964e-20
4.216965110705266141e-20
0.000000000000000000e+00
1.312858198237009326e-19
5.151359261974484933e-20
3.960896828696204227e-20
6.858450982573140404e-20
1.361861640941189281e-19
8.192745420888464568e-20
1.154090861587261081e-20
3.820810009872900981e-19
1.475670562171080148e-19
1.175270553480941610e-19
2.081432393402108655e-19
1.897800871580095462e-19
6.175225430672462733e-20
4.457582126037602326e-20
7.323531325121198051e-20
4.606774046091143550e-20
4.138367230420261705e-20
1.668833990008936422e-19
1.166480926516372539e-19
2.092739505401797578e-19
6.419564914103276618e-20
1.718397973192230814e-19
1.226920053881772972e-19
5.357405638494161325e-20
4.418006996989714305e-20
4.223366782635219156e-20
4.138383739663532526e-20
2.307234081761051434e-19
1.609242600303371386e-19
5.868696176339495782e-20
2.980883601775112257e-19
7.629639555274925735e-20
8.065410602793016255e-20
2.713123173764182777e-19
1.376090517862246190e-19
2.169022345088576390e-19
1.643642570948371861e-19
0.000000000000000000e+00
1.098380836418729871e-19
1.823792475321225489e-19
0.000000000000000000e+00
1.729103932506097660e-19
2.853417573823445371e-19
1.601596005090044973e-20
0.000000000000000000e+00
7.748863604713499252e-20
5.240250502637913071e-20
2.381470506112249674e-19
3.246914961600397130e-19
2.075523455667532713e-20
0.000000000000000000e+00
1.096255615531294649e-19
8.755903717425506217e-20
2.123635849072463053e-19
1.005355709627841254e-19
5.651876784498482520e-20
8.126165389476330281e-20
5.261613969183379770e-20
1.428875650653850833e-19
5.872385002475755260e-20
0.000000000000000000e+00
1.063902416551846056e-19
1.468096904610026963e-19
0.000000000000000000e+00
0.000000000000000000e+00
1.034907520347219305e-19
0.000000000000000000e+00
1.659104871493921501e-19
5.483218376224532994e-20
0.000000000000000000e+00
0.000000000000000000e+00
0.000000000000000000e+00
0.000000000000000000e+00
0.000000000000000000e+00
9.503532392882470532e-20
3.962349795289336162e-20
3.285964697740301017e-20
1.577035637408488147e-19
4.482775207525746541e-20
0.000000000000000000e+00
1.231359853649116460e-19
3.971280238955410734e-20
2.998828499580968809e-20
1.229396509845573727e-19
1.650470266334308201e-19
4.332963748356411631e-20
0.000000000000000000e+00
2.603245780240328346e-20
1.845792912450357717e-19
1.389434643976852664e-19
0.000000000000000000e+00
9.025862794596070350e-20
3.362080977185824374e-20
3.441676319216446737e-19
6.178163977148547062e-20
2.552134267109979747e-19
0.000000000000000000e+00
0.000000000000000000e+00
2.183883373075700468e-19
0.000000000000000000e+00
3.074520689852642405e-20
1.253098947102437476e-19
1.039170631227325901e-19
1.019367912650109258e-19
1.651753550352338900e-19
3.622536851708186213e-19
2.579257944435044297e-19
5.980537201023121562e-20
0.000000000000000000e+00
0.000000000000000000e+00
2.868029654942420860e-19
1.568019443998420338e-19
1.143821549935385577e-19
2.997649893820035995e-19
2.662705104762204845e-21
1.986442424524888742e-19
8.820513126177245793e-20
2.052058651651676921e-19
0.000000000000000000e+00
1.041791601606494870e-19
1.108272591606604352e-19
4.564910152474163594e-20
0.000000000000000000e+00
3.781451392953885220e-20
2.919733825758718914e-19
1.905105622138886744e-19
0.000000000000000000e+00
0.000000000000000000e+00
1.637693860986517255e-19
0.000000000000000000e+00
0.000000000000000000e+00
1.936468538426198575e-19
1.468351231248464799e-19
0.000000000000000000e+00
9.926565121504099432e-20
1.685672773906409249e-19
1.119703956743755123e-19
1.195059372419017649e-20
0.000000000000000000e+00
3.274392202737693307e-20
2.865410395529364560e-19
5.698758816451879009e-20
1.319716513506323225e-19
4.315875018122577830e-20
3.454628067259428128e-20
6.440107191024743985e-20
3.534512572528795242e-20
6.331313246029298485e-20
6.565550530600590890e-20
1.288356408583325726e-19
1.024181167271633295e-19
0.000000000000000000e+00
0.000000000000000000e+00
2.680954864750001878e-20
2.688493460097590864e-20
8.944033596005164835e-20
2.211124877200017524e-19
7.481602286875330827e-20
3.161289431697063337e-20
1.530282132995534919e-19
1.949231211818142697e-19
0.000000000000000000e+00
2.640951640696561118e-20
5.723757788659809606e-20
1.232498028414185916e-19
6.541271646774888800e-20
9.259412585433361180e-20
9.403481386075958323e-20
0.000000000000000000e+00
0.000000000000000000e+00
8.592064250115547400e-20
1.232712973140190551e-19
3.193191138453157233e-20
5.569663072424134317e-20
2.576233460276291777e-20
3.074796065123811843e-19
4.608653129947115661e-20
0.000000000000000000e+00
1.489593729309787399e-19
1.913956314017274748e-19
3.773142578283599647e-20
2.558249233177904570e-20
2.453696749057241632e-19
0.000000000000000000e+00
0.000000000000000000e+00
3.078681342793076809e-19
1.101040470507130794e-19
3.090804143742104354e-20
1.841502487458442634e-19
1.962621955763695147e-19
1.668975551507833205e-19
3.862345027484102666e-20
2.869929290178823646e-20
1.221015945219812620e-19
2.244437195364268881e-19
2.329946172148291856e-19
2.667242127616712765e-19
3.023334962534549085e-19
0.000000000000000000e+00
3.253601225611968212e-20
1.902079696445809701e-19
1.220764217411855059e-20
3.167279307490273223e-19
0.000000000000000000e+00
1.600983772414591813e-19
0.000000000000000000e+00
2.220698058506063623e-19
2.997885643537536338e-19
1.780769038918095458e-19
0.000000000000000000e+00
1.606316930802277200e-19
1.064861189817145936e-19
1.663829568482208202e-19
2.972776072627798359e-19
1.491709756592885884e-19
1.717133284257575172e-19
4.613825672856674821e-20
3.711027693519209290e-20
3.535863234262860694e-20
3.436491992119582531e-20
1.284339784398907696e-19
0.000000000000000000e+00
1.265461665091591223e-19
3.806996933398774887e-20
2.214876252198851645e-19
0.000000000000000000e+00
0.000000000000000000e+00
1.230148416452398433e-19
3.472308332356290220e-20
9.163113813291891827e-20
0.000000000000000000e+00
5.718012412270814155e-20
2.751857556266053909e-20
2.447340422891869995e-20
8.658584725841402559e-20
2.482998396421534551e-20
2.435229893893509309e-19
4.220721331677984131e-21
2.191266042175681458e-20
0.000000000000000000e+00
2.724604543568937582e-19
4.142111640643733828e-21
5.228671152470581707e-20
1.168496023412056864e-19
2.156843780527609157e-19
0.000000000000000000e+00
1.785123065234598893e-19
1.564271357087239938e-19
2.192371067328110457e-19
0.000000000000000000e+00
1.166234109701008649e-19
2.719609958040971125e-20
8.497902598844797099e-20
0.000000000000000000e+00
1.966181027882696454e-20
3.678269828405528960e-19
4.089672992027585120e-20
8.644726085692076082e-20
2.466556217205552366e-20
0.000000000000000000e+00
5.082332307057283052e-20
0.000000000000000000e+00
2.399334456079070093e-19
3.153808542581440300e-20
8.361051371104941304e-20
2.124186992984690420e-19
2.518708147432974699e-19
3.373291249740849879e-20
5.344439511138822649e-20
5.398204363341806768e-20
2.212384898752786783e-20
0.000000000000000000e+00
1.818139154527001757e-20
1.794484307622509247e-20
1.756692349765335999e-19
8.927241252064418219e-20
1.468852156268937134e-19
8.775602038151582766e-20
1.164997761228985525e-19
2.309235397589335366e-20
2.394813648123355237e-19
1.876925840283520237e-19
2.795084161980149444e-20
1.461261328903632780e-19
2.453180127287779776e-19
0.000000000000000000e+00
5.132778617485375931e-20
8.422170887154707260e-20
2.211154275811916459e-20
3.037552490535545571e-19
1.638672366676146141e-21
0.000000000000000000e+00
1.807481734292644428e-20
1.779556622955555612e-20
0.000000000000000000e+00
1.744179739754396519e-19
1.508361979732116385e-19
0.000000000000000000e+00
7.988287195960760503e-20
0.000000000000000000e+00
1.537203493227971457e-20
0.000000000000000000e+00
4.550841982374543573e-20
0.000000000000000000e+00
1.078953054769618677e-19
1.732901961780762934e-20
0.000000000000000000e+00
1.066136664213716150e-19
1.607731159711431065e-20
1.174386552994305957e-20
4.250184418183372061e-20
0.000000000000000000e+00
1.365504747728508358e-19
1.417556592190397051e-20
1.367044734556475249e-19
0.000000000000000000e+00
0.000000000000000000e+00
2.306261327491554071e-19
1.913236371351635280e-20
1.057014314987645597e-19
1.408592246144261134e-19
1.111059292067349338e-19
0.000000000000000000e+00
2.008560226788961600e-19
1.771041229700803907e-20
0.000000000000000000e+00
7.393717667814406243e-20
1.322602809121892638e-20
0.000000000000000000e+00
9.816402597264087706e-21
9.553369490594092285e-21
1.675023524298645010e-19
1.423903648526781130e-19
1.420897894198913655e-19
0.000000000000000000e+00
2.004709184168287473e-19
0.000000000000000000e+00
0.000000000000000000e+00
1.017738891502367876e-20
1.683350520281652131e-19
1.625403490722858421e-20
0.000000000000000000e+00
0.000000000000000000e+00
0.000000000000000000e+00
1.353876193486115650e-19
0.000000000000000000e+00
8.907700514835434590e-21
8.333954160431220150e-21
7.889848672499018908e-21
1.658423481762163010e-19
1.332614028634292717e-20
7.149592555981636031e-20
2.315299452054698253e-19
1.744909906528825913e-19
4.690902890951142105e-20
7.447631773599090655e-20
1.170238610156815077e-20
1.044905435992183130e-19
1.393523959432685500e-19
1.421073572307611229e-20
1.367678455282367019e-19
4.569229999395197245e-20
1.145750596613222226e-20
2.948384615077501882e-19
3.996073099553125011e-19
2.149550432970535973e-19
0.000000000000000000e+00
1.367825916684226416e-20
7.648547698348571651e-20
2.049808516886610381e-19
8.272016905407235446e-20
1.734557313919446567e-19
1.136612160899824348e-19
8.054074337553950488e-20
2.684369958043965671e-19
0.000000000000000000e+00
1.093537958915493875e-19
0.000000000000000000e+00
4.503306591350590969e-20
1.392852601076234393e-20
0.000000000000000000e+00
1.381104166643090042e-19
0.000000000000000000e+00
1.693274294896608620e-19
2.052444504568727602e-19
2.067411046040546456e-19
2.389616923388982751e-19
3.354826466285424222e-19
0.000000000000000000e+00
1.392903264421697136e-20
2.981711366837759853e-19
0.000000000000000000e+00
1.721528788929568526e-19
1.756996918464128518e-20
1.346974712382134540e-20
4.422892727387387063e-20
2.346383653793065580e-19
1.127002370037401711e-19
0.000000000000000000e+00
1.067575558210041671e-19
0.000000000000000000e+00
2.009148345149650428e-19
1.103219053518544840e-19
2.668775795939851956e-19
1.733223681381301348e-20
0.000000000000000000e+00
0.000000000000000000e+00
1.365094995028216563e-19
1.252331325990616729e-20
1.362236398133237202e-19
7.524967719480701273e-20
4.220021802533787519e-20
0.000000000000000000e+00
7.141255676208933192e-20
4.009172609884924355e-20
2.298112224699463840e-19
1.211547805725114672e-20
1.977646287064338845e-19
2.647741203922900752e-19
1.402241357369709221e-19
1.065446987549017298e-19
3.593332742189310581e-19
0.000000000000000000e+00
1.685009690341284896e-19
2.346459197476897957e-19
1.414275712567019945e-19
1.399927061090597380e-19
7.659469090766271690e-20
1.380847915525931421e-19
1.077489428210808880e-19
0.000000000000000000e+00
3.265780825416701393e-19
2.055628462592022335e-19
0.000000000000000000e+00
2.001854304099816361e-19
4.248889515175101242e-19
1.774951596550771050e-20
2.013817165499523851e-19
1.405731163327140922e-19
1.397239845879861195e-19
1.395403738418939225e-19
1.267492583611397646e-20
2.636320727604083733e-19
7.720216707798484912e-20
1.107697876657141993e-20
2.310925509707318951e-19
0.000000000000000000e+00
0.000000000000000000e+00
2.930459260792420860e-19
1.195978870062265429e-20
2.931334066138045251e-19
0.000000000000000000e+00
2.929434622230149062e-19
1.152876483779972561e-20
1.979490175063269941e-19
7.330460893437124524e-20
4.830821599551848686e-19
4.544785352312294805e-20
0.000000000000000000e+00
0.000000000000000000e+00
0.000000000000000000e+00
6.382723555063677371e-21
5.766268728618877116e-21
5.129829972342250458e-21
2.579242354949619953e-19
0.000000000000000000e+00
3.616501163510996044e-20
0.000000000000000000e+00
0.000000000000000000e+00
3.177432581024131780e-21
9.781798497354624173e-20
6.690135036247073037e-20
3.204970035765681151e-21
2.390841159112329578e-21
2.081391485408120512e-21
1.814540948857587450e-21
1.916168907192394763e-19
9.830010054230237212e-20
1.612044612852578354e-19
0.000000000000000000e+00
1.607043442339122277e-19
1.302901879643373682e-19
2.567439993813179654e-19
1.948313123462512226e-19
3.646164773478209052e-20
1.304712466163292021e-19
9.929234736883794604e-20
4.058744027748765093e-21
1.298869669284774957e-19
3.732845976888526894e-21
3.512067760464141615e-19
3.216185147742956788e-19
5.268073301927084861e-21
3.526001248150850789e-20
3.504129173854917937e-20
6.637558205138583774e-20
1.612042329641471257e-19
0.000000000000000000e+00
0.000000000000000000e+00
3.185576175611956574e-19
0.000000000000000000e+00
0.000000000000000000e+00
9.653932971927288045e-20
0.000000000000000000e+00
5.396367462891248963e-19
3.120634339523298690e-21
3.351112650852494939e-20
1.631285972339021679e-21
1.238328160039631742e-21
1.276119418066922442e-19
1.022256442175697400e-21
1.590195004100168068e-19
8.611581376145081933e-22
0.000000000000000000e+00
3.304331756201141348e-22
0.000000000000000000e+00
9.803815585269982338e-23
9.506977440578457350e-20
6.113489470772424335e-23
4.479662325484755390e-24
9.003187436723350941e-25
1.306771075566223757e-25
1.685235561926966985e-26
2.116137172515703869e-27
2.365401481489691932e-28
2.525609161961204178e-29
2.897715228225263651e-30
3.477943362312573470e-31
4.105000818222101554e-32
4.650217025715057489e-33
5.024286204466948218e-34
5.213798394209907680e-35
5.242920432554555692e-36
5.130777021462532454e-37
4.965058991335982836e-38
4.931689543621101808e-39
5.256857315489806137e-40
6.124259956253990534e-41
7.621432368514797492e-42
9.746808475280089857e-43
1.243388384048304242e-43
1.557129198254720939e-44
1.902384048215091627e-45
2.266892085298487086e-46
2.644644566352068137e-47
3.039388571462201685e-48
3.463325603661489976e-49
3.930624280772233308e-50
4.449272341653013350e-51
5.016086345077488123e-52
5.617315812683583885e-53
6.233544316149263709e-54
6.845576657989813205e-55
7.438754690151391347e-56
8.005412099638565361e-57
8.546943398871917413e-58
9.076956354562943677e-59
9.625283023305509628e-60
1.024056733756846273e-60
1.098842328320488451e-61
1.194361381451374247e-62
1.317762982794032641e-63
1.474563714194474287e-64
1.667738634351373472e-65
1.897504139400058468e-66
2.161808086364587192e-67
2.457305138838740407e-68
2.780496995352061774e-69
3.128745787879426429e-70
3.500945699680117535e-71
3.897699424730841634e-72
4.320896464142874192e-73
4.772684818089362274e-74
5.254007775651609553e-75
5.763110809294019126e-76
6.294599292421374094e-77
6.839616519743233125e-78
7.387451547839497343e-79
7.928437779870840139e-80
8.457531602616551404e-81
8.977657380049342061e-82
9.501893783946311892e-83
1.005385693590971701e-83
1.066609764438143277e-84
1.137681502159692338e-85
1.222556278945596715e-86
1.324881954113702708e-87
1.447630860253139122e-88
1.592882488712673597e-89
1.761810225916969166e-90
1.954897462180216900e-91
2.172377734732978465e-92
2.414862939678340402e-93
2.684095691597453359e-94
2.983739068640442463e-95
3.320101280746508313e-96
3.702686107321308293e-97
4.144464700991423935e-98
4.661783959059806426e-99
5.273864649509342715e-100
6.001900029729480509e-101
6.867838552805423450e-102
7.893010806569690698e-103
9.096823136772275425e-104
1.049576860513899947e-104
1.210298473313578434e-105
1.392851228521476820e-106
1.598028957098014212e-107
1.826577506510951633e-108
2.079395889827227721e-109
2.357743402646393899e-110
2.663417794670810488e-111
2.998876077924006828e-112
3.367284385126122279e-113
3.772504480628364166e-114
4.219048423727386929e-115
4.712054665700594186e-116
5.257353322775920150e-117
5.861690902576599123e-118
6.533172346271377304e-119
7.281950210091174698e-120
8.121149229094135096e-121
9.067964173132562969e-122
1.014481684766869006e-122
1.138041275431450930e-123
1.281050808258664022e-124
1.447819118858929675e-125
1.643350504900358233e-126
1.873229025200082595e-127
2.143420915194207439e-128
2.460001309638590750e-129
2.828822386197008597e-130
3.255150242293976460e-131
3.743305728334609672e-132
4.296348763324384154e-133
4.915845543920383646e-134
5.601753398931201318e-135
6.352449432881065448e-136
7.164917748467143433e-137
8.035097521776449098e-138
8.958382197989405202e-139
9.930250058189308739e-140
1.094699945267378726e-140
1.200655865779631687e-141
1.310934062253994829e-142
1.425911640919725260e-143
1.546388714912036308e-144
1.673674186571495936e-145
1.809669647717703744e-146
1.956951652879465785e-147
2.118853153113680793e-148
2.299545100722449316e-149
2.504119035957123407e-150
2.738670753712112552e-151
3.010383868362647048e-152
3.327610257180255001e-153
3.699942059335264621e-154
4.138267328089256272e-155
4.654798867497685279e-156
5.263063606847849264e-157
5.977838509231077895e-158
6.815018927804982597e-159
7.791406943950228032e-160
8.924410910323220714e-161
1.023165344117159482e-161
1.173049356851498806e-162
1.343747967175405797e-163
1.536776283569405737e-164
1.753451498661801762e-165
1.994841168006424679e-166
2.261725460350907562e-167
2.554582219340606485e-168
2.873604641960458905e-169
3.218761773752758828e-170
3.589911642673571204e-171
3.986975526332674016e-172
4.410179451394553706e-173
4.860365524335473853e-174
5.339371163017193416e-175
5.850468932981698598e-176
6.398853805507891777e-177
6.992158666361878768e-178
7.640973313447034600e-179
8.359337529316908457e-180
9.165175643007813484e-181
1.008063880527357073e-181
1.113232240852883692e-182
1.235132998061385951e-183
1.377316160358309371e-184
1.543741439900678026e-185
1.738729461151987378e-186
1.966895482211493752e-187
2.233068512688725112e-188
2.542200283600240306e-189
2.899270036316449791e-190
3.309192442118311712e-191
3.776737039939512713e-192
4.306468301868679981e-193
4.902715744635670882e-194
5.569583375229988384e-195
6.311007202349579722e-196
7.130868611212224471e-197
8.033170165285624550e-198
9.022278959818599061e-199
1.010324110570387365e-199
1.128216935139353944e-200
1.256670431217527532e-201
1.396654829488265175e-202
1.549406927898841392e-203
1.716497122680609536e-204
1.899902554516707843e-205
2.102085725472382026e-206
2.326077836767746472e-207
2.575566036142051738e-208
2.854983780475238304e-209
3.169603657142803783e-210
3.525632311888441515e-211
3.930307641478143890e-212
4.391999148488635607e-213
4.920313316371718457e-214
5.526206998468597929e-215
6.222113031175612874e-216
7.022083438015657770e-217
7.941956507357224265e-218
8.999554497891587636e-219
1.021491854905429038e-219
1.161058637416658097e-220
1.321191637819691189e-221
1.504745894395429778e-222
1.714937185372431598e-223
1.955387236116238595e-224
2.230171362207831255e-225
2.543866845810842703e-226
2.901599926973176938e-227
3.309088988959278447e-228
3.772681384529522855e-229
4.299381444041754900e-230
4.896867578137552115e-231
5.573497083375580078e-232
6.338298316590829319e-233
7.200951351681685525e-234
8.171760087867072643e-235
9.261621042763133143e-236
1.048199671790734822e-236
1.184490442222048624e-237
1.336293469849563720e-238
1.504931689377710326e-239
1.691805277022669886e-240
1.898414213827491556e-241
2.126392702541839301e-242
2.377558254514915119e-243
2.653978304805155210e-244
2.958057096787380017e-245
3.292645270042978131e-246
3.661174062830458119e-247
4.067815290341478763e-248
4.517667285684192556e-249
5.016965815259836986e-250
5.573317649498198381e-251
6.195953053195756317e-252
6.895992050034255947e-253
7.686718028400760229e-254
8.583851224975786677e-255
9.605814000181978748e-256
1.077397977372943244e-256
1.211289821138014210e-257
1.365049098664898423e-258
1.541821553682407177e-259
1.745119930456089166e-260
1.978835520263195666e-261
2.247250294439483929e-262
2.555054570544583149e-263
2.907379849420259686e-264
3.309865726236916836e-265
3.768798599447177765e-266
4.291398713087551025e-267
4.886412618747985623e-268
5.565335546040877927e-269
6.344935578329843709e-270
7.252470467624387973e-271
8.336470494694960309e-272
9.689006384598439017e-273
1.149159288460592565e-273
1.410957745333066025e-274
1.828563581890790214e-275
2.553508664502543990e-276
3.895058851280436718e-277
6.483396133272592973e-278
1.159924417394885967e-278
2.183707539287637937e-279
4.243415296632921455e-280
8.392315687089424906e-281
1.674050985755961514e-281
3.349882085189023069e-282
6.703695186039587971e-283
1.339247501961455781e-283
2.668346738876936526e-284
5.299307176352567973e-285
1.048711749390242903e-285
2.067644757937963162e-286
4.061000291520719656e-287
7.945107087577393523e-288
1.548311595883608917e-288
3.005360870859889399e-289
5.810391764782634845e-290
1.118864129480022295e-290
2.145882977419750401e-291
4.099072696328846304e-292
7.798490887179746692e-293
1.477663378018473793e-293
2.788528987712814906e-294
5.240880940406393211e-295
9.809744210675063786e-296
1.828648009365263533e-296
3.394817059943995829e-297
6.276408858272835117e-298
1.155605029933344873e-298
2.118876791260694367e-299
3.868964888851702539e-300
7.035117883040602978e-301
1.273884810785809942e-301
2.297025382077707905e-302
4.124515398739899199e-303
7.374731133440190919e-304
1.313046746338145476e-304
2.327927797817872631e-305
4.109686700806249260e-306
7.224243281346070244e-307
1.264488774901754541e-307
2.203794379637111483e-308
3.824327973915168847e-309
6.607872049015386971e-310
1.136802459525628567e-310
1.947240967666462557e-311
3.320933003979170257e-312
5.638981137463332583e-313
9.533132930444045128e-314
1.604573010394788817e-314
2.688849353735642668e-315
4.485913744356546631e-316
7.450872089404399520e-317
1.232052489165608190e-317
2.028203704712276426e-318
3.323876038961570251e-319
5.422864528753522069e-320
8.804249808891013417e-321
1.422909060022790047e-321
2.272701970869734103e-322
3.458459520888725809e-323
0.000000000000000000e+00
0.000000000000000000e+00
0.000000000000000000e+00
0.000000000000000000e+00
0.000000000000000000e+00
0.000000000000000000e+00
0.000000000000000000e+00
0.000000000000000000e+00
0.000000000000000000e+00
0.000000000000000000e+00
0.000000000000000000e+00
0.000000000000000000e+00
0.000000000000000000e+00
0.000000000000000000e+00
0.000000000000000000e+00
0.000000000000000000e+00
0.000000000000000000e+00
0.000000000000000000e+00
0.000000000000000000e+00
0.000000000000000000e+00
0.000000000000000000e+00
0.000000000000000000e+00
0.000000000000000000e+00
0.000000000000000000e+00
0.000000000000000000e+00
0.000000000000000000e+00
0.000000000000000000e+00
0.000000000000000000e+00
0.000000000000000000e+00
0.000000000000000000e+00
0.000000000000000000e+00
0.000000000000000000e+00
0.000000000000000000e+00
0.000000000000000000e+00
0.000000000000000000e+00
0.000000000000000000e+00
0.000000000000000000e+00
0.000000000000000000e+00
0.000000000000000000e+00
0.000000000000000000e+00
0.000000000000000000e+00
0.000000000000000000e+00
0.000000000000000000e+00
0.000000000000000000e+00
0.000000000000000000e+00
0.000000000000000000e+00
0.000000000000000000e+00
0.000000000000000000e+00
0.000000000000000000e+00
0.000000000000000000e+00
0.000000000000000000e+00
0.000000000000000000e+00
0.000000000000000000e+00
0.000000000000000000e+00
0.000000000000000000e+00
0.000000000000000000e+00
0.000000000000000000e+00
0.000000000000000000e+00
0.000000000000000000e+00
0.000000000000000000e+00
0.000000000000000000e+00
0.000000000000000000e+00
0.000000000000000000e+00
0.000000000000000000e+00
0.000000000000000000e+00
0.000000000000000000e+00
0.000000000000000000e+00
0.000000000000000000e+00
0.000000000000000000e+00
0.000000000000000000e+00
0.000000000000000000e+00
0.000000000000000000e+00
0.000000000000000000e+00
0.000000000000000000e+00
0.000000000000000000e+00
0.000000000000000000e+00
0.000000000000000000e+00
0.000000000000000000e+00
0.000000000000000000e+00
0.000000000000000000e+00
0.000000000000000000e+00
0.000000000000000000e+00
0.000000000000000000e+00
0.000000000000000000e+00
0.000000000000000000e+00
0.000000000000000000e+00
0.000000000000000000e+00
0.000000000000000000e+00
0.000000000000000000e+00
0.000000000000000000e+00
0.000000000000000000e+00
0.000000000000000000e+00
0.000000000000000000e+00
0.000000000000000000e+00
0.000000000000000000e+00
0.000000000000000000e+00
0.000000000000000000e+00
0.000000000000000000e+00
0.000000000000000000e+00
0.000000000000000000e+00
0.000000000000000000e+00
0.000000000000000000e+00
0.000000000000000000e+00
0.000000000000000000e+00
0.000000000000000000e+00
0.000000000000000000e+00
0.000000000000000000e+00
0.000000000000000000e+00
0.000000000000000000e+00
0.000000000000000000e+00
0.000000000000000000e+00
0.000000000000000000e+00
0.000000000000000000e+00
0.000000000000000000e+00
0.000000000000000000e+00
0.000000000000000000e+00
0.000000000000000000e+00
0.000000000000000000e+00
0.000000000000000000e+00
0.000000000000000000e+00
0.000000000000000000e+00
0.000000000000000000e+00
0.000000000000000000e+00
0.000000000000000000e+00
0.000000000000000000e+00
0.000000000000000000e+00
0.000000000000000000e+00
0.000000000000000000e+00
0.000000000000000000e+00
0.000000000000000000e+00
0.000000000000000000e+00
0.000000000000000000e+00
0.000000000000000000e+00
0.000000000000000000e+00
0.000000000000000000e+00
0.000000000000000000e+00
0.000000000000000000e+00
0.000000000000000000e+00
0.000000000000000000e+00
0.000000000000000000e+00
0.000000000000000000e+00
0.000000000000000000e+00
0.000000000000000000e+00
0.000000000000000000e+00
0.000000000000000000e+00
0.000000000000000000e+00
0.000000000000000000e+00
0.000000000000000000e+00
0.000000000000000000e+00
0.000000000000000000e+00
0.000000000000000000e+00
0.000000000000000000e+00
0.000000000000000000e+00
0.000000000000000000e+00
0.000000000000000000e+00
0.000000000000000000e+00
0.000000000000000000e+00
0.000000000000000000e+00
0.000000000000000000e+00
0.000000000000000000e+00
0.000000000000000000e+00
0.000000000000000000e+00
0.000000000000000000e+00
0.000000000000000000e+00
0.000000000000000000e+00
0.000000000000000000e+00
0.000000000000000000e+00
0.000000000000000000e+00
0.000000000000000000e+00
0.000000000000000000e+00
0.000000000000000000e+00
0.000000000000000000e+00
0.000000000000000000e+00
0.000000000000000000e+00
0.000000000000000000e+00
0.000000000000000000e+00
0.000000000000000000e+00
0.000000000000000000e+00
0.000000000000000000e+00
0.000000000000000000e+00
0.000000000000000000e+00
0.000000000000000000e+00
0.000000000000000000e+00
0.000000000000000000e+00
0.000000000000000000e+00
0.000000000000000000e+00
0.000000000000000000e+00
0.000000000000000000e+00
0.000000000000000000e+00
0.000000000000000000e+00
0.000000000000000000e+00
0.000000000000000000e+00
0.000000000000000000e+00
0.000000000000000000e+00
0.000000000000000000e+00
0.000000000000000000e+00
0.000000000000000000e+00
0.000000000000000000e+00
0.000000000000000000e+00
0.000000000000000000e+00
0.000000000000000000e+00
0.000000000000000000e+00
0.000000000000000000e+00
0.000000000000000000e+00
0.000000000000000000e+00
0.000000000000000000e+00
0.000000000000000000e+00
0.000000000000000000e+00
0.000000000000000000e+00
0.000000000000000000e+00
0.000000000000000000e+00
0.000000000000000000e+00
0.000000000000000000e+00
0.000000000000000000e+00
0.000000000000000000e+00
0.000000000000000000e+00
0.000000000000000000e+00
0.000000000000000000e+00
0.000000000000000000e+00
0.000000000000000000e+00
0.000000000000000000e+00
0.000000000000000000e+00
0.000000000000000000e+00
0.000000000000000000e+00
0.000000000000000000e+00
0.000000000000000000e+00
0.000000000000000000e+00
0.000000000000000000e+00
0.000000000000000000e+00
0.000000000000000000e+00
0.000000000000000000e+00
0.000000000000000000e+00
0.000000000000000000e+00
0.000000000000000000e+00
0.000000000000000000e+00
0.000000000000000000e+00
0.000000000000000000e+00
0.000000000000000000e+00
0.000000000000000000e+00
0.000000000000000000e+00
0.000000000000000000e+00
0.000000000000000000e+00
0.000000000000000000e+00
0.000000000000000000e+00
0.000000000000000000e+00
0.000000000000000000e+00
0.000000000000000000e+00
0.000000000000000000e+00
0.000000000000000000e+00
0.000000000000000000e+00
0.000000000000000000e+00
0.000000000000000000e+00
0.000000000000000000e+00
0.000000000000000000e+00
0.000000000000000000e+00
0.000000000000000000e+00
0.000000000000000000e+00
0.000000000000000000e+00
0.000000000000000000e+00
0.000000000000000000e+00
0.000000000000000000e+00
0.000000000000000000e+00
0.000000000000000000e+00
0.000000000000000000e+00
0.000000000000000000e+00
0.000000000000000000e+00
0.000000000000000000e+00
0.000000000000000000e+00
0.000000000000000000e+00
0.000000000000000000e+00
0.000000000000000000e+00
0.000000000000000000e+00
0.000000000000000000e+00
0.000000000000000000e+00
0.000000000000000000e+00
0.000000000000000000e+00
0.000000000000000000e+00
0.000000000000000000e+00
0.000000000000000000e+00
0.000000000000000000e+00
0.000000000000000000e+00
0.000000000000000000e+00
0.000000000000000000e+00
0.000000000000000000e+00
0.000000000000000000e+00
0.000000000000000000e+00
0.000000000000000000e+00
0.000000000000000000e+00
0.000000000000000000e+00
0.000000000000000000e+00
0.000000000000000000e+00
0.000000000000000000e+00
0.000000000000000000e+00
0.000000000000000000e+00
0.000000000000000000e+00
0.000000000000000000e+00
0.000000000000000000e+00
0.000000000000000000e+00
0.000000000000000000e+00
0.000000000000000000e+00
0.000000000000000000e+00
0.000000000000000000e+00
0.000000000000000000e+00
0.000000000000000000e+00
0.000000000000000000e+00
0.000000000000000000e+00
0.000000000000000000e+00
0.000000000000000000e+00
0.000000000000000000e+00
0.000000000000000000e+00
0.000000000000000000e+00
0.000000000000000000e+00
0.000000000000000000e+00
0.000000000000000000e+00
0.000000000000000000e+00
0.000000000000000000e+00
0.000000000000000000e+00
0.000000000000000000e+00
0.000000000000000000e+00
0.000000000000000000e+00
0.000000000000000000e+00
0.000000000000000000e+00
0.000000000000000000e+00
0.000000000000000000e+00
0.000000000000000000e+00
0.000000000000000000e+00
0.000000000000000000e+00
0.000000000000000000e+00
0.000000000000000000e+00
0.000000000000000000e+00
0.000000000000000000e+00
0.000000000000000000e+00
0.000000000000000000e+00
0.000000000000000000e+00
0.000000000000000000e+00
0.000000000000000000e+00
0.000000000000000000e+00
0.000000000000000000e+00
0.000000000000000000e+00
0.000000000000000000e+00
0.000000000000000000e+00
0.000000000000000000e+00
0.000000000000000000e+00
0.000000000000000000e+00
0.000000000000000000e+00
0.000000000000000000e+00
0.000000000000000000e+00
0.000000000000000000e+00
0.000000000000000000e+00
0.000000000000000000e+00
0.000000000000000000e+00
0.000000000000000000e+00
0.000000000000000000e+00
0.000000000000000000e+00
0.000000000000000000e+00
0.000000000000000000e+00
0.000000000000000000e+00
0.000000000000000000e+00
0.000000000000000000e+00
0.000000000000000000e+00
0.000000000000000000e+00
0.000000000000000000e+00
0.000000000000000000e+00
0.000000000000000000e+00
0.000000000000000000e+00
0.000000000000000000e+00
0.000000000000000000e+00
0.000000000000000000e+00
0.000000000000000000e+00
0.000000000000000000e+00
0.000000000000000000e+00
0.000000000000000000e+00
0.000000000000000000e+00
0.000000000000000000e+00
0.000000000000000000e+00
0.000000000000000000e+00
0.000000000000000000e+00
0.000000000000000000e+00
0.000000000000000000e+00
0.000000000000000000e+00
0.000000000000000000e+00
0.000000000000000000e+00
0.000000000000000000e+00
0.000000000000000000e+00
0.000000000000000000e+00
0.000000000000000000e+00
0.000000000000000000e+00
0.000000000000000000e+00
0.000000000000000000e+00
0.000000000000000000e+00
0.000000000000000000e+00
0.000000000000000000e+00
0.000000000000000000e+00
0.000000000000000000e+00
0.000000000000000000e+00
0.000000000000000000e+00
0.000000000000000000e+00
0.000000000000000000e+00
0.000000000000000000e+00
0.000000000000000000e+00
0.000000000000000000e+00
0.000000000000000000e+00
0.000000000000000000e+00
0.000000000000000000e+00
0.000000000000000000e+00
0.000000000000000000e+00
0.000000000000000000e+00
0.000000000000000000e+00
0.000000000000000000e+00
0.000000000000000000e+00
0.000000000000000000e+00
0.000000000000000000e+00
0.000000000000000000e+00
0.000000000000000000e+00
0.000000000000000000e+00
0.000000000000000000e+00
0.000000000000000000e+00
0.000000000000000000e+00
0.000000000000000000e+00
0.000000000000000000e+00
0.000000000000000000e+00
0.000000000000000000e+00
0.000000000000000000e+00
0.000000000000000000e+00
0.000000000000000000e+00
0.000000000000000000e+00
0.000000000000000000e+00
0.000000000000000000e+00
0.000000000000000000e+00
0.000000000000000000e+00
0.000000000000000000e+00
0.000000000000000000e+00
0.000000000000000000e+00
0.000000000000000000e+00
0.000000000000000000e+00
0.000000000000000000e+00
0.000000000000000000e+00
0.000000000000000000e+00
0.000000000000000000e+00
0.000000000000000000e+00
0.000000000000000000e+00
0.000000000000000000e+00
0.000000000000000000e+00
0.000000000000000000e+00
0.000000000000000000e+00
0.000000000000000000e+00
0.000000000000000000e+00
0.000000000000000000e+00
0.000000000000000000e+00
0.000000000000000000e+00
0.000000000000000000e+00
0.000000000000000000e+00
0.000000000000000000e+00
0.000000000000000000e+00
0.000000000000000000e+00
0.000000000000000000e+00
0.000000000000000000e+00
0.000000000000000000e+00
0.000000000000000000e+00
0.000000000000000000e+00
0.000000000000000000e+00
0.000000000000000000e+00
0.000000000000000000e+00
0.000000000000000000e+00
0.000000000000000000e+00
0.000000000000000000e+00
0.000000000000000000e+00
0.000000000000000000e+00
0.000000000000000000e+00
0.000000000000000000e+00
0.000000000000000000e+00
0.000000000000000000e+00
0.000000000000000000e+00
0.000000000000000000e+00
0.000000000000000000e+00
0.000000000000000000e+00
0.000000000000000000e+00
0.000000000000000000e+00
0.000000000000000000e+00
0.000000000000000000e+00
0.000000000000000000e+00
0.000000000000000000e+00
0.000000000000000000e+00
0.000000000000000000e+00
0.000000000000000000e+00
0.000000000000000000e+00
0.000000000000000000e+00
0.000000000000000000e+00
0.000000000000000000e+00
0.000000000000000000e+00
0.000000000000000000e+00
0.000000000000000000e+00
0.000000000000000000e+00
0.000000000000000000e+00
0.000000000000000000e+00
0.000000000000000000e+00
0.000000000000000000e+00
0.000000000000000000e+00
0.000000000000000000e+00
0.000000000000000000e+00
0.000000000000000000e+00
0.000000000000000000e+00
0.000000000000000000e+00
0.000000000000000000e+00
0.000000000000000000e+00
0.000000000000000000e+00
0.000000000000000000e+00
0.000000000000000000e+00
0.000000000000000000e+00
0.000000000000000000e+00
0.000000000000000000e+00
0.000000000000000000e+00
0.000000000000000000e+00
0.000000000000000000e+00
0.000000000000000000e+00
0.000000000000000000e+00
0.000000000000000000e+00
0.000000000000000000e+00
0.000000000000000000e+00
0.000000000000000000e+00
0.000000000000000000e+00
0.000000000000000000e+00
0.000000000000000000e+00
0.000000000000000000e+00
0.000000000000000000e+00
0.000000000000000000e+00
0.000000000000000000e+00
0.000000000000000000e+00
0.000000000000000000e+00
0.000000000000000000e+00
0.000000000000000000e+00
0.000000000000000000e+00
0.000000000000000000e+00
0.000000000000000000e+00
0.000000000000000000e+00
0.000000000000000000e+00
0.000000000000000000e+00
0.000000000000000000e+00
0.000000000000000000e+00
0.000000000000000000e+00
0.000000000000000000e+00
0.000000000000000000e+00
0.000000000000000000e+00
0.000000000000000000e+00
0.000000000000000000e+00
0.000000000000000000e+00
0.000000000000000000e+00
0.000000000000000000e+00
0.000000000000000000e+00
0.000000000000000000e+00
0.000000000000000000e+00
0.000000000000000000e+00
0.000000000000000000e+00
0.000000000000000000e+00
0.000000000000000000e+00
0.000000000000000000e+00
0.000000000000000000e+00
0.000000000000000000e+00
0.000000000000000000e+00
0.000000000000000000e+00
0.000000000000000000e+00
0.000000000000000000e+00
0.000000000000000000e+00
0.000000000000000000e+00
0.000000000000000000e+00
0.000000000000000000e+00
0.000000000000000000e+00
0.000000000000000000e+00
0.000000000000000000e+00
0.000000000000000000e+00
0.000000000000000000e+00
0.000000000000000000e+00
0.000000000000000000e+00
0.000000000000000000e+00
0.000000000000000000e+00
0.000000000000000000e+00
0.000000000000000000e+00
0.000000000000000000e+00
0.000000000000000000e+00
0.000000000000000000e+00
0.000000000000000000e+00
0.000000000000000000e+00
0.000000000000000000e+00
0.000000000000000000e+00
0.000000000000000000e+00
0.000000000000000000e+00
0.000000000000000000e+00
0.000000000000000000e+00
0.000000000000000000e+00
0.000000000000000000e+00
0.000000000000000000e+00
0.000000000000000000e+00
0.000000000000000000e+00
0.000000000000000000e+00
0.000000000000000000e+00
0.000000000000000000e+00
0.000000000000000000e+00
0.000000000000000000e+00
0.000000000000000000e+00
0.000000000000000000e+00
0.000000000000000000e+00
0.000000000000000000e+00
0.000000000000000000e+00
0.000000000000000000e+00
0.000000000000000000e+00
0.000000000000000000e+00
0.000000000000000000e+00
0.000000000000000000e+00
0.000000000000000000e+00
0.000000000000000000e+00
0.000000000000000000e+00
0.000000000000000000e+00
0.000000000000000000e+00
0.000000000000000000e+00
0.000000000000000000e+00
0.000000000000000000e+00
0.000000000000000000e+00
0.000000000000000000e+00
0.000000000000000000e+00
0.000000000000000000e+00
0.000000000000000000e+00
0.000000000000000000e+00
0.000000000000000000e+00
0.000000000000000000e+00
0.000000000000000000e+00
0.000000000000000000e+00
0.000000000000000000e+00
0.000000000000000000e+00
0.000000000000000000e+00
0.000000000000000000e+00
0.000000000000000000e+00
0.000000000000000000e+00
0.000000000000000000e+00
0.000000000000000000e+00
0.000000000000000000e+00
0.000000000000000000e+00
0.000000000000000000e+00
0.000000000000000000e+00
0.000000000000000000e+00
0.000000000000000000e+00
0.000000000000000000e+00
0.000000000000000000e+00
0.000000000000000000e+00
0.000000000000000000e+00
0.000000000000000000e+00
0.000000000000000000e+00
0.000000000000000000e+00
0.000000000000000000e+00
0.000000000000000000e+00
0.000000000000000000e+00
0.000000000000000000e+00
0.000000000000000000e+00
0.000000000000000000e+00
0.000000000000000000e+00
0.000000000000000000e+00
0.000000000000000000e+00
0.000000000000000000e+00
0.000000000000000000e+00
0.000000000000000000e+00
0.000000000000000000e+00
0.000000000000000000e+00
0.000000000000000000e+00
0.000000000000000000e+00
0.000000000000000000e+00
0.000000000000000000e+00
0.000000000000000000e+00
0.000000000000000000e+00
0.000000000000000000e+00
0.000000000000000000e+00
0.000000000000000000e+00
0.000000000000000000e+00
0.000000000000000000e+00
0.000000000000000000e+00
0.000000000000000000e+00
0.000000000000000000e+00
0.000000000000000000e+00
0.000000000000000000e+00
0.000000000000000000e+00
0.000000000000000000e+00
0.000000000000000000e+00
0.000000000000000000e+00
0.000000000000000000e+00
0.000000000000000000e+00
0.000000000000000000e+00
0.000000000000000000e+00
0.000000000000000000e+00
0.000000000000000000e+00
0.000000000000000000e+00
0.000000000000000000e+00
0.000000000000000000e+00
0.000000000000000000e+00
0.000000000000000000e+00
0.000000000000000000e+00
0.000000000000000000e+00
0.000000000000000000e+00
0.000000000000000000e+00
0.000000000000000000e+00
0.000000000000000000e+00
0.000000000000000000e+00
0.000000000000000000e+00
0.000000000000000000e+00
0.000000000000000000e+00
0.000000000000000000e+00
0.000000000000000000e+00
0.000000000000000000e+00
0.000000000000000000e+00
0.000000000000000000e+00
0.000000000000000000e+00
0.000000000000000000e+00
0.000000000000000000e+00
0.000000000000000000e+00
0.000000000000000000e+00
0.000000000000000000e+00
0.000000000000000000e+00
0.000000000000000000e+00
0.000000000000000000e+00
0.000000000000000000e+00
0.000000000000000000e+00
0.000000000000000000e+00
0.000000000000000000e+00
0.000000000000000000e+00
