2.140844422116764678e-01
2.820942077132875675e-02
1.005918061893304287e-02
6.940627926186088321e-03
6.661614568293769412e-03
6.979776396464556533e-03
7.392140323370865844e-03
7.790540470615802716e-03
8.158898617636337405e-03
8.499610642178695094e-03
8.816876682464856729e-03
9.113779334116525049e-03
9.392234410949232282e-03
9.653335357935241209e-03
9.897639141413948002e-03
1.012536090945270750e-02
1.033650501556336587e-02
1.053095586965347580e-02
1.070854280994108787e-02
1.086908713231670223e-02
1.101243608416183073e-02
1.113848686532736658e-02
1.124720273577205741e-02
1.133862280677777959e-02
1.141286678292426429e-02
1.147013571797301026e-02
1.151070969498245618e-02
1.153494321277135498e-02
1.154325894545959498e-02
1.153614043499532303e-02
1.151412417762602558e-02
1.147779147485033895e-02
1.142776033839926556e-02
1.136467766785254248e-02
1.128921185876887584e-02
1.120204594841610855e-02
1.110387136469772294e-02
1.099538231080919234e-02
1.087727079251593620e-02
1.075022227566752898e-02
1.061491194762688613e-02
1.047200154673269198e-02
1.032213671786795864e-02
1.016594484891766501e-02
1.000403334172039749e-02
9.836988271512895135e-03
9.665373390391389027e-03
9.489729432614016358e-03
9.310573682367788081e-03
9.128399767701585177e-03
8.943677647524706301e-03
8.756853761764396560e-03
8.568351317882820853e-03
8.378570689914047881e-03
8.187889908957751359e-03
7.996665226637130960e-03
7.805231735385169574e-03
7.613904031564544712e-03
7.422976909358508166e-03
7.232726075102903149e-03
7.043408873273604605e-03
6.855265016717086192e-03
6.668517314923371776e-03
6.483372395209724588e-03
6.300021412621504072e-03
6.118640745175937291e-03
5.939392671790642148e-03
5.762426030858637006e-03
5.587876857969108386e-03
5.415869001734836471e-03
5.246514717082866042e-03
5.079915235700839873e-03
4.916161313615012053e-03
4.755333756111290375e-03
4.597503920406224506e-03
4.442734196630696367e-03
4.291078467813787961e-03
4.142582549648991808e-03
3.997284610893364794e-03
3.855215575297202182e-03
3.716399505987193121e-03
3.580853973236309412e-03
3.448590406547290266e-03
3.319614431959340504e-03
3.193926195459092631e-03
3.071520673340371200e-03
2.952387970314126250e-03
2.836513606121577550e-03
2.723878791351776966e-03
2.614460693110886268e-03
2.508232691135326483e-03
2.405164624885765094e-03
2.305223032104668224e-03
2.208371379267531215e-03
2.114570284307175103e-03
2.023777731943196198e-03
1.935949281903528475e-03
1.851038270284431284e-03
1.768996004257313362e-03
1.689771950297109518e-03
1.613313916077047669e-03
1.539568226148281148e-03
1.468479891500288920e-03
1.399992773079142879e-03
1.334049739325040337e-03
1.270592817778145624e-03
1.209563340792459011e-03
1.150902085390874364e-03
1.094549407290266400e-03
1.040445369123965203e-03
9.885298628887831396e-04
9.387427266459557598e-04
8.910238555086960133e-04
8.453133069538041602e-04
8.015514005006447572e-04
7.596788118073112203e-04
7.196366612413464606e-04
6.813665969898767853e-04
6.448108727823753444e-04
6.099124203073778751e-04
5.766149164127774016e-04
5.448628451875561340e-04
5.146015550307126351e-04
4.857773108208933367e-04
4.583373413075093948e-04
4.322298818509988654e-04
4.074042126462665259e-04
3.838106925691603323e-04
3.614007887911456301e-04
3.401271023119115653e-04
3.199433895637932208e-04
3.008045802452458963e-04
2.826667915434517625e-04
2.654873389082290777e-04
2.492247435411091465e-04
2.338387367642540907e-04
2.192902614343421341e-04
2.055414705663638454e-04
1.925557233314641040e-04
1.802975785918031022e-04
1.687327861336186479e-04
1.578282757574902412e-04
1.475521443821997312e-04
1.378736413155837268e-04
1.287631518423411098e-04
1.201921792751328016e-04
1.121333256112356114e-04
1.045602709328107341e-04
9.744775168426857159e-05
9.077153795559958374e-05
8.450840989556021371e-05
7.863613337370034615e-05
7.313343500494446595e-05
6.797997664537598899e-05
6.315632946245920275e-05
5.864394767766581391e-05
5.442514207420311851e-05
5.048305335709301993e-05
4.680162544766647834e-05
4.336557878930017443e-05
4.016038373595031172e-05
3.717223409006597818e-05
3.438802085142943259e-05
3.179530623358319951e-05
2.938229799977695869e-05
2.713782416577878657e-05
2.505130811234793314e-05
2.311274414596786321e-05
2.131267354217949395e-05
1.964216110196565990e-05
1.809277224772290750e-05
1.665655068183637138e-05
1.532599662730517161e-05
1.409404566665737160e-05
1.295404819224245671e-05
1.189974947813463831e-05
1.092527038102543836e-05
1.002508867505382434e-05
9.194021022987713054e-06
8.427205584091624721e-06
7.720085256810172491e-06
7.068391552622955263e-06
6.468129095656504046e-06
5.915560741019166186e-06
5.407193303436123326e-06
4.939763886475384733e-06
4.510226801480611316e-06
4.115741064295097943e-06
3.753658457017736153e-06
3.421512141205909979e-06
3.117005808270991963e-06
2.838003352314920138e-06
2.582519050123304824e-06
2.348708232716372462e-06
2.134858432548849897e-06
1.939380990297747629e-06
1.760803105005118281e-06
1.597760311326701559e-06
1.448989367656365924e-06
1.313321538936135285e-06
1.189676258120319205e-06
1.077055150433140217e-06
9.745364047522997983e-07
8.812694767427261944e-07
7.964701086359168730e-07
7.194156508759630025e-07
6.494406712015133960e-07
5.859328371083902278e-07
5.283290580252581429e-07
4.761118739333705502e-07
4.288060775855108860e-07
3.859755579121058787e-07
3.472203526171489081e-07
3.121738984266774688e-07
2.805004678884001872e-07
2.518927820456668758e-07
2.260697887730673145e-07
2.027745969809723129e-07
1.817725573301756169e-07
1.628494805259820745e-07
1.458099846817445012e-07
1.304759636380669095e-07
1.166851685302590524e-07
1.042898953080054714e-07
9.315577123771587279e-08
8.316063384641416799e-08
7.419349607498583562e-08
6.615359176825006538e-08
5.894949598113968640e-08
5.249831485396819378e-08
4.672494015453794903e-08
4.156136386590209240e-08
3.694604846655169065e-08
3.282334884282421980e-08
2.914298199841395978e-08
2.585954100524645644e-08
2.293204983076326963e-08
2.032355594190944282e-08
1.800075773794629588e-08
1.593366413765306568e-08
1.409528374405928987e-08
1.246134126339463687e-08
1.101001897847266766e-08
9.721721230457582363e-09
8.578860057075196210e-09
7.565660200778476810e-09
6.667981890710136114e-09
5.873159900779647074e-09
5.169857493796201862e-09
4.547933986196024065e-09
3.998324730737385278e-09
3.512932470244072283e-09
3.084529030824359015e-09
2.706666443527694099e-09
2.373596670591155384e-09
2.080199123165518173e-09
1.821915301512715646e-09
1.594689868190769514e-09
1.394917592366419384e-09
1.219395583439230359e-09
1.065280355895282491e-09
9.300492273408634066e-10
8.114656732010768214e-10
7.075482280962285962e-10
6.165426140831706788e-10
5.368967649114991600e-10
4.672384597589531555e-10
4.063553351660457884e-10
3.531769931056215338e-10
3.067590415260164991e-10
2.662688370397563384e-10
2.309727671057406749e-10
2.002249298479355336e-10
1.734570376387429270e-10
1.501694417403254500e-10
1.299231481468505473e-10
1.123327251077158641e-10
9.706000413866907599e-11
8.380849215963806585e-11
7.231841772295003867e-11
6.236234320874996867e-11
5.374128058346265232e-11
4.628125543039490833e-11
3.983026798348096985e-11
3.425561419563780617e-11
2.944151542620007320e-11
2.528703470514786628e-11
2.170423112779559152e-11
1.861654681878051506e-11
1.595737724571902573e-11
1.366881991922394750e-11
1.170057002181334900e-11
1.000896161570437079e-11
8.556110975321534695e-12
7.309180239096885802e-12
6.239722044942334568e-12
5.323110176078624560e-12
4.538045770839000426e-12
3.866115868575120697e-12
3.291416429858833958e-12
2.800220091301398985e-12
2.380687629011858150e-12
2.022613510987067686e-12
1.717208565239696393e-12
1.456908684748717865e-12
1.235208144128696738e-12
1.046516008860756481e-12
8.860311574211757398e-13
7.496332299548658413e-13
6.337892892887522870e-13
5.354715256303160809e-13
4.520885996965491607e-13
3.814209078765062538e-13
3.215725821313620410e-13
2.709235099847384646e-13
2.280909823073189313e-13
1.918935173130933598e-13
1.613263437535221213e-13
1.355309687277699582e-13
1.137794816674740003e-13
9.545026410711377043e-14
8.001684664205336942e-14
6.703025065594769885e-14
5.611115344074417433e-14
4.693715970399328027e-14
3.923474524841315547e-14
3.277253442354867192e-14
2.735451753677162369e-14
2.281558516949735570e-14
1.901642668426659548e-14
1.583822009049916792e-14
1.318134348083323423e-14
1.096252387320539882e-14
9.109382147626435206e-15
7.564645681399329944e-15
6.276859150049981590e-15
5.204838305373032497e-15
4.312826513799044615e-15
3.570930452077470464e-15
2.954357126370975047e-15
2.442224549142646683e-15
2.017295341997539299e-15
1.665403435443075734e-15
1.373547777275796669e-15
1.132054259469632984e-15
9.321422536176782320e-16
7.673310637962798981e-16
6.308501488838478624e-16
5.183721777374138845e-16
4.257378278562773314e-16
3.490373927286404114e-16
2.862673445910903507e-16
2.341059296530018455e-16
1.916147993178341544e-16
1.566089854665496993e-16
1.279344494825285480e-16
1.044589764648969516e-16
8.526922490435897929e-17
6.926500565384119979e-17
5.641697682576544280e-17
4.572751834144162406e-17
3.741254925595094606e-17
3.052898324588277543e-17
2.466838609860456664e-17
2.009453111305932839e-17
1.649375678807379529e-17
1.330233408361413996e-17
1.062912352513892785e-17
8.903239570060990048e-18
7.061994658192827492e-18
5.777621315459772676e-18
4.543064945235750107e-18
3.971259682863573399e-18
2.903271203137147431e-18
2.449047169814583415e-18
2.029282259005001170e-18
1.703545166255059483e-18
1.165612321922794293e-18
9.819307013288864101e-19
8.644527528811131554e-19
7.917669550911541231e-19
7.992991205332924643e-19
5.177329045492062731e-19
4.073607147485635893e-19
3.359960255906108465e-19
2.813144506774683258e-19
5.614676424576966266e-19
2.557453443416940943e-19
2.684163719807939684e-19
1.661893542748112297e-19
5.962977252998114070e-20
2.403898028103434070e-19
4.992547063006562816e-20
3.828369757725214906e-19
2.605381804837782510e-19
1.587259468265107770e-19
9.982766618834118691e-20
8.589820556526927421e-20
8.039392782011801216e-20
0.000000000000000000e+00
0.000000000000000000e+00
0.000000000000000000e+00
6.195781162849644180e-20
6.305716720164490108e-20
6.110979584935077691e-20
1.398360863521085532e-19
6.427592748999215313e-20
9.701619018494781882e-20
1.421481938914829508e-19
0.000000000000000000e+00
4.976176682139863550e-20
2.519450931085990506e-19
1.598082323957299664e-19
0.000000000000000000e+00
8.834223397732264156e-20
1.764117787153497401e-19
2.288392956158156303e-19
7.476274840194995147e-20
0.000000000000000000e+00
1.264919925334538649e-19
1.393605195849105993e-19
6.043649135430542195e-20
2.109782405818408588e-19
1.913814432300185458e-19
2.714823339907436774e-19
1.620779256156794979e-19
1.434673075378884366e-19
6.428121137261607619e-20
0.000000000000000000e+00
8.789493804566237712e-20
1.774590416407633586e-19
1.488598004082799143e-19
3.024662208957621406e-19
2.877418778369481940e-19
5.187003970829835893e-21
2.967468014719947975e-19
2.034892525668006260e-19
1.986045322674860261e-19
7.749794969405722543e-20
2.635974917853441092e-19
2.075889554347919597e-19
2.429313269407062597e-19
8.617278308186766616e-20
6.638155522702304779e-20
2.247190460243434324e-19
1.642531604242048658e-19
2.790206513038788097e-19
1.328270676914005789e-19
1.971036750452142598e-19
0.000000000000000000e+00
1.841885108145115603e-19
8.045825596316321775e-20
3.907052122057681679e-19
1.871902662133931334e-19
2.253498588417744458e-21
0.000000000000000000e+00
1.823917591971552579e-19
0.000000000000000000e+00
1.014527446417324805e-19
1.488718549428568648e-19
2.340171378290950982e-19
1.724781480694770605e-21
5.944265825959007582e-20
5.932536452151973501e-20
1.388123918436457534e-19
3.092589666907015393e-19
2.087977680839575679e-19
0.000000000000000000e+00
2.585463174223012686e-19
2.430647115160184042e-19
7.616733471561686901e-20
1.009632345829225983e-19
2.250739957806903880e-19
3.194414299907395429e-19
2.104295442397069636e-19
0.000000000000000000e+00
0.000000000000000000e+00
1.354839944000816972e-19
1.464802993631657961e-19
0.000000000000000000e+00
1.747218870792133756e-19
6.841078190469409381e-20
5.581247969741174973e-20
5.285709065769740318e-20
1.320890873193695644e-19
0.000000000000000000e+00
1.280893977028448536e-19
5.631952250961643704e-20
0.000000000000000000e+00
1.238393233476703757e-19
1.736447405918188586e-19
2.604460108186031758e-19
2.297546962661896479e-19
6.553087593615586415e-20
4.120794318776219583e-19
8.514662325718808524e-20
5.271011001585853147e-20
8.808184351681963703e-20
0.000000000000000000e+00
0.000000000000000000e+00
4.151624632782055668e-20
8.263762003003563007e-20
0.000000000000000000e+00
1.196435209459420250e-19
3.710610372662802893e-19
1.955304626556816479e-19
2.208122153844920391e-19
0.000000000000000000e+00
4.210344327198483588e-20
4.158421069786217748e-20
2.024659344848731344e-19
5.648527693627886429e-20
4.244476825154066942e-20
1.206420137745286958e-19
0.000000000000000000e+00
0.000000000000000000e+00
3.990324241117791237e-19
0.000000000000000000e+00
0.000000000000000000e+00
3.532540909547977861e-20
1.164458740144481362e-19
4.270349121825207414e-20
1.972912469386870841e-19
9.014820360425947550e-20
0.000000000000000000e+00
0.000000000000000000e+00
0.000000000000000000e+00
0.000000000000000000e+00
0.000000000000000000e+00
1.081542228373132284e-19
3.499505899970877360e-20
2.798688513262794591e-20
0.000000000000000000e+00
1.453287918104097924e-19
3.564736120557616480e-20
2.556018516809616017e-20
6.396643761226980762e-20
1.484459976346039659e-19
7.482718900599413242e-20
0.000000000000000000e+00
4.670942925204165141e-19
1.435829058740172999e-19
1.188562269823220364e-19
2.376536587440376194e-19
2.084585110293705647e-19
4.575873998338599140e-20
3.229301846405798670e-20
7.076348950766828069e-20
3.405025934934095558e-20
3.004809136341321801e-20
1.908600618819390393e-19
1.202581307875774587e-19
2.394948851266328672e-19
4.781281729251085836e-20
1.944442733810703674e-19
1.251421821476683380e-19
3.948621036471088071e-20
3.212788325810362914e-20
3.059075420554278610e-20
2.968972459627733307e-20
2.716316819544687947e-19
1.698394870518858390e-19
4.236575464033582494e-20
3.553126138731831340e-19
5.656052539497753343e-20
7.539354865243662503e-20
3.191999733860703184e-19
1.359657841708824330e-19
2.449558790704375936e-19
1.727783223050934436e-19
0.000000000000000000e+00
1.160863405219411413e-19
1.627129575989271884e-19
0.000000000000000000e+00
1.963928133035937296e-19
3.706249183162433129e-19
0.000000000000000000e+00
0.000000000000000000e+00
7.460689324321463848e-20
3.808404708298942721e-20
2.769740389312815522e-19
3.752097765439531799e-19
0.000000000000000000e+00
0.000000000000000000e+00
1.147588327546451612e-19
1.208426887415276741e-19
2.403458737712357771e-19
8.931492338156151680e-20
3.938357658086397858e-20
1.150433750150013571e-19
3.620275373066956505e-20
1.536242390628975162e-19
3.994485913568270131e-20
0.000000000000000000e+00
1.095571852652624837e-19
1.553736154260659662e-19
0.000000000000000000e+00
0.000000000000000000e+00
1.065506410990579043e-19
0.000000000000000000e+00
1.862477077808700003e-19
3.483519497333099017e-20
0.000000000000000000e+00
0.000000000000000000e+00
0.000000000000000000e+00
0.000000000000000000e+00
0.000000000000000000e+00
9.866055552699343497e-20
2.261185341299314219e-20
1.751537592176777726e-20
1.780349077174966654e-19
2.594053385937451251e-20
0.000000000000000000e+00
1.362097377738553203e-19
2.254192779075462601e-20
1.557088579346425862e-20
1.356620880914150425e-19
1.834684678613995272e-19
2.512096028051658326e-20
0.000000000000000000e+00
1.412345284943169563e-20
2.161969893859403400e-19
1.474705899438504387e-19
0.000000000000000000e+00
9.637374024111662917e-20
1.975820422320670419e-20
4.201644463457515193e-19
3.915765710970650252e-20
3.032577249609623322e-19
0.000000000000000000e+00
0.000000000000000000e+00
2.613236527787956053e-19
0.000000000000000000e+00
2.041641271102234165e-20
1.409984671111029866e-19
1.071984249311728217e-19
1.056921084088059840e-19
1.865444489425119797e-19
4.340019871588853494e-19
2.870040282067393432e-19
3.915187579058940241e-20
0.000000000000000000e+00
0.000000000000000000e+00
3.468172939960121265e-19
2.025967209205738418e-19
1.143566629732279450e-19
3.542634886784809769e-19
0.000000000000000000e+00
2.299220212715888308e-19
7.774684222362154919e-20
2.331002339116747887e-19
0.000000000000000000e+00
1.083912057062707577e-19
1.116056485646929359e-19
2.900706184629798196e-20
0.000000000000000000e+00
2.368157478856186147e-20
3.467474163215046769e-19
2.000024683530659764e-19
0.000000000000000000e+00
0.000000000000000000e+00
1.837679728749319346e-19
0.000000000000000000e+00
0.000000000000000000e+00
2.221818431609311814e-19
1.503755719441927543e-19
0.000000000000000000e+00
1.006522590889670061e-19
1.844125031903516500e-19
1.072136015538501552e-19
0.000000000000000000e+00
0.000000000000000000e+00
1.710060189383230838e-20
3.402455185385970657e-19
3.019114727883449466e-20
1.397580030561413846e-19
2.213279325926199084e-20
1.703200787509922605e-20
5.632400664052414963e-20
1.715359767372647076e-20
5.516567847319852403e-20
5.630216437581352739e-20
1.369027685243384089e-19
9.922729841545750355e-20
0.000000000000000000e+00
0.000000000000000000e+00
1.183564731163679754e-20
1.130012442734647412e-20
9.153403939766028142e-20
2.559693939191003871e-19
1.007036390786755309e-19
1.365151566570389654e-20
1.728795802628656684e-19
2.189640797761361761e-19
0.000000000000000000e+00
1.213586333680901314e-20
5.185662737913522056e-20
1.341152149674664706e-19
5.599016659731998310e-20
9.413781134874115379e-20
9.487694850276238513e-20
0.000000000000000000e+00
0.000000000000000000e+00
9.094783931734058709e-20
1.338621324056765021e-19
1.422454708705896855e-20
9.111184945254949070e-20
1.107412405718707290e-20
3.734419705624707112e-19
2.103614458700832900e-20
0.000000000000000000e+00
1.718269100667018279e-19
2.172739918991496376e-19
1.724547734030064203e-20
1.149293836895823447e-20
2.938680034967365636e-19
0.000000000000000000e+00
0.000000000000000000e+00
3.747987706279607448e-19
6.194781870006208966e-20
1.421061934960145893e-20
2.142464143965178499e-19
2.197209594592499049e-19
1.802861503447488096e-19
1.783996507846836030e-20
1.340021000085339345e-20
1.338807465236186430e-19
2.582195660931686260e-19
2.617957738551980510e-19
3.032131888097102343e-19
3.051328967725143782e-19
0.000000000000000000e+00
1.583791175271640865e-20
2.172637801002256038e-19
0.000000000000000000e+00
3.787209043486765615e-19
0.000000000000000000e+00
1.768802175157513062e-19
0.000000000000000000e+00
2.566626449868003630e-19
3.022167782243190490e-19
1.825760127672353136e-19
0.000000000000000000e+00
1.760929654135140393e-19
9.804360998645794417e-20
1.772379698434098299e-19
3.404014471317995473e-19
1.417875497142920629e-19
1.788203290414615239e-19
1.728294269724099209e-20
1.368726794988208334e-20
1.255566570146993834e-20
1.154999347551597632e-20
1.319430057433592591e-19
0.000000000000000000e+00
1.306571044132373008e-19
1.087510735688333860e-20
2.510673302183192518e-19
0.000000000000000000e+00
0.000000000000000000e+00
1.284632151663571059e-19
8.808817480033859307e-21
8.747223780269490044e-20
0.000000000000000000e+00
4.607743032178670113e-20
5.916704613195251454e-21
4.777367744276513847e-21
8.514900410711424650e-20
4.594689795604480967e-21
2.868411664748156372e-19
0.000000000000000000e+00
4.220094049644387151e-21
0.000000000000000000e+00
3.271080147051341505e-19
0.000000000000000000e+00
8.527826342367082137e-20
1.665054135152408508e-19
2.484490436417231207e-19
0.000000000000000000e+00
2.071665787814041217e-19
1.689883185618052548e-19
2.499190758314991210e-19
0.000000000000000000e+00
1.272195301901708950e-19
6.828413802403183375e-21
4.576922918804300802e-20
0.000000000000000000e+00
4.301727038855610445e-21
4.489093202775032654e-19
8.101632660109988075e-21
8.560788189454904661e-20
4.899394779861215810e-21
0.000000000000000000e+00
4.382705110427993049e-20
0.000000000000000000e+00
2.858941269487373216e-19
4.726157849684968970e-21
8.382300244016314964e-20
2.459574019059133186e-19
2.876696305999675344e-19
5.146660909581151396e-21
8.442898820502846468e-20
4.383387186135169099e-20
3.062020892389644711e-21
0.000000000000000000e+00
1.938409285223228227e-21
1.527604909264714335e-21
2.035191812102730113e-19
4.250501262419538261e-20
1.634074871760794818e-19
8.290674369213931949e-20
1.635919416015153490e-19
1.820917450013262390e-21
2.845593329296852786e-19
2.044347532049280599e-19
2.064545956414586053e-21
1.227961491115990718e-19
2.846732422285038840e-19
0.000000000000000000e+00
4.142455783226429491e-20
8.162847994584271633e-20
4.761485578966577619e-22
3.644058853879864036e-19
4.668587373264825360e-23
7.028467656795074111e-24
8.171379152212600848e-25
7.881920484430817368e-26
7.338027028067017200e-27
6.989690881445634831e-28
7.522260026900562265e-29
9.149858580910634904e-30
1.156242220110776070e-30
1.374347927479817787e-31
1.523671435704754038e-32
1.662069468805948291e-33
1.869011546312057689e-34
2.162169110391869827e-35
2.497798471697513177e-36
2.811786215694505006e-37
3.068769190827795394e-38
3.234240405710891836e-39
3.311635002366265629e-40
3.350418276874977063e-41
3.439333993781847747e-42
3.679826187349500079e-43
4.161218906674449465e-44
4.949915955519476707e-45
6.088812288765437666e-46
7.600223100678806335e-47
9.488620201011542905e-48
1.174049047305310867e-48
1.432067172287473835e-49
1.716940858954060496e-50
2.020689481175660508e-51
2.334743966992090736e-52
2.651679311678695061e-53
2.966216421377203814e-54
3.274960113032829811e-55
3.575340700921155237e-56
3.864814044742279579e-57
4.141082347852035225e-58
4.403254114767343234e-59
4.653200064560491003e-60
4.896341320510896270e-61
5.141601208615285132e-62
5.400784523105927510e-63
5.687834877196234434e-64
6.018239503386914788e-65
6.408578145522751825e-66
6.876146931702878033e-67
7.438795036861768057e-68
8.115382585482992451e-69
8.927302001133754405e-70
9.901155742920761166e-71
1.107208055906065343e-71
1.248668439324139790e-72
1.420445276720407386e-73
1.629692425187974274e-74
1.884477012463374952e-75
2.193374324175565914e-76
2.565084312868152580e-77
3.008172887193433585e-78
3.530949291078176192e-79
4.141380146849116276e-80
4.846865567691375351e-81
5.653705114267776189e-82
6.566171480891498122e-83
7.585261494660304796e-84
8.707355513065830538e-85
9.923130291794908856e-86
1.121709495086470050e-86
1.256804278529353908e-87
1.395055512966074252e-88
1.533750533751294064e-89
1.670334878891291165e-90
1.802789509872224771e-91
1.930025887794652146e-92
2.052275679575010527e-93
2.171461363431019661e-94
2.291540210936720565e-95
2.418813057341944315e-96
2.562180517254498147e-97
2.733316402394435122e-98
2.946717169624762153e-99
3.219583406796093416e-100
3.571498235935517190e-101
4.023887676116858598e-102
4.599275349368064072e-103
5.320372354559893271e-104
6.209066958861310767e-105
7.285394444772890466e-106
8.566574302099471039e-107
1.006620139140128216e-107
1.179367177458610230e-108
1.375391379229864168e-109
1.594748025757053655e-110
1.837103672372026855e-111
2.101825225513883473e-112
2.388106359024971860e-113
2.695124517314384766e-114
3.022218432484102488e-115
3.369074367041850186e-116
3.735910259851983584e-117
4.123651268015906471e-118
4.534097706910595308e-119
4.970095835475351509e-120
5.435730943936070786e-121
5.936567666382651008e-122
6.479961263954129890e-123
7.075453731536094519e-124
7.735249929515367306e-125
8.474744191616900963e-126
9.313042376273744533e-127
1.027340533767239201e-127
1.138353473316924371e-128
1.267563650827651937e-129
1.418623298312895968e-130
1.595574776283460189e-131
1.802795016147355654e-132
2.044940524398120720e-133
2.326911863970481312e-134
2.653858066159502079e-135
3.031239545696120104e-136
3.464962788317472065e-137
3.961592015905390649e-138
4.528633399228484226e-139
5.174877653980397188e-140
5.910778483247891520e-141
6.748838503280815727e-142
7.703971727674159911e-143
8.793812549054825377e-144
1.003894505680186495e-144
1.146303260752303852e-145
1.309283464767987274e-146
1.495810458711236626e-147
1.709136789161459039e-148
1.952758278793009819e-149
2.230368706365801863e-150
2.545803434787427084e-151
2.902972392802223654e-152
3.305783236335937713e-153
3.758056600485166515e-154
4.263437374357641430e-155
4.825309033869468565e-156
5.446722190089924271e-157
6.130353330914665212e-158
6.878514666563342424e-159
7.693240241540769376e-160
8.576476156622212863e-161
9.530403012712452138e-162
1.055791590577445002e-162
1.166328116130937322e-163
1.285297959689469358e-164
1.413673395302254158e-165
1.552870409805596397e-166
1.704881879386170842e-167
1.872419840851419604e-168
2.059061015533648661e-169
2.269388726250759849e-170
2.509123677545124859e-171
2.785235808945190481e-172
3.106029623028052352e-173
3.481196062601768304e-174
3.921825183968087316e-175
4.440375563766293280e-176
5.050598606611678272e-177
5.767418716361013330e-178
6.606773683736774432e-179
7.585423644919523232e-180
8.720741563767733128e-181
1.003050330198322294e-181
1.153270077747463909e-182
1.324540713681317591e-183
1.518672777915829854e-184
1.737487479922981335e-185
1.982840418696419378e-186
2.256665414889585430e-187
2.561041858320425146e-188
2.898288181969427567e-189
3.271082967623653233e-190
3.682613918371056787e-191
4.136753813191892747e-192
4.638262182126909861e-193
5.193012936463958877e-194
5.808253820239198318e-195
6.492918097781463713e-196
7.258042818675952847e-197
8.117424586872624125e-198
9.088815048024273575e-199
1.019634044670021540e-199
1.147568070310679089e-200
1.298543417203859370e-201
1.483227958872286568e-202
1.722677236989205929e-203
2.060685448624561122e-204
2.591035622929984377e-205
3.517380372984332108e-206
5.284247515913708032e-207
8.862330018073956335e-208
1.636682100817062086e-208
3.239114743423404721e-209
6.686983076907668567e-210
1.411935507118834681e-210
3.012066018750656418e-211
6.446960230787691818e-212
1.379240907516536747e-212
2.943344635261103774e-213
6.258803557713274756e-214
1.325384382020210064e-214
2.794204082922499215e-215
5.863616026188098212e-216
1.224675201345490165e-216
2.545644693140990637e-217
5.265969475219070419e-218
1.084050310068277218e-218
2.220753789291515120e-219
4.527118710957318422e-220
9.183435046718873156e-221
1.853710457750411941e-221
3.723264956220710899e-222
7.441203837748702851e-223
1.479761137154972960e-223
2.927932969213487998e-224
5.764261323010304192e-225
1.129096619830243720e-225
2.200469394222312565e-226
4.266661291679502596e-227
8.230787869093638879e-228
1.579671615116702249e-228
3.016172018143983760e-229
5.729292163068681041e-230
1.082662388365766252e-230
2.035279017670046231e-231
3.806144360732912967e-232
7.080574290165427591e-233
1.310283071483325753e-233
2.411940824113767805e-234
4.416359846450344881e-235
8.043589846667806293e-236
1.457183942749092806e-236
2.625724318945330955e-237
4.705929543179850611e-238
8.388696337401410368e-239
1.487261922957701346e-239
2.622500081606388320e-240
4.599066815595253685e-241
8.021233078243780714e-242
1.391299954013360069e-242
2.399935615428307691e-243
4.116882973486314033e-244
7.022931750087693777e-245
1.191352306846776083e-245
2.009669342148446722e-246
3.371028277985370590e-247
5.622691918022043806e-248
9.325260106862331860e-249
1.537811204094706645e-249
2.521512177521203437e-250
4.110793303838729974e-251
6.663267164685372029e-252
1.073831844365502459e-252
1.720533772702428528e-253
2.740680163461666709e-254
4.340223136129989691e-255
6.833049634080017597e-256
1.069439285276623065e-256
1.663898808193549473e-257
2.573457725960234124e-258
3.956549493205601703e-259
6.046661297035976102e-260
9.185528504076472744e-261
1.386985970222255545e-261
2.081657599344229084e-262
3.105315158927175069e-263
4.604166608850118014e-264
6.784769408380383038e-265
9.936823402911845734e-266
1.446365737923191262e-266
2.092263412310920770e-267
3.007819940448017136e-268
4.297086085392401637e-269
6.100598989102409641e-270
8.606697015034241419e-271
1.206578326212818102e-271
1.680810685832320367e-272
2.326567257351687940e-273
3.199890800273352179e-274
4.372870243539611909e-275
5.937436948594960376e-276
8.009796198849066980e-277
1.073551670414090681e-277
1.429527160780200730e-278
1.891118457066135521e-279
2.485368295704171739e-280
3.244869651303549771e-281
4.208496458534625574e-282
5.422112935110411287e-283
6.939219953331682393e-284
8.821487303804943858e-285
1.113911139296414216e-285
1.397092969162759124e-286
1.740421703469121433e-287
2.153408571053548763e-288
2.646241228200473552e-289
3.229622033792607334e-290
3.914546085139157326e-291
4.712015124257587336e-292
5.632686096292884421e-293
6.686456528958349556e-294
7.881992928986516471e-295
9.226212914289327580e-296
1.072373660221405570e-296
1.237632756899052822e-297
1.418234813788631907e-298
1.613625745716466210e-299
1.822818339141721272e-300
2.044360028534312805e-301
2.276314383493128921e-302
2.516259137567407977e-303
2.761303075699964350e-304
3.008123365964746969e-305
3.253023994876791340e-306
3.492014884323494693e-307
3.720910089713814201e-308
3.935442275265783731e-309
4.131389515442005151e-310
4.304709467303790693e-311
4.451675179939587667e-312
4.569006326702775589e-313
4.653989518929809557e-314
4.704581616264084345e-315
4.719490590599554385e-316
4.698229315442374270e-317
4.641139041934126549e-318
4.549356466906198179e-319
4.424851924154204050e-320
4.268727180068370142e-321
4.051338295898221662e-322
3.458459520888725809e-323
0.000000000000000000e+00
0.000000000000000000e+00
0.000000000000000000e+00
0.000000000000000000e+00
0.000000000000000000e+00
0.000000000000000000e+00
0.000000000000000000e+00
0.000000000000000000e+00
0.000000000000000000e+00
0.000000000000000000e+00
0.000000000000000000e+00
0.000000000000000000e+00
0.000000000000000000e+00
0.000000000000000000e+00
0.000000000000000000e+00
0.000000000000000000e+00
0.000000000000000000e+00
0.000000000000000000e+00
0.000000000000000000e+00
0.000000000000000000e+00
0.000000000000000000e+00
0.000000000000000000e+00
0.000000000000000000e+00
0.000000000000000000e+00
0.000000000000000000e+00
0.000000000000000000e+00
0.000000000000000000e+00
0.000000000000000000e+00
0.000000000000000000e+00
0.000000000000000000e+00
0.000000000000000000e+00
0.000000000000000000e+00
0.000000000000000000e+00
0.000000000000000000e+00
0.000000000000000000e+00
0.000000000000000000e+00
0.000000000000000000e+00
0.000000000000000000e+00
0.000000000000000000e+00
0.000000000000000000e+00
0.000000000000000000e+00
0.000000000000000000e+00
0.000000000000000000e+00
0.000000000000000000e+00
0.000000000000000000e+00
0.000000000000000000e+00
0.000000000000000000e+00
0.000000000000000000e+00
0.000000000000000000e+00
0.000000000000000000e+00
0.000000000000000000e+00
0.000000000000000000e+00
0.000000000000000000e+00
0.000000000000000000e+00
0.000000000000000000e+00
0.000000000000000000e+00
0.000000000000000000e+00
0.000000000000000000e+00
0.000000000000000000e+00
0.000000000000000000e+00
0.000000000000000000e+00
0.000000000000000000e+00
0.000000000000000000e+00
0.000000000000000000e+00
0.000000000000000000e+00
0.000000000000000000e+00
0.000000000000000000e+00
0.000000000000000000e+00
0.000000000000000000e+00
0.000000000000000000e+00
0.000000000000000000e+00
0.000000000000000000e+00
0.000000000000000000e+00
0.000000000000000000e+00
0.000000000000000000e+00
0.000000000000000000e+00
0.000000000000000000e+00
0.000000000000000000e+00
0.000000000000000000e+00
0.000000000000000000e+00
0.000000000000000000e+00
0.000000000000000000e+00
0.000000000000000000e+00
0.000000000000000000e+00
0.000000000000000000e+00
0.000000000000000000e+00
0.000000000000000000e+00
0.000000000000000000e+00
0.000000000000000000e+00
0.000000000000000000e+00
0.000000000000000000e+00
0.000000000000000000e+00
0.000000000000000000e+00
0.000000000000000000e+00
0.000000000000000000e+00
0.000000000000000000e+00
0.000000000000000000e+00
0.000000000000000000e+00
0.000000000000000000e+00
0.000000000000000000e+00
0.000000000000000000e+00
0.000000000000000000e+00
0.000000000000000000e+00
0.000000000000000000e+00
0.000000000000000000e+00
0.000000000000000000e+00
0.000000000000000000e+00
0.000000000000000000e+00
0.000000000000000000e+00
0.000000000000000000e+00
0.000000000000000000e+00
0.000000000000000000e+00
0.000000000000000000e+00
0.000000000000000000e+00
0.000000000000000000e+00
0.000000000000000000e+00
0.000000000000000000e+00
0.000000000000000000e+00
0.000000000000000000e+00
0.000000000000000000e+00
0.000000000000000000e+00
0.000000000000000000e+00
0.000000000000000000e+00
0.000000000000000000e+00
0.000000000000000000e+00
0.000000000000000000e+00
0.000000000000000000e+00
0.000000000000000000e+00
0.000000000000000000e+00
0.000000000000000000e+00
0.000000000000000000e+00
0.000000000000000000e+00
0.000000000000000000e+00
0.000000000000000000e+00
0.000000000000000000e+00
0.000000000000000000e+00
0.000000000000000000e+00
0.000000000000000000e+00
0.000000000000000000e+00
0.000000000000000000e+00
0.000000000000000000e+00
0.000000000000000000e+00
0.000000000000000000e+00
0.000000000000000000e+00
0.000000000000000000e+00
0.000000000000000000e+00
0.000000000000000000e+00
0.000000000000000000e+00
0.000000000000000000e+00
0.000000000000000000e+00
0.000000000000000000e+00
0.000000000000000000e+00
0.000000000000000000e+00
0.000000000000000000e+00
0.000000000000000000e+00
0.000000000000000000e+00
0.000000000000000000e+00
0.000000000000000000e+00
0.000000000000000000e+00
0.000000000000000000e+00
0.000000000000000000e+00
0.000000000000000000e+00
0.000000000000000000e+00
0.000000000000000000e+00
0.000000000000000000e+00
0.000000000000000000e+00
0.000000000000000000e+00
0.000000000000000000e+00
0.000000000000000000e+00
0.000000000000000000e+00
0.000000000000000000e+00
0.000000000000000000e+00
0.000000000000000000e+00
0.000000000000000000e+00
0.000000000000000000e+00
0.000000000000000000e+00
0.000000000000000000e+00
0.000000000000000000e+00
0.000000000000000000e+00
0.000000000000000000e+00
0.000000000000000000e+00
0.000000000000000000e+00
0.000000000000000000e+00
0.000000000000000000e+00
0.000000000000000000e+00
0.000000000000000000e+00
0.000000000000000000e+00
0.000000000000000000e+00
0.000000000000000000e+00
0.000000000000000000e+00
0.000000000000000000e+00
0.000000000000000000e+00
0.000000000000000000e+00
0.000000000000000000e+00
0.000000000000000000e+00
0.000000000000000000e+00
0.000000000000000000e+00
0.000000000000000000e+00
0.000000000000000000e+00
0.000000000000000000e+00
0.000000000000000000e+00
0.000000000000000000e+00
0.000000000000000000e+00
0.000000000000000000e+00
0.000000000000000000e+00
0.000000000000000000e+00
0.000000000000000000e+00
0.000000000000000000e+00
0.000000000000000000e+00
0.000000000000000000e+00
0.000000000000000000e+00
0.000000000000000000e+00
0.000000000000000000e+00
0.000000000000000000e+00
0.000000000000000000e+00
0.000000000000000000e+00
0.000000000000000000e+00
0.000000000000000000e+00
0.000000000000000000e+00
0.000000000000000000e+00
0.000000000000000000e+00
0.000000000000000000e+00
0.000000000000000000e+00
0.000000000000000000e+00
0.000000000000000000e+00
0.000000000000000000e+00
0.000000000000000000e+00
0.000000000000000000e+00
0.000000000000000000e+00
0.000000000000000000e+00
0.000000000000000000e+00
0.000000000000000000e+00
0.000000000000000000e+00
0.000000000000000000e+00
0.000000000000000000e+00
0.000000000000000000e+00
0.000000000000000000e+00
0.000000000000000000e+00
0.000000000000000000e+00
0.000000000000000000e+00
0.000000000000000000e+00
0.000000000000000000e+00
0.000000000000000000e+00
0.000000000000000000e+00
0.000000000000000000e+00
0.000000000000000000e+00
0.000000000000000000e+00
0.000000000000000000e+00
0.000000000000000000e+00
0.000000000000000000e+00
0.000000000000000000e+00
0.000000000000000000e+00
0.000000000000000000e+00
0.000000000000000000e+00
0.000000000000000000e+00
0.000000000000000000e+00
0.000000000000000000e+00
0.000000000000000000e+00
0.000000000000000000e+00
0.000000000000000000e+00
0.000000000000000000e+00
0.000000000000000000e+00
0.000000000000000000e+00
0.000000000000000000e+00
0.000000000000000000e+00
0.000000000000000000e+00
0.000000000000000000e+00
0.000000000000000000e+00
0.000000000000000000e+00
0.000000000000000000e+00
0.000000000000000000e+00
0.000000000000000000e+00
0.000000000000000000e+00
0.000000000000000000e+00
0.000000000000000000e+00
0.000000000000000000e+00
0.000000000000000000e+00
0.000000000000000000e+00
0.000000000000000000e+00
0.000000000000000000e+00
0.000000000000000000e+00
0.000000000000000000e+00
0.000000000000000000e+00
0.000000000000000000e+00
0.000000000000000000e+00
0.000000000000000000e+00
0.000000000000000000e+00
0.000000000000000000e+00
0.000000000000000000e+00
0.000000000000000000e+00
0.000000000000000000e+00
0.000000000000000000e+00
0.000000000000000000e+00
0.000000000000000000e+00
0.000000000000000000e+00
0.000000000000000000e+00
0.000000000000000000e+00
0.000000000000000000e+00
0.000000000000000000e+00
0.000000000000000000e+00
0.000000000000000000e+00
0.000000000000000000e+00
0.000000000000000000e+00
0.000000000000000000e+00
0.000000000000000000e+00
0.000000000000000000e+00
0.000000000000000000e+00
0.000000000000000000e+00
0.000000000000000000e+00
0.000000000000000000e+00
0.000000000000000000e+00
0.000000000000000000e+00
0.000000000000000000e+00
0.000000000000000000e+00
0.000000000000000000e+00
0.000000000000000000e+00
0.000000000000000000e+00
0.000000000000000000e+00
0.000000000000000000e+00
0.000000000000000000e+00
0.000000000000000000e+00
0.000000000000000000e+00
0.000000000000000000e+00
0.000000000000000000e+00
0.000000000000000000e+00
0.000000000000000000e+00
0.000000000000000000e+00
0.000000000000000000e+00
0.000000000000000000e+00
0.000000000000000000e+00
0.000000000000000000e+00
0.000000000000000000e+00
0.000000000000000000e+00
0.000000000000000000e+00
0.000000000000000000e+00
0.000000000000000000e+00
0.000000000000000000e+00
0.000000000000000000e+00
0.000000000000000000e+00
0.000000000000000000e+00
0.000000000000000000e+00
0.000000000000000000e+00
0.000000000000000000e+00
0.000000000000000000e+00
0.000000000000000000e+00
0.000000000000000000e+00
0.000000000000000000e+00
0.000000000000000000e+00
0.000000000000000000e+00
0.000000000000000000e+00
0.000000000000000000e+00
0.000000000000000000e+00
0.000000000000000000e+00
0.000000000000000000e+00
0.000000000000000000e+00
0.000000000000000000e+00
0.000000000000000000e+00
0.000000000000000000e+00
0.000000000000000000e+00
0.000000000000000000e+00
0.000000000000000000e+00
0.000000000000000000e+00
0.000000000000000000e+00
0.000000000000000000e+00
0.000000000000000000e+00
0.000000000000000000e+00
0.000000000000000000e+00
0.000000000000000000e+00
0.000000000000000000e+00
0.000000000000000000e+00
0.000000000000000000e+00
0.000000000000000000e+00
0.000000000000000000e+00
0.000000000000000000e+00
0.000000000000000000e+00
0.000000000000000000e+00
0.000000000000000000e+00
0.000000000000000000e+00
0.000000000000000000e+00
0.000000000000000000e+00
0.000000000000000000e+00
0.000000000000000000e+00
0.000000000000000000e+00
0.000000000000000000e+00
0.000000000000000000e+00
0.000000000000000000e+00
0.000000000000000000e+00
0.000000000000000000e+00
0.000000000000000000e+00
0.000000000000000000e+00
0.000000000000000000e+00
0.000000000000000000e+00
0.000000000000000000e+00
0.000000000000000000e+00
0.000000000000000000e+00
0.000000000000000000e+00
0.000000000000000000e+00
0.000000000000000000e+00
0.000000000000000000e+00
0.000000000000000000e+00
0.000000000000000000e+00
0.000000000000000000e+00
0.000000000000000000e+00
0.000000000000000000e+00
0.000000000000000000e+00
0.000000000000000000e+00
0.000000000000000000e+00
0.000000000000000000e+00
0.000000000000000000e+00
0.000000000000000000e+00
0.000000000000000000e+00
0.000000000000000000e+00
0.000000000000000000e+00
0.000000000000000000e+00
0.000000000000000000e+00
0.000000000000000000e+00
0.000000000000000000e+00
0.000000000000000000e+00
0.000000000000000000e+00
0.000000000000000000e+00
0.000000000000000000e+00
0.000000000000000000e+00
0.000000000000000000e+00
0.000000000000000000e+00
0.000000000000000000e+00
0.000000000000000000e+00
0.000000000000000000e+00
0.000000000000000000e+00
0.000000000000000000e+00
0.000000000000000000e+00
0.000000000000000000e+00
0.000000000000000000e+00
0.000000000000000000e+00
0.000000000000000000e+00
0.000000000000000000e+00
0.000000000000000000e+00
0.000000000000000000e+00
0.000000000000000000e+00
0.000000000000000000e+00
0.000000000000000000e+00
0.000000000000000000e+00
0.000000000000000000e+00
0.000000000000000000e+00
0.000000000000000000e+00
0.000000000000000000e+00
0.000000000000000000e+00
0.000000000000000000e+00
0.000000000000000000e+00
0.000000000000000000e+00
0.000000000000000000e+00
0.000000000000000000e+00
0.000000000000000000e+00
0.000000000000000000e+00
0.000000000000000000e+00
0.000000000000000000e+00
0.000000000000000000e+00
0.000000000000000000e+00
0.000000000000000000e+00
0.000000000000000000e+00
0.000000000000000000e+00
0.000000000000000000e+00
0.000000000000000000e+00
0.000000000000000000e+00
0.000000000000000000e+00
0.000000000000000000e+00
0.000000000000000000e+00
0.000000000000000000e+00
0.000000000000000000e+00
0.000000000000000000e+00
0.000000000000000000e+00
0.000000000000000000e+00
0.000000000000000000e+00
0.000000000000000000e+00
0.000000000000000000e+00
0.000000000000000000e+00
0.000000000000000000e+00
0.000000000000000000e+00
0.000000000000000000e+00
0.000000000000000000e+00
0.000000000000000000e+00
0.000000000000000000e+00
0.000000000000000000e+00
0.000000000000000000e+00
0.000000000000000000e+00
0.000000000000000000e+00
0.000000000000000000e+00
0.000000000000000000e+00
