2.147981587381728730e-01
3.114711243726294917e-02
1.506265005710917364e-02
1.345252714278545939e-02
1.423416929709277710e-02
1.534192790352152495e-02
1.639461430165050845e-02
1.734127561649572921e-02
1.818361737656771712e-02
1.892474075722971535e-02
1.956422441082896618e-02
2.010007300904807087e-02
2.053049948265746327e-02
2.085491229171417688e-02
2.107433404199794691e-02
2.119146477240095930e-02
2.121053469353689422e-02
2.113704551286288424e-02
2.097746801772654157e-02
2.073893987295283986e-02
2.042898966723147303e-02
2.005530031908928784e-02
1.962551623332409872e-02
1.914709317555971305e-02
1.862718681621675781e-02
1.807257451954357580e-02
1.748960461940590391e-02
1.688416769671311629e-02
1.626168495788324689e-02
1.562710952037541304e-02
1.498493712709653494e-02
1.433922347514086926e-02
1.369360592776338280e-02
1.305132787375846287e-02
1.241526440886036101e-02
1.178794834831232465e-02
1.117159584929092349e-02
1.056813113727938722e-02
9.979210001468967819e-03
9.406241858955414689e-03
8.850410292412739383e-03
8.312692046182821454e-03
7.793874525333310821e-03
7.294571884440953329e-03
6.815239820366684152e-03
6.356189198511475423e-03
5.917598647188050155e-03
5.499526251900933513e-03
5.101920472450453131e-03
4.724630392678364280e-03
4.367415396979590185e-03
4.029954350825596526e-03
3.711854345647117807e-03
3.412659052420227192e-03
3.131856713855172159e-03
2.868887792636784419e-03
2.623152282939063360e-03
2.394016684497646177e-03
2.180820632800996479e-03
1.982883175285909873e-03
1.799508681562982928e-03
1.629992375383020053e-03
1.473625477003706608e-03
1.329699946547997476e-03
1.197512821600462546e-03
1.076370145427555085e-03
9.655904856260977146e-04
8.645080465244852708e-04
7.724753821386859355e-04
6.888657198040038215e-04
6.130749076748579288e-04
5.445230020428788774e-04
4.826555128235196718e-04
4.269443275761070382e-04
3.768883360384050834e-04
3.320137783747177424e-04
2.918743411652028772e-04
2.560510256209147105e-04
2.241518126180124470e-04
1.958111489335939454e-04
1.706892785664837822e-04
1.484714422734945832e-04
1.288669674793839828e-04
1.116082695639258204e-04
9.644978422585471730e-05
8.316684920658020113e-05
7.155455215784041858e-05
6.142655988837869238e-05
5.261394265285825663e-05
4.496400557738508948e-05
3.833913777290220406e-05
3.261568818998586541e-05
2.768287583300596354e-05
2.344174059230778068e-05
1.980413968057331318e-05
1.669179348229979024e-05
1.403538354919779051e-05
1.177370450206529613e-05
9.852870733086364923e-06
8.225578040199834162e-06
6.850419665312263100e-06
5.691255646405328431e-06
4.716633925467705342e-06
3.899261273577613474e-06
3.215521794854468235e-06
2.645040545602675051e-06
2.170289646133714024e-06
1.776234163661961732e-06
1.450014997334259920e-06
1.180665994507728354e-06
9.588625632327456794e-07
7.766991137638879534e-07
6.274927552695469578e-07
5.056107875477306080e-07
4.063196562280025000e-07
3.256531794785073864e-07
2.602980003614876877e-07
2.074943684771460767e-07
1.649505046146657171e-07
1.307689499978338209e-07
1.033834457100189156e-07
8.150502650387707273e-08
6.407614466839654790e-08
5.023176398356998310e-08
3.926647955331337338e-08
3.060682677388174081e-08
2.378804143499384037e-08
1.843462310447285667e-08
1.424413576729463381e-08
1.097375333422442444e-08
8.429123685033809892e-09
6.455183749521010718e-09
4.928610061479179531e-09
3.751635210299190034e-09
2.847000716063943870e-09
2.153851813325070393e-09
1.624410109647827287e-09
1.221286114161160474e-09
9.153162720377891442e-10
6.838282445135304745e-10
5.092545695197152202e-10
3.780286729187636150e-10
2.797088543164985669e-10
2.062856475541869384e-10
1.516361268113854232e-10
1.110955565008816712e-10
8.112231727059762286e-11
5.903681321992199173e-11
4.281870223262661511e-11
3.095003298820400386e-11
2.229434250218146988e-11
1.600379381704594250e-11
1.144813249404811019e-11
8.160526940213110417e-12
5.796453350450813353e-12
4.102559364727533044e-12
2.893241199193503936e-12
2.033009153409369037e-12
1.423334039169185512e-12
9.928301981594100820e-13
6.899721978436360636e-13
4.777093137203880637e-13
3.295039001156988480e-13
2.264167491479242505e-13
1.549858136722962625e-13
1.056821491096875830e-13
7.178257467467572685e-14
4.856696121645128359e-14
3.273023221750675990e-14
2.196930003124462198e-14
1.468780645731184186e-14
9.779980561074105822e-15
6.484832288305180945e-15
4.282247150670392374e-15
2.815565255634725158e-15
1.844324063217980982e-15
1.202622915012368425e-15
7.808343850029278656e-16
5.044747341113582744e-16
3.245373761830698095e-16
2.077885709150476194e-16
1.328183668033119989e-16
8.472957427255061053e-17
5.349150785187223356e-17
3.337576609359080797e-17
2.091842191932049853e-17
1.306429187159974353e-17
8.664711584857503702e-18
4.532561727659371967e-18
3.917963733641323469e-18
2.374224231545550296e-18
9.562807828733094013e-19
4.777652577170113797e-19
4.659686444201563590e-19
9.712749564930251756e-19
0.000000000000000000e+00
0.000000000000000000e+00
9.898008887086321496e-20
3.443720884772504070e-19
0.000000000000000000e+00
1.853556444926147470e-19
0.000000000000000000e+00
3.818375406653139392e-20
1.679117781230686314e-19
3.058015389436326867e-19
1.752391564852656451e-19
4.403558095281025911e-19
3.160062363614247119e-19
1.786981719301514955e-19
4.056872795107936429e-20
3.019035017941018052e-19
4.042805471967220352e-20
0.000000000000000000e+00
2.619878221086229529e-20
2.321491448311502131e-20
0.000000000000000000e+00
0.000000000000000000e+00
1.369874331195027151e-20
4.151405558371246945e-19
1.575391892000933653e-19
0.000000000000000000e+00
8.209465462219284007e-19
4.394974736860885215e-19
3.020911325666473124e-19
0.000000000000000000e+00
5.621878641221156269e-19
1.661061293297792562e-19
2.678774121132823472e-20
1.558497031512354735e-19
2.907214668369795522e-19
4.257800066164112970e-19
0.000000000000000000e+00
0.000000000000000000e+00
2.827031291735786009e-19
1.341155060895122890e-20
5.478726332708628769e-19
1.581702070423769956e-20
2.791297055273717791e-19
1.143326987621953523e-20
7.706012381970390689e-21
4.092789370114215582e-19
8.249044192002298505e-21
1.395240314004812132e-19
1.393196475983732657e-19
0.000000000000000000e+00
2.403540397020416344e-21
0.000000000000000000e+00
3.868998949826270727e-22
8.627095808176849347e-23
1.061232914769987053e-23
1.239887523696031611e-24
1.507169924581807254e-25
1.839997019294842266e-26
2.251223585410295251e-27
2.804578733151017442e-28
3.350176150545339010e-29
3.721020518428805977e-30
3.827613522608638881e-31
3.720004760520551349e-32
3.672166913340780782e-33
4.007266157088376518e-34
4.837733371563330079e-35
6.032128314459825612e-36
7.416271582863799542e-37
8.948692632979891317e-38
1.072570999583294266e-38
1.287387598419690456e-39
1.540820303034134926e-40
1.824165517196626013e-41
2.149744117608086099e-42
2.647714632018447712e-43
3.856191659174085158e-44
7.652704609335403801e-45
2.032211495117012728e-45
6.263708758060199733e-46
2.026377447664940402e-46
6.609795119206699268e-47
2.145535618939028800e-47
6.901720188465591575e-48
2.197064462402750805e-48
6.917570320751685172e-49
2.153631816933679007e-49
6.628550765337153746e-50
2.016651304583584904e-50
6.063848926615606018e-51
1.801824930070118431e-51
5.290109535857711235e-52
1.534423391478561851e-52
4.396368516673629700e-53
1.244085770208996151e-53
3.476578625794153872e-54
9.592604326921832139e-55
2.613003980641455274e-55
7.025836876511245273e-56
1.864425088719390558e-56
4.882184272756263452e-57
1.261357619029422682e-57
3.214760541281462050e-58
8.081199441509428863e-59
2.003315120506684844e-59
4.896630808229434450e-60
1.179906077018232315e-60
2.802371828204147691e-61
6.559299818053097933e-62
1.512748233952410553e-62
3.436973512915044305e-63
7.691443103006939213e-64
1.695048693973560710e-64
3.678058385340801971e-65
7.856612476002112989e-66
1.651768828375833226e-66
3.417244973067260248e-67
6.955531027721038549e-68
1.392595296533313489e-68
2.742027528311270593e-69
5.308617228376702454e-70
1.010329013147671118e-70
1.889834422577613683e-71
3.473525561709240896e-72
6.272026936081602605e-73
1.112344721769051057e-73
1.937166090904303251e-74
3.312002752798156846e-75
5.557887396734064355e-76
9.152111580431257816e-77
1.478499097120830876e-77
2.342626630346217605e-78
3.639651041620012164e-79
5.543471168264979993e-80
8.274813472698312910e-81
1.210253239545377947e-81
1.733889353720882691e-82
2.432636609430342988e-83
3.341378114949830092e-84
4.492069268464827216e-85
5.909050278378508715e-86
7.603531866043519891e-87
9.567831666461836812e-88
1.177020807300383092e-88
1.415132565070067837e-89
1.662341598571669484e-90
1.907300908362757538e-91
2.136768049104823888e-92
2.336662279418137493e-93
2.493410585608519653e-94
2.595418967893658277e-95
2.634457040523104064e-96
2.606732357000130241e-97
2.513463867705737700e-98
2.360839088165818887e-99
2.159343391243073747e-100
1.922560432710570182e-101
1.665635247498487614e-102
1.403644984305601797e-103
1.150125220122783578e-104
9.159537014760843589e-106
7.087115957627288441e-107
5.325460636845405037e-108
3.884698298153888953e-109
2.749713904747834172e-110
1.887826726525883916e-111
1.256585554694100145e-112
8.105591663496967584e-114
5.064585785629143815e-115
3.063866461400481090e-116
1.793737022922186122e-117
1.015788282575523624e-118
5.561494966863882676e-120
2.942443452852263177e-121
1.503602287025588830e-122
7.417230350719634222e-124
3.530251379721027514e-125
1.620283629239322103e-126
7.167367294039030150e-128
3.053993884407219684e-129
1.252760623590334854e-130
4.944309912966754965e-132
1.876383783033293517e-133
6.843071906506450345e-135
2.396752280230524649e-136
8.056768390844583487e-138
2.597652477417409036e-139
8.027750562080218660e-141
2.376308172186996560e-142
6.732930063914689027e-144
1.824681058069412532e-145
4.726425544969118659e-147
1.169271244137376898e-148
2.760576011423693639e-150
6.215027088318038177e-152
1.333193666798057996e-153
2.722633380786495899e-155
5.288834861930627958e-157
9.763937443121126567e-159
1.711563119032157426e-160
2.846176062423882622e-162
4.485575396410431605e-164
6.693248676289704198e-166
9.446712215577998554e-168
1.259792430215469419e-169
1.585725863249722002e-171
1.881872540634902345e-173
2.103259055633718270e-175
2.211199433700708764e-177
2.184095775206795034e-179
2.024339021237148139e-181
1.758345252183574100e-183
1.429412016617205855e-185
1.086042187408163307e-187
7.701143374778382563e-190
5.089145148518407181e-192
3.129356104737510967e-194
1.787728018928773883e-196
9.472730424205426841e-199
4.647731291442980955e-201
2.107833335504206297e-203
8.820014440523427762e-206
3.398739666575011182e-208
1.203726108929472493e-210
3.910301587119104566e-213
1.162629558055868700e-215
3.156885532663811081e-218
7.810169368728681694e-221
1.756311762116108316e-223
3.580905494988590480e-226
6.602330445922168462e-229
1.097810866626270423e-231
1.641508031338862896e-234
2.200626916003001471e-237
2.636818883063103170e-240
2.814642674305715167e-243
2.667386460385617899e-246
2.236178971108048037e-249
1.652137696019023382e-252
1.071479545426459447e-255
6.074501439944696959e-259
2.997256527232667995e-262
1.281211696903540917e-265
4.721625012418895468e-269
1.492487457038038955e-272
4.024669280061607575e-276
9.205966090230861070e-280
1.775437011735628289e-283
2.868545940442565790e-287
3.856540207476637617e-291
4.283454914114652020e-295
3.900669245562299179e-299
2.888768013243198336e-303
1.724920551235845378e-307
8.228442083252464464e-312
3.105281140549923288e-316
9.174799043271948325e-321
0.000000000000000000e+00
0.000000000000000000e+00
0.000000000000000000e+00
0.000000000000000000e+00
0.000000000000000000e+00
0.000000000000000000e+00
0.000000000000000000e+00
0.000000000000000000e+00
0.000000000000000000e+00
0.000000000000000000e+00
0.000000000000000000e+00
0.000000000000000000e+00
0.000000000000000000e+00
0.000000000000000000e+00
0.000000000000000000e+00
0.000000000000000000e+00
0.000000000000000000e+00
0.000000000000000000e+00
0.000000000000000000e+00
0.000000000000000000e+00
0.000000000000000000e+00
0.000000000000000000e+00
0.000000000000000000e+00
0.000000000000000000e+00
0.000000000000000000e+00
0.000000000000000000e+00
0.000000000000000000e+00
0.000000000000000000e+00
0.000000000000000000e+00
0.000000000000000000e+00
0.000000000000000000e+00
0.000000000000000000e+00
0.000000000000000000e+00
0.000000000000000000e+00
0.000000000000000000e+00
0.000000000000000000e+00
0.000000000000000000e+00
0.000000000000000000e+00
0.000000000000000000e+00
0.000000000000000000e+00
0.000000000000000000e+00
0.000000000000000000e+00
0.000000000000000000e+00
