2.140571510743791706e-01
2.809185829238764615e-02
9.849037875718070698e-03
6.660227125797480406e-03
6.332149168648025690e-03
6.615023830453307073e-03
6.999649027514453538e-03
7.374279087781370791e-03
7.721199211868782705e-03
8.042182232285800120e-03
8.341245349651383104e-03
8.621464250727973663e-03
8.884818148581663522e-03
9.132492128297765507e-03
9.365143653772823457e-03
9.583085956138531064e-03
9.786411289928163143e-03
9.975076144673671735e-03
1.014896216771249936e-02
1.030792073309755308e-02
1.045180579823599097e-02
1.058049791156878347e-02
1.069392127252934838e-02
1.079205521271540437e-02
1.087494116020716432e-02
1.094268595904059060e-02
1.099546228555599650e-02
1.103350680266715345e-02
1.105711660703639909e-02
1.106664444591052426e-02
1.106249310749553121e-02
1.104510932084468849e-02
1.101497743874842693e-02
1.097261312066332914e-02
1.091855718275810960e-02
1.085336973886530908e-02
1.077762471942105872e-02
1.069190482500740648e-02
1.059679694639004827e-02
1.049288806335451317e-02
1.038076161953533326e-02
1.026099435914751105e-02
1.013415360343834955e-02
1.000079493920550885e-02
9.861460288353215281e-03
9.716676325739734277e-03
9.566953212114297916e-03
9.412783609437617646e-03
9.254641947058077009e-03
9.092983908865452311e-03
8.928246113496315570e-03
8.760845961790351966e-03
8.591181627889857980e-03
8.419632172568383005e-03
8.246557759507394322e-03
8.072299957280202817e-03
7.897182111722335363e-03
7.721509775154615507e-03
7.545571180571218617e-03
7.369637750409212262e-03
7.193964630881517774e-03
7.018791244086536492e-03
6.844341851213734361e-03
6.670826121151066102e-03
6.498439699680780279e-03
6.327364775227856120e-03
6.157770637815580643e-03
5.989814228488247842e-03
5.823640676994650163e-03
5.659383825991418093e-03
5.497166740431973057e-03
5.337102201159677275e-03
5.179293182028987981e-03
5.023833310140073463e-03
4.870807308996912693e-03
4.720291424588309546e-03
4.572353834550275595e-03
4.427055040699939131e-03
4.284448245339084714e-03
4.144579711810096774e-03
4.007489109854375960e-03
3.873209846371598094e-03
3.741769382212848435e-03
3.613189535661001390e-03
3.487486773261010923e-03
3.364672488662020112e-03
3.244753270123705482e-03
3.127731157322609715e-03
3.013603888072190987e-03
2.902365135542211635e-03
2.794004736532916360e-03
2.688508911324957382e-03
2.585860475590626931e-03
2.486039044814989177e-03
2.389021231638124333e-03
2.294780836492614062e-03
2.203289031873848381e-03
2.114514540545344660e-03
2.028423807947622119e-03
1.944981169046763056e-03
1.864149009829165317e-03
1.785887923621042820e-03
1.710156862385699096e-03
1.636913283128815138e-03
1.566113289521290676e-03
1.497711768830918512e-03
1.431662524238808826e-03
1.367918402602613442e-03
1.306431417717733275e-03
1.247152869118390173e-03
1.190033456453565546e-03
1.135023389467175068e-03
1.082072493608706972e-03
1.031130311298037588e-03
9.821461988678600440e-04
9.350694192073329787e-04
8.898492301325146726e-04
8.464349685113690524e-04
8.047761301746679139e-04
7.648224456479389786e-04
7.265239517441072136e-04
6.898310590614147378e-04
6.546946154362335950e-04
6.210659654058761896e-04
5.888970057418122005e-04
5.581402371192749996e-04
5.287488119945432186e-04
5.006765787664590496e-04
4.738781223039070789e-04
4.483088009256728070e-04
4.239247799238124925e-04
4.006830617258218675e-04
3.785415127948756064e-04
3.574588873708809365e-04
3.373948481583870858e-04
3.183099840700286077e-04
3.001658251366662116e-04
2.829248546973716781e-04
2.665505189838800150e-04
2.510072342154662803e-04
2.362603913208615022e-04
2.222763584043086567e-04
2.090224810728733018e-04
1.964670807418283449e-04
1.845794510342374474e-04
1.733298523899058175e-04
1.626895049975892241e-04
1.526305801627431309e-04
1.431261902212426862e-04
1.341503771074619377e-04
1.256780996826975332e-04
1.176852199274233142e-04
1.101484880981383534e-04
1.030455269466441835e-04
9.635481509656501078e-05
9.005566966869848241e-05
8.412822824357522216e-05
7.855343024608437016e-05
7.331299783368612651e-05
6.838941636615144843e-05
6.376591453115959280e-05
5.942644419655920411e-05
5.535566005646598082e-05
5.153889913472604455e-05
4.796216020572340174e-05
4.461208318895521489e-05
4.147592857018157390e-05
3.854155689861474998e-05
3.579740840605619628e-05
3.323248279064947556e-05
3.083631920454550749e-05
2.859897648166826646e-05
2.651101363860602632e-05
2.456347067866905280e-05
2.274784972624238302e-05
2.105609651577530116e-05
1.948058225702183630e-05
1.801408589559294276e-05
1.664977678539812940e-05
1.538119778720151753e-05
1.420224880526837398e-05
1.310717077196711385e-05
1.209053008818201086e-05
1.114720352548570198e-05
1.027236359426191103e-05
9.461464380276131815e-06
8.710227850705211752e-06
8.014630629059260470e-06
7.370891237278257413e-06
6.775457801859584593e-06
6.224996219894953471e-06
5.716378779766094942e-06
5.246673230348223477e-06
4.813132291720150012e-06
4.413183599592256297e-06
4.044420075041218167e-06
3.704590710480208855e-06
3.391591762310310345e-06
3.103458340258225285e-06
2.838356382988709549e-06
2.594575009295991412e-06
2.370519233928334344e-06
2.164703036866155354e-06
1.975742774773570137e-06
1.802350923226903876e-06
1.643330138271668940e-06
1.497567625869116204e-06
1.364029807817382778e-06
1.241757272801349205e-06
1.129860001338928413e-06
1.027512853497637409e-06
9.339513084498401949e-07
8.484674450841249528e-07
7.704061531077242167e-07
6.991615643059972473e-07
6.341736938414384762e-07
5.749252817450746468e-07
5.209388250083385934e-07
4.717737909572053372e-07
4.270240028746499602e-07
3.863151891253089418e-07
3.493026873220952803e-07
3.156692953681527630e-07
2.851232615306510259e-07
2.573964059493305432e-07
2.322423663277662019e-07
2.094349608213331300e-07
1.887666614290986589e-07
1.700471715043744494e-07
1.531021012474938811e-07
1.377717353516698050e-07
1.239098872351620114e-07
1.113828345443324942e-07
1.000683309023681794e-07
8.985468908792369055e-08
8.063993112044062125e-08
7.233100091473109038e-08
6.484303545218766697e-08
5.809869056199189817e-08
5.202751772325097618e-08
4.656538838266339133e-08
4.165396257910488332e-08
3.724019880560158616e-08
3.327590221072377286e-08
2.971730846969721574e-08
2.652470074547441614e-08
2.366205737086693589e-08
2.109672802033903080e-08
1.879913626374710622e-08
1.674250656176935453e-08
1.490261383977391813e-08
1.325755396804083522e-08
1.178753352667204967e-08
1.047467736667738891e-08
9.302852605990003577e-09
8.257507735897501611e-09
7.325525673022339679e-09
6.495089616686152874e-09
5.755560697684809293e-09
5.097366443478283319e-09
4.511899193423059916e-09
3.991423612215541241e-09
3.528992575147053920e-09
3.118370692821025683e-09
2.753964850182723541e-09
2.430761147986032699e-09
2.144267689528301421e-09
1.890462731761071728e-09
1.665747698271743270e-09
1.466904650389449872e-09
1.291057810153634169e-09
1.135638767273255070e-09
9.983550582249193856e-10
8.771617856120470537e-10
7.702360199684791170e-10
6.759537147574760550e-10
5.928689131858388196e-10
5.196950192371622714e-10
4.552879492597691025e-10
3.986309820126236120e-10
3.488211464612328783e-10
3.050569947366415983e-10
2.666276361425367581e-10
2.329028985587452502e-10
2.033245149185336222e-10
1.773982276735549685e-10
1.546867276868762940e-10
1.348033326144179459e-10
1.174063448810757926e-10
1.021940062959119059e-10
8.889999980419629162e-11
7.728943321259278561e-11
6.715526545478752375e-11
5.831511771963633182e-11
5.060843780165092641e-11
4.389397978065104976e-11
3.804755588057911910e-11
3.296005392921881473e-11
2.853566266530578606e-11
2.469030354048492844e-11
2.135024615603445789e-11
1.845087039243582745e-11
1.593558099064123373e-11
1.375484065408457137e-11
1.186531725155530130e-11
1.022913350757400381e-11
8.813198951961592431e-12
7.588624498973664955e-12
6.530205664330674510e-12
5.615966453779536369e-12
4.826757565572577461e-12
4.145905860889407137e-12
3.558900044374640448e-12
3.053121460860709634e-12
2.617603439087610455e-12
2.242821892650726254e-12
1.920508183108549853e-12
1.643492288207163900e-12
1.405557342113988212e-12
1.201320171974145324e-12
1.026118716374829976e-12
8.759201504016810597e-13
7.472383231934279467e-13
6.370607828664531495e-13
5.427870790281788229e-13
4.621728134774460150e-13
3.932830377681959995e-13
3.344496161203900415e-13
2.842371905254613062e-13
2.414105777217064957e-13
2.049061861703020941e-13
1.738109029911282696e-13
1.473406211623796732e-13
1.248204455478822070e-13
1.056756407766104759e-13
8.940927228081217908e-14
7.559903006440726066e-14
6.388055362494300202e-14
5.394349090619412428e-14
4.552269035271032541e-14
3.839147040499417875e-14
3.235653143689467129e-14
2.725250057150519402e-14
2.293834332650519917e-14
1.929477845155557869e-14
1.621936164947441574e-14
1.362536494870787511e-14
1.143837013980596990e-14
9.596396881519877862e-15
8.045804173026328335e-15
6.740790151383837548e-15
5.644336635146091855e-15
4.722427409086879475e-15
3.948758097331384770e-15
3.299732450513724395e-15
2.755535358356349387e-15
2.299390305117794309e-15
1.917642767186014458e-15
1.598031415481453443e-15
1.331012567687885604e-15
1.107462047980096684e-15
9.210929250287198720e-16
7.653196575958174536e-16
6.354951546332643405e-16
5.274879197097895097e-16
4.376331534461512382e-16
3.625236415863475186e-16
2.998458908456541391e-16
2.484867947204918947e-16
2.054690177443230347e-16
1.694998003439834926e-16
1.399003595274088388e-16
1.155614320698632739e-16
9.488171696589511684e-17
7.815552787490830332e-17
6.434284686856297533e-17
5.291221741736743748e-17
4.334087762183404599e-17
3.567123738889580814e-17
2.937640432392151784e-17
2.420820579188918453e-17
2.001156834903315545e-17
1.629231289189454370e-17
1.333848924913679183e-17
1.092875919394646092e-17
8.952677689753449113e-18
7.628888378778269715e-18
6.055768938374258774e-18
4.962569887064563618e-18
4.033885174377535322e-18
3.221426406431666345e-18
2.802181276140654752e-18
2.152747399551055718e-18
2.066098597072724879e-18
1.640605575680255493e-18
1.323247673778921595e-18
1.018543134143840585e-18
8.320644430273617547e-19
6.863229181075399602e-19
4.570613451488429833e-19
3.546596487443841989e-19
1.638252105696563153e-19
3.221630293598328890e-19
2.754114498208593368e-19
2.336032204060213796e-19
2.362459861047157253e-19
1.784940408194222377e-19
2.239235827488756386e-19
2.116554766288813717e-19
5.403962253844153990e-20
1.001048642472322824e-19
2.775323909469659139e-19
1.890106838691063846e-19
2.164203376947257884e-20
1.087609950431531384e-19
1.872008821490307298e-19
2.338449078072286584e-19
9.071135068355103445e-20
0.000000000000000000e+00
1.306339728366183810e-19
1.430952632681867406e-19
6.991779805436040226e-20
2.061862045657751222e-19
1.898160662197022631e-19
2.629055678679957494e-19
1.260543053728198546e-19
1.435903063308138115e-19
7.050192354762386805e-20
0.000000000000000000e+00
8.913495583904114684e-20
2.099516125129947168e-19
1.107229136829622217e-19
2.881126164037046979e-19
2.774762522165188834e-19
1.789589277926250545e-20
2.440564662350463223e-19
1.990869845103495294e-19
1.941742347196162334e-19
8.276143644396175907e-20
2.516925183876643609e-19
2.030855198714352385e-19
2.350608406934890467e-19
9.149112041636690277e-20
7.083835396320112831e-20
2.157901089891470171e-19
1.627825009648940407e-19
2.676258635549732457e-19
1.352099342289717156e-19
1.922890811449344354e-19
0.000000000000000000e+00
1.780167117930466408e-19
8.557387828993672122e-20
3.692681778924361774e-19
1.872434635511435202e-19
1.461223233739968206e-20
0.000000000000000000e+00
1.764403155078553426e-19
0.000000000000000000e+00
1.023501340614557815e-19
1.475471468266979063e-19
2.266381156021412757e-19
1.470814665884404445e-20
6.422737751005658583e-20
6.461204359802802784e-20
1.377156567715863516e-19
2.956958052721331354e-19
2.435452997950312869e-19
0.000000000000000000e+00
2.471707575294020294e-19
1.996923940607139185e-19
8.309637023368267234e-20
1.037346950474931934e-19
2.180818430356298506e-19
3.067693599173606361e-19
2.084056949208134531e-19
1.125596290612668901e-20
0.000000000000000000e+00
1.338957392475732479e-19
1.461800638353228692e-19
0.000000000000000000e+00
1.700959530570325270e-19
7.514586187430057267e-20
6.201998151145143469e-20
5.892764983085454824e-20
1.316293188820895713e-19
0.000000000000000000e+00
1.270621675217970833e-19
6.300738867722395549e-20
0.000000000000000000e+00
1.228667217982100172e-19
1.705449674935075167e-19
2.514076648707936288e-19
2.246883412599282988e-19
7.336198523899692416e-20
3.891056560730726126e-19
9.398980682272854834e-20
5.942692414517400829e-20
9.086924906141385628e-20
0.000000000000000000e+00
0.000000000000000000e+00
4.669255544061250086e-20
8.511996364227830263e-20
0.000000000000000000e+00
1.184086039947444887e-19
3.512566496683584340e-19
1.942150579769208414e-19
2.151399622454057844e-19
0.000000000000000000e+00
4.725114023551975372e-20
4.705863695912242722e-20
1.948575266666536453e-19
6.329262109955190423e-20
4.828069226416941835e-20
1.196595362189309793e-19
0.000000000000000000e+00
0.000000000000000000e+00
3.744169519350320088e-19
6.236087524228960373e-21
0.000000000000000000e+00
4.003086133760848870e-20
1.150211015476697658e-19
4.856226278004694381e-20
1.895392075758952725e-19
9.345277993655054012e-20
0.000000000000000000e+00
2.605220244063186487e-22
0.000000000000000000e+00
0.000000000000000000e+00
0.000000000000000000e+00
1.060489924586336857e-19
4.053596162787821535e-20
3.302379524285687267e-20
0.000000000000000000e+00
1.771043019666511961e-19
4.146162956298415671e-20
3.052450990477551871e-20
6.540807142566596224e-20
1.436436270574353628e-19
7.733454321458292902e-20
0.000000000000000000e+00
4.352321515030428410e-19
1.453879774117442214e-19
1.182006012338319491e-19
2.264877160978196255e-19
2.015283473435973558e-19
5.169829304979624145e-20
3.665237917139271642e-20
1.086808622492384462e-19
3.838176264933788824e-20
3.411399444685036164e-20
1.817792914129589310e-19
1.189292484675041960e-19
2.282171924196461535e-19
5.408173569245050637e-20
1.859300137591120453e-19
1.243643428351335779e-19
4.479179144690610877e-20
3.658741736933459888e-20
3.491302068164737374e-20
3.404301438466043867e-20
2.563936817508939943e-19
1.668406804700367672e-19
4.861892125928421857e-20
3.340298661792088542e-19
6.438261621063834320e-20
7.742243356969074291e-20
3.014786895211234603e-19
1.370264634262999628e-19
2.347163421999725377e-19
1.700200897773592655e-19
0.000000000000000000e+00
1.140139141939485115e-19
1.585426679182465333e-19
0.000000000000000000e+00
1.879309886515040845e-19
3.138997923319641056e-19
0.000000000000000000e+00
0.000000000000000000e+00
7.599093858457824168e-20
4.371195223929451084e-20
2.627383874673370517e-19
3.569292500340855175e-19
0.000000000000000000e+00
0.000000000000000000e+00
1.131775531386633774e-19
8.341547985597356744e-20
2.302195088238709668e-19
1.311736818271407886e-19
4.602399701509314225e-20
7.730169554801410586e-20
4.259622302508249266e-20
1.870244507178187291e-19
4.728247715050839354e-20
0.000000000000000000e+00
1.086254141295376707e-19
1.524543046887394667e-19
0.000000000000000000e+00
0.000000000000000000e+00
1.056125826838878875e-19
0.000000000000000000e+00
1.788231456057823478e-19
4.254210738937264156e-20
0.000000000000000000e+00
0.000000000000000000e+00
0.000000000000000000e+00
0.000000000000000000e+00
0.000000000000000000e+00
9.728343020894300940e-20
2.891286160230177517e-20
2.304601029379462378e-20
1.702422623004408225e-19
3.294290049559507999e-20
0.000000000000000000e+00
1.311413818742060242e-19
2.880220998713414564e-20
2.061787392659589560e-20
1.305775559643809546e-19
1.763929275620446553e-19
3.173885414669050330e-20
0.000000000000000000e+00
1.825913855450790165e-20
2.040449376218474737e-19
1.441751792489876752e-19
0.000000000000000000e+00
9.381675765643922491e-20
2.468234472705547843e-20
3.915016238663873049e-19
4.777355652604221985e-20
2.850439848403924985e-19
0.000000000000000000e+00
0.000000000000000000e+00
2.452089682787038115e-19
0.000000000000000000e+00
2.423741510662953812e-20
1.722662269539990422e-19
1.060493878209332600e-19
1.043417995894757613e-19
1.786638874465147379e-19
4.074905152776716612e-19
2.767463719793452619e-19
4.726728856368744396e-20
0.000000000000000000e+00
0.000000000000000000e+00
3.248037330221806127e-19
1.608768213561477972e-19
1.148328264727628910e-19
3.344338977072801279e-19
0.000000000000000000e+00
2.560257605880455419e-19
8.242019769491935097e-20
2.232828782193347867e-19
0.000000000000000000e+00
1.075230634666461240e-19
1.120329138601512193e-19
3.587259953803755030e-20
0.000000000000000000e+00
2.961646443617121001e-20
3.269217047951953289e-19
1.974354939694175452e-19
0.000000000000000000e+00
0.000000000000000000e+00
1.769431864300557621e-19
0.000000000000000000e+00
0.000000000000000000e+00
2.120954301978648789e-19
1.497163427914075389e-19
0.000000000000000000e+00
1.006020423274245139e-19
1.789467601109721313e-19
1.094787041307895621e-19
0.000000000000000000e+00
0.000000000000000000e+00
2.323674292290740660e-20
3.204098631136680481e-19
4.071465391573240668e-20
1.369436138133613713e-19
3.021708379790818000e-20
2.361067891666698108e-20
5.936300413770338307e-20
2.398143336930327012e-20
5.815711990981108509e-20
5.976662796491805835e-20
1.338447985208688455e-19
1.004359465064680039e-19
0.000000000000000000e+00
0.000000000000000000e+00
1.729219006854493577e-20
1.686133351384882297e-20
9.045733148398402540e-20
2.427514504897258452e-19
6.561760225344317282e-20
2.003652827548688434e-20
1.651187668984899787e-19
2.098434977981042325e-19
0.000000000000000000e+00
1.720659443156439909e-20
5.352702652543155567e-20
1.297908674354723803e-19
5.930523957754751931e-20
9.327818352833916739e-20
9.435403225464127425e-20
0.000000000000000000e+00
0.000000000000000000e+00
8.888927046751381781e-20
1.297650094679743969e-19
2.069658550086095465e-20
5.226344893330099729e-20
1.636927815877366452e-20
3.486185996935425781e-19
3.060540663330637310e-20
0.000000000000000000e+00
1.632094533735126677e-19
2.076994487240949555e-19
2.500152973817728422e-20
1.664552641442309835e-20
2.757382852844784894e-19
0.000000000000000000e+00
0.000000000000000000e+00
3.499886437031778632e-19
6.865618841555091679e-20
2.060467170604738739e-20
2.031753645624468023e-19
2.114269847065946363e-19
1.757801231363626578e-19
2.606082831603908417e-20
1.942236210185672150e-20
1.298545983534334157e-19
2.461609888692424993e-19
2.517582337513448640e-19
2.903486573838811830e-19
2.931218162177074534e-19
0.000000000000000000e+00
2.283959225955765813e-20
2.078952223318800836e-19
0.000000000000000000e+00
3.564905993889532593e-19
0.000000000000000000e+00
1.715694268460610338e-19
0.000000000000000000e+00
2.447241171669911541e-19
2.906491905384182741e-19
1.820690650592724034e-19
0.000000000000000000e+00
1.713332411064138831e-19
1.022699647245367875e-19
1.741297977674683490e-19
3.253546494058448140e-19
1.457577387415644532e-19
1.771384840836146670e-19
2.906517750019988168e-20
2.323134639554893174e-20
2.183344972566991019e-20
2.076004900101286237e-20
1.312490231983438525e-19
0.000000000000000000e+00
1.297038962604755981e-19
2.152245445072040924e-20
2.402246007850214092e-19
0.000000000000000000e+00
0.000000000000000000e+00
1.264971714893599922e-19
1.844715873286448823e-20
8.873809159579352327e-20
0.000000000000000000e+00
4.991104551818243953e-20
1.351556992814027110e-20
1.149147051711312805e-20
4.779367700482046520e-20
1.140107968867039818e-20
2.698356840161507617e-19
0.000000000000000000e+00
1.005716756121408468e-20
0.000000000000000000e+00
3.059242789984793553e-19
0.000000000000000000e+00
4.687635231140997373e-20
1.218818102116801659e-19
2.356245145587776599e-19
0.000000000000000000e+00
1.960298527328840264e-19
1.641039391726136413e-19
2.383234053321188802e-19
0.000000000000000000e+00
1.233357911461116976e-19
1.464331506079039027e-20
4.872774864035679044e-20
0.000000000000000000e+00
1.037268299013910136e-20
4.189398261184541187e-19
2.113092172826907706e-20
8.620019099660642781e-20
1.271363441988603207e-20
0.000000000000000000e+00
4.686431275392565671e-20
0.000000000000000000e+00
2.690798740785199245e-19
1.525309794764540248e-20
8.386758003360253725e-20
2.336762307275718741e-19
2.747569606961701257e-19
1.635400296189779504e-20
4.779030540423600296e-20
4.806295066396128613e-20
1.062853567263695619e-20
0.000000000000000000e+00
8.380310917198155265e-21
7.833529724058759520e-21
1.931772388020521092e-19
4.831023272216221079e-20
1.571843367541319946e-19
8.473790167531841965e-20
1.577811487344119380e-19
9.787376740604828024e-21
2.676771416519822506e-19
1.985478200038269105e-19
1.213067538418374520e-20
1.200368187749141919e-19
2.706488238775043149e-19
0.000000000000000000e+00
4.610507910373476568e-20
8.357117733785169067e-20
9.492277419434128592e-21
3.425448048984914326e-19
0.000000000000000000e+00
0.000000000000000000e+00
7.588379480525811899e-21
7.056591014782764716e-21
0.000000000000000000e+00
1.917621950840663307e-19
1.574980534608725013e-19
0.000000000000000000e+00
8.030035702888737847e-20
0.000000000000000000e+00
5.234791914302761683e-21
0.000000000000000000e+00
7.861790825051445288e-20
0.000000000000000000e+00
1.151485147377628554e-19
5.033787061565345405e-21
0.000000000000000000e+00
1.145473298226159603e-19
4.444336645975332939e-21
2.956019245216520642e-21
3.979223275693075430e-20
0.000000000000000000e+00
1.510250858806355466e-19
3.629794968112387156e-21
1.511013481904535492e-19
0.000000000000000000e+00
0.000000000000000000e+00
2.625789507187097107e-19
5.381330282236346853e-21
1.145950000088881287e-19
1.528836740823151693e-19
1.163344440870319168e-19
0.000000000000000000e+00
1.894395262232153912e-19
5.259503904184163607e-21
0.000000000000000000e+00
7.755992934530105827e-20
3.600599119914510677e-21
0.000000000000000000e+00
2.364312691036009545e-21
2.030052116805434022e-21
1.876785341804451986e-19
1.519280389628546085e-19
1.519914002912957437e-19
0.000000000000000000e+00
2.255811579067124602e-19
0.000000000000000000e+00
0.000000000000000000e+00
2.251140127466075812e-21
1.878941495245508635e-19
2.951412992375656063e-21
0.000000000000000000e+00
0.000000000000000000e+00
0.000000000000000000e+00
1.498127485432931795e-19
0.000000000000000000e+00
1.044274799510900787e-21
8.444752030372195545e-22
6.667866884749715525e-22
1.864744299434113168e-19
1.228340020591565949e-21
7.510757497965332894e-20
2.612301632026441411e-19
1.875574031242690350e-19
3.884681013414627798e-20
7.564213218018049476e-20
1.120534778341815406e-21
1.123065140258063994e-19
1.495033534364089321e-19
7.260504793313472000e-22
1.491521846630928254e-19
3.757966131228948074e-20
1.240368676250991558e-22
1.317050588348054906e-23
1.618865306589024024e-24
1.815902914620971226e-25
1.695637150105711391e-26
1.310373112830814099e-27
1.217692481555813397e-28
1.476449144195691674e-29
1.938263575178710240e-30
2.483804551696099281e-31
3.014860929280220382e-32
3.446350228055545211e-33
3.779765639762739294e-34
4.127895992378684884e-35
4.611124487120245919e-36
5.224228876714431327e-37
5.821398927336605188e-38
6.241184795774962988e-39
6.438310614354405281e-40
6.540322866724516161e-41
6.765333043720330885e-42
7.326154533551511248e-43
8.377131070715089073e-44
1.000789311210740058e-44
1.225730808815846070e-45
1.512389799117114094e-46
1.856605739378644467e-47
2.249793543063346388e-48
2.679043814124082863e-49
3.128577540496469697e-50
3.583088232280234738e-51
4.032802304679034679e-52
4.478891717921746758e-53
4.936778151181310593e-54
5.434966639307261523e-55
6.008863907114939347e-56
6.691675668525843910e-57
7.506129256941654635e-58
8.460236474197796006e-59
9.547962156223235553e-60
1.075314244313760698e-60
1.205403080442186400e-61
1.342703524301382826e-62
1.485055785429156605e-63
1.631144939215670477e-64
1.781600518077072129e-65
1.940476390490302362e-66
2.116722197865480426e-67
2.325089604157670160e-68
2.585998947438318202e-69
2.924184212877885582e-70
3.366295818883778316e-71
3.937920489655446213e-72
4.660587356605455404e-73
5.549267774975251561e-74
6.610706296762492094e-75
7.842725322969853136e-76
9.234488083686679129e-77
1.076760361820327494e-77
1.241789898818599746e-78
1.415764591716450729e-79
1.595800554655388898e-80
1.779146037669786453e-81
1.963405365614673056e-82
2.146734955113609797e-83
2.328012884188262887e-84
2.506989714248842859e-85
2.684427482164630299e-86
2.862226936829577341e-87
3.043535052068330920e-88
3.232821699430316043e-89
3.435919908948110955e-90
3.660037736572445415e-91
3.913766654081244892e-92
4.207125016888158287e-93
4.551679760610868693e-94
4.960781679328634901e-95
5.449929061635994338e-96
6.037243669812956093e-97
6.744007476584944082e-98
7.595176112411201777e-99
8.619764486410207713e-100
9.850998498435015724e-101
1.132614584497754975e-101
1.308597297929425523e-102
1.517381243005131720e-103
1.763425156351540665e-104
2.051146249348576316e-105
2.384718621864598445e-106
2.767837746657333103e-107
3.203453287722979573e-108
3.693478463159174889e-109
4.238495206643517618e-110
4.837489276153850778e-111
5.487664951664428316e-112
6.184400599601564120e-113
6.921409858292377916e-114
7.691165786942408830e-115
8.485626818966220256e-116
9.297276213891102874e-117
1.012045524110364403e-117
1.095293941241280650e-118
1.179768065692290950e-119
1.266461845835768963e-120
1.357244965711996842e-121
1.455023850301321928e-122
1.563874415451159006e-123
1.689134181068276123e-124
1.837441753009608191e-125
2.016712871710635631e-126
2.236044607183913591e-127
2.505543144983523491e-128
2.836076012997602902e-129
3.238956275372259316e-130
3.725573575224090720e-131
4.306994118758110751e-132
4.993557854355926710e-133
5.794505381872268173e-134
6.717668904789428213e-135
7.769260468036337344e-136
8.953786778821040505e-137
1.027411338107072212e-137
1.173169246539883520e-138
1.332695908853991214e-139
1.505989128601582816e-140
1.693072192542877123e-141
1.894078560008152147e-142
2.109348352286200412e-143
2.339535366203442495e-144
2.585724160053659208e-145
2.849557784347418531e-146
3.133377638211969949e-147
3.440377336138612306e-148
3.774771997365713455e-149
4.141982783717562502e-150
4.548833827078147619e-151
5.003755261616884434e-152
5.516982624842034366e-153
6.100740416138772204e-154
6.769397211055958638e-155
7.539582389014064514e-156
8.430260778942521515e-157
9.462771228134579490e-158
1.066084731505606259e-158
1.205065144078463757e-159
1.366086506590450844e-160
1.552288543849258709e-161
1.767118058755474950e-162
2.014384817580743073e-163
2.298340965060911658e-164
2.623784989452858440e-165
2.996188633513382305e-166
3.421842318784940124e-167
3.908011954616873206e-168
4.463097762943763095e-169
5.096784222443952729e-170
5.820169576011418922e-171
6.645863590094733726e-172
7.588043332242014841e-173
8.662458500327570920e-174
9.886380131058924271e-175
1.127848921886524375e-175
1.285870487575276102e-176
1.464795528998004540e-177
1.666789918192081815e-178
1.894061111373217322e-179
2.148825132713976465e-180
2.433275011603991762e-181
2.749554820696904214e-182
3.099744795475180455e-183
3.485864459488117279e-184
3.909902100785378092e-185
4.373880161182821674e-186
4.879966891027247324e-187
5.430644755761707813e-188
6.028945343101548350e-189
6.678758749397882808e-190
7.385222542035127163e-191
8.155191428421325053e-192
8.997783854999703246e-193
9.924996169710125184e-194
1.095236906519541328e-194
1.209968520756291068e-195
1.339167171796984899e-196
1.485867699204392515e-197
1.653728867565646397e-198
1.847085888309409643e-199
2.070990430651534872e-200
2.331235301963084182e-201
2.634361674900488296e-202
2.987647732071362093e-203
3.399078894410593722e-204
3.877301390677477864e-205
4.431562790817915353e-206
5.071645223018716803e-207
5.807799255011523722e-208
6.650688747407554071e-209
7.611359256517034669e-210
8.701244639162132432e-211
9.932228279229821253e-212
1.131677680768370113e-212
1.286816559517052607e-213
1.460081756921206461e-214
1.653078236101231730e-215
1.867639678411725112e-216
2.105920216646699776e-217
2.370527544609672835e-218
2.664731678201112699e-219
2.992825212271431707e-220
3.360802693141849223e-221
3.777727597926470593e-222
4.258592277462001537e-223
4.830421369708612219e-224
5.545404268564338397e-225
6.509203971860827410e-226
7.941895343400150868e-227
1.030874835943005011e-227
1.459984774981880768e-228
2.292543932212664060e-229
3.977797240798714699e-230
7.469549545625957079e-231
1.478570237178523181e-231
3.017838785882703537e-232
6.256977988188557901e-233
1.305991948895036413e-233
2.730323794829327592e-234
5.701298867195759004e-235
1.187307164432716337e-235
2.463921975657161484e-236
5.092980651723726106e-237
1.048314012247064912e-237
2.148445612306710759e-238
4.383641829503361429e-239
8.904323769697403949e-240
1.800556130342898789e-240
3.624438918848147425e-241
7.262630975712769716e-242
1.448631955824413309e-242
2.876242330509188534e-243
5.684456950568346584e-244
1.118256735988344069e-244
2.189657131765895710e-245
4.267620707192289638e-246
8.278729156450969935e-247
1.598463588798645291e-247
3.071822132426692841e-248
5.875389118766661294e-249
1.118452228218994877e-249
2.119002327910744517e-250
3.995503778481317529e-251
7.497745113602107840e-252
1.400237428764927245e-252
2.602420153673914199e-253
4.813385823218304765e-254
8.859602625201800219e-255
1.622784560152805950e-255
2.957898471097479003e-256
5.365054239629445220e-257
9.683360140223297526e-258
1.739128967547627761e-258
3.108020134475860591e-259
5.526812735731126056e-260
9.779059688950151534e-261
1.721644040034163977e-261
3.015824155539195933e-262
5.256267837021891339e-263
9.114863724294050694e-264
1.572593455862613903e-264
2.699408906275513566e-265
4.609980851330603677e-266
7.832493996937360008e-267
1.323926157380877949e-267
2.226293422423425941e-268
3.724330074268665390e-269
6.198023005411906746e-270
1.026099717010193662e-270
1.689854789672614608e-271
2.768373469712638935e-272
4.511359595535949356e-273
7.312900371274383000e-274
1.179134227902040497e-274
1.891124467377054083e-275
3.016838928158967280e-276
4.786864182103891402e-277
7.554554419422280585e-278
1.185815514942500693e-278
1.851260998366882934e-279
2.874432483062398725e-280
4.438765084447796198e-281
6.816939110483663252e-282
1.041179125741308339e-282
1.581473128730861568e-283
2.388856240099328654e-284
3.588405515936500282e-285
5.360283397474916757e-286
7.962328983883197881e-287
1.176115495757073943e-287
1.727462525268383803e-288
2.522942706852521445e-289
3.663848243847716216e-290
5.290419456375469755e-291
7.595501361293938362e-292
1.084245487119337170e-292
1.538844473280794614e-293
2.171444906880143602e-294
3.046357678005055051e-295
4.248953090481370244e-296
5.891730562311869818e-297
8.121843381126564355e-298
1.113032864623599097e-298
1.516330334908790592e-299
2.053538687342375490e-300
2.764559345680894481e-301
3.699590015348048434e-302
4.921263095533202299e-303
6.507070021905053838e-304
8.552062297403076876e-305
1.117180214797908036e-305
1.450551335644514412e-306
1.871935581878348354e-307
2.400971599771267531e-308
3.060637039837914940e-309
3.877534163988098385e-310
4.882122838736739811e-311
6.108875368618933965e-312
7.596324403936199516e-313
9.386972735996587963e-314
1.152703255955169875e-314
1.406596212976631481e-315
1.705577009935052820e-316
2.055006271933518210e-317
2.460278933969821766e-318
2.926647259705208029e-319
3.458953586534567056e-320
4.061219608815046593e-321
4.693623635491842170e-322
4.940656458412465442e-323
0.000000000000000000e+00
0.000000000000000000e+00
0.000000000000000000e+00
0.000000000000000000e+00
0.000000000000000000e+00
0.000000000000000000e+00
0.000000000000000000e+00
0.000000000000000000e+00
0.000000000000000000e+00
0.000000000000000000e+00
0.000000000000000000e+00
0.000000000000000000e+00
0.000000000000000000e+00
0.000000000000000000e+00
0.000000000000000000e+00
0.000000000000000000e+00
0.000000000000000000e+00
0.000000000000000000e+00
0.000000000000000000e+00
0.000000000000000000e+00
0.000000000000000000e+00
0.000000000000000000e+00
0.000000000000000000e+00
0.000000000000000000e+00
0.000000000000000000e+00
0.000000000000000000e+00
0.000000000000000000e+00
0.000000000000000000e+00
0.000000000000000000e+00
0.000000000000000000e+00
0.000000000000000000e+00
0.000000000000000000e+00
0.000000000000000000e+00
0.000000000000000000e+00
0.000000000000000000e+00
0.000000000000000000e+00
0.000000000000000000e+00
0.000000000000000000e+00
0.000000000000000000e+00
0.000000000000000000e+00
0.000000000000000000e+00
0.000000000000000000e+00
0.000000000000000000e+00
0.000000000000000000e+00
0.000000000000000000e+00
0.000000000000000000e+00
0.000000000000000000e+00
0.000000000000000000e+00
0.000000000000000000e+00
0.000000000000000000e+00
0.000000000000000000e+00
0.000000000000000000e+00
0.000000000000000000e+00
0.000000000000000000e+00
0.000000000000000000e+00
0.000000000000000000e+00
0.000000000000000000e+00
0.000000000000000000e+00
0.000000000000000000e+00
0.000000000000000000e+00
0.000000000000000000e+00
0.000000000000000000e+00
0.000000000000000000e+00
0.000000000000000000e+00
0.000000000000000000e+00
0.000000000000000000e+00
0.000000000000000000e+00
0.000000000000000000e+00
0.000000000000000000e+00
0.000000000000000000e+00
0.000000000000000000e+00
0.000000000000000000e+00
0.000000000000000000e+00
0.000000000000000000e+00
0.000000000000000000e+00
0.000000000000000000e+00
0.000000000000000000e+00
0.000000000000000000e+00
0.000000000000000000e+00
0.000000000000000000e+00
0.000000000000000000e+00
0.000000000000000000e+00
0.000000000000000000e+00
0.000000000000000000e+00
0.000000000000000000e+00
0.000000000000000000e+00
0.000000000000000000e+00
0.000000000000000000e+00
0.000000000000000000e+00
0.000000000000000000e+00
0.000000000000000000e+00
0.000000000000000000e+00
0.000000000000000000e+00
0.000000000000000000e+00
0.000000000000000000e+00
0.000000000000000000e+00
0.000000000000000000e+00
0.000000000000000000e+00
0.000000000000000000e+00
0.000000000000000000e+00
0.000000000000000000e+00
0.000000000000000000e+00
0.000000000000000000e+00
0.000000000000000000e+00
0.000000000000000000e+00
0.000000000000000000e+00
0.000000000000000000e+00
0.000000000000000000e+00
0.000000000000000000e+00
0.000000000000000000e+00
0.000000000000000000e+00
0.000000000000000000e+00
0.000000000000000000e+00
0.000000000000000000e+00
0.000000000000000000e+00
0.000000000000000000e+00
0.000000000000000000e+00
0.000000000000000000e+00
0.000000000000000000e+00
0.000000000000000000e+00
0.000000000000000000e+00
0.000000000000000000e+00
0.000000000000000000e+00
0.000000000000000000e+00
0.000000000000000000e+00
0.000000000000000000e+00
0.000000000000000000e+00
0.000000000000000000e+00
0.000000000000000000e+00
0.000000000000000000e+00
0.000000000000000000e+00
0.000000000000000000e+00
0.000000000000000000e+00
0.000000000000000000e+00
0.000000000000000000e+00
0.000000000000000000e+00
0.000000000000000000e+00
0.000000000000000000e+00
0.000000000000000000e+00
0.000000000000000000e+00
0.000000000000000000e+00
0.000000000000000000e+00
0.000000000000000000e+00
0.000000000000000000e+00
0.000000000000000000e+00
0.000000000000000000e+00
0.000000000000000000e+00
0.000000000000000000e+00
0.000000000000000000e+00
0.000000000000000000e+00
0.000000000000000000e+00
0.000000000000000000e+00
0.000000000000000000e+00
0.000000000000000000e+00
0.000000000000000000e+00
0.000000000000000000e+00
0.000000000000000000e+00
0.000000000000000000e+00
0.000000000000000000e+00
0.000000000000000000e+00
0.000000000000000000e+00
0.000000000000000000e+00
0.000000000000000000e+00
0.000000000000000000e+00
0.000000000000000000e+00
0.000000000000000000e+00
0.000000000000000000e+00
0.000000000000000000e+00
0.000000000000000000e+00
0.000000000000000000e+00
0.000000000000000000e+00
0.000000000000000000e+00
0.000000000000000000e+00
0.000000000000000000e+00
0.000000000000000000e+00
0.000000000000000000e+00
0.000000000000000000e+00
0.000000000000000000e+00
0.000000000000000000e+00
0.000000000000000000e+00
0.000000000000000000e+00
0.000000000000000000e+00
0.000000000000000000e+00
0.000000000000000000e+00
0.000000000000000000e+00
0.000000000000000000e+00
0.000000000000000000e+00
0.000000000000000000e+00
0.000000000000000000e+00
0.000000000000000000e+00
0.000000000000000000e+00
0.000000000000000000e+00
0.000000000000000000e+00
0.000000000000000000e+00
0.000000000000000000e+00
0.000000000000000000e+00
0.000000000000000000e+00
0.000000000000000000e+00
0.000000000000000000e+00
0.000000000000000000e+00
0.000000000000000000e+00
0.000000000000000000e+00
0.000000000000000000e+00
0.000000000000000000e+00
0.000000000000000000e+00
0.000000000000000000e+00
0.000000000000000000e+00
0.000000000000000000e+00
0.000000000000000000e+00
0.000000000000000000e+00
0.000000000000000000e+00
0.000000000000000000e+00
0.000000000000000000e+00
0.000000000000000000e+00
0.000000000000000000e+00
0.000000000000000000e+00
0.000000000000000000e+00
0.000000000000000000e+00
0.000000000000000000e+00
0.000000000000000000e+00
0.000000000000000000e+00
0.000000000000000000e+00
0.000000000000000000e+00
0.000000000000000000e+00
0.000000000000000000e+00
0.000000000000000000e+00
0.000000000000000000e+00
0.000000000000000000e+00
0.000000000000000000e+00
0.000000000000000000e+00
0.000000000000000000e+00
0.000000000000000000e+00
0.000000000000000000e+00
0.000000000000000000e+00
0.000000000000000000e+00
0.000000000000000000e+00
0.000000000000000000e+00
0.000000000000000000e+00
0.000000000000000000e+00
0.000000000000000000e+00
0.000000000000000000e+00
0.000000000000000000e+00
0.000000000000000000e+00
0.000000000000000000e+00
0.000000000000000000e+00
0.000000000000000000e+00
0.000000000000000000e+00
0.000000000000000000e+00
0.000000000000000000e+00
0.000000000000000000e+00
0.000000000000000000e+00
0.000000000000000000e+00
0.000000000000000000e+00
0.000000000000000000e+00
0.000000000000000000e+00
0.000000000000000000e+00
0.000000000000000000e+00
0.000000000000000000e+00
0.000000000000000000e+00
0.000000000000000000e+00
0.000000000000000000e+00
0.000000000000000000e+00
0.000000000000000000e+00
0.000000000000000000e+00
0.000000000000000000e+00
0.000000000000000000e+00
0.000000000000000000e+00
0.000000000000000000e+00
0.000000000000000000e+00
0.000000000000000000e+00
0.000000000000000000e+00
0.000000000000000000e+00
0.000000000000000000e+00
0.000000000000000000e+00
0.000000000000000000e+00
0.000000000000000000e+00
0.000000000000000000e+00
0.000000000000000000e+00
0.000000000000000000e+00
0.000000000000000000e+00
0.000000000000000000e+00
0.000000000000000000e+00
0.000000000000000000e+00
0.000000000000000000e+00
0.000000000000000000e+00
0.000000000000000000e+00
0.000000000000000000e+00
0.000000000000000000e+00
0.000000000000000000e+00
0.000000000000000000e+00
0.000000000000000000e+00
0.000000000000000000e+00
0.000000000000000000e+00
0.000000000000000000e+00
0.000000000000000000e+00
0.000000000000000000e+00
0.000000000000000000e+00
0.000000000000000000e+00
0.000000000000000000e+00
0.000000000000000000e+00
0.000000000000000000e+00
0.000000000000000000e+00
0.000000000000000000e+00
0.000000000000000000e+00
0.000000000000000000e+00
0.000000000000000000e+00
0.000000000000000000e+00
0.000000000000000000e+00
0.000000000000000000e+00
0.000000000000000000e+00
0.000000000000000000e+00
0.000000000000000000e+00
0.000000000000000000e+00
0.000000000000000000e+00
0.000000000000000000e+00
0.000000000000000000e+00
0.000000000000000000e+00
0.000000000000000000e+00
0.000000000000000000e+00
0.000000000000000000e+00
0.000000000000000000e+00
0.000000000000000000e+00
0.000000000000000000e+00
0.000000000000000000e+00
0.000000000000000000e+00
0.000000000000000000e+00
0.000000000000000000e+00
0.000000000000000000e+00
0.000000000000000000e+00
0.000000000000000000e+00
0.000000000000000000e+00
0.000000000000000000e+00
0.000000000000000000e+00
0.000000000000000000e+00
0.000000000000000000e+00
0.000000000000000000e+00
0.000000000000000000e+00
0.000000000000000000e+00
0.000000000000000000e+00
0.000000000000000000e+00
0.000000000000000000e+00
0.000000000000000000e+00
0.000000000000000000e+00
0.000000000000000000e+00
0.000000000000000000e+00
0.000000000000000000e+00
0.000000000000000000e+00
0.000000000000000000e+00
0.000000000000000000e+00
0.000000000000000000e+00
0.000000000000000000e+00
0.000000000000000000e+00
0.000000000000000000e+00
0.000000000000000000e+00
0.000000000000000000e+00
0.000000000000000000e+00
0.000000000000000000e+00
0.000000000000000000e+00
0.000000000000000000e+00
0.000000000000000000e+00
0.000000000000000000e+00
0.000000000000000000e+00
0.000000000000000000e+00
0.000000000000000000e+00
0.000000000000000000e+00
0.000000000000000000e+00
0.000000000000000000e+00
0.000000000000000000e+00
0.000000000000000000e+00
0.000000000000000000e+00
0.000000000000000000e+00
0.000000000000000000e+00
0.000000000000000000e+00
0.000000000000000000e+00
0.000000000000000000e+00
0.000000000000000000e+00
0.000000000000000000e+00
0.000000000000000000e+00
0.000000000000000000e+00
0.000000000000000000e+00
0.000000000000000000e+00
0.000000000000000000e+00
0.000000000000000000e+00
0.000000000000000000e+00
0.000000000000000000e+00
0.000000000000000000e+00
0.000000000000000000e+00
0.000000000000000000e+00
0.000000000000000000e+00
0.000000000000000000e+00
0.000000000000000000e+00
0.000000000000000000e+00
0.000000000000000000e+00
0.000000000000000000e+00
0.000000000000000000e+00
0.000000000000000000e+00
0.000000000000000000e+00
0.000000000000000000e+00
0.000000000000000000e+00
0.000000000000000000e+00
0.000000000000000000e+00
0.000000000000000000e+00
0.000000000000000000e+00
0.000000000000000000e+00
0.000000000000000000e+00
0.000000000000000000e+00
0.000000000000000000e+00
0.000000000000000000e+00
0.000000000000000000e+00
0.000000000000000000e+00
0.000000000000000000e+00
0.000000000000000000e+00
0.000000000000000000e+00
0.000000000000000000e+00
0.000000000000000000e+00
0.000000000000000000e+00
0.000000000000000000e+00
0.000000000000000000e+00
0.000000000000000000e+00
0.000000000000000000e+00
0.000000000000000000e+00
0.000000000000000000e+00
0.000000000000000000e+00
0.000000000000000000e+00
0.000000000000000000e+00
0.000000000000000000e+00
0.000000000000000000e+00
0.000000000000000000e+00
0.000000000000000000e+00
0.000000000000000000e+00
0.000000000000000000e+00
0.000000000000000000e+00
0.000000000000000000e+00
0.000000000000000000e+00
0.000000000000000000e+00
0.000000000000000000e+00
0.000000000000000000e+00
0.000000000000000000e+00
0.000000000000000000e+00
0.000000000000000000e+00
0.000000000000000000e+00
0.000000000000000000e+00
0.000000000000000000e+00
0.000000000000000000e+00
0.000000000000000000e+00
0.000000000000000000e+00
0.000000000000000000e+00
0.000000000000000000e+00
0.000000000000000000e+00
0.000000000000000000e+00
0.000000000000000000e+00
0.000000000000000000e+00
0.000000000000000000e+00
0.000000000000000000e+00
0.000000000000000000e+00
0.000000000000000000e+00
0.000000000000000000e+00
0.000000000000000000e+00
0.000000000000000000e+00
0.000000000000000000e+00
0.000000000000000000e+00
0.000000000000000000e+00
0.000000000000000000e+00
0.000000000000000000e+00
0.000000000000000000e+00
0.000000000000000000e+00
0.000000000000000000e+00
0.000000000000000000e+00
0.000000000000000000e+00
0.000000000000000000e+00
0.000000000000000000e+00
0.000000000000000000e+00
0.000000000000000000e+00
0.000000000000000000e+00
0.000000000000000000e+00
0.000000000000000000e+00
0.000000000000000000e+00
0.000000000000000000e+00
0.000000000000000000e+00
0.000000000000000000e+00
0.000000000000000000e+00
0.000000000000000000e+00
0.000000000000000000e+00
0.000000000000000000e+00
0.000000000000000000e+00
0.000000000000000000e+00
0.000000000000000000e+00
0.000000000000000000e+00
0.000000000000000000e+00
0.000000000000000000e+00
0.000000000000000000e+00
0.000000000000000000e+00
0.000000000000000000e+00
0.000000000000000000e+00
0.000000000000000000e+00
0.000000000000000000e+00
0.000000000000000000e+00
0.000000000000000000e+00
0.000000000000000000e+00
0.000000000000000000e+00
0.000000000000000000e+00
0.000000000000000000e+00
0.000000000000000000e+00
0.000000000000000000e+00
0.000000000000000000e+00
0.000000000000000000e+00
0.000000000000000000e+00
0.000000000000000000e+00
0.000000000000000000e+00
0.000000000000000000e+00
0.000000000000000000e+00
0.000000000000000000e+00
0.000000000000000000e+00
0.000000000000000000e+00
0.000000000000000000e+00
0.000000000000000000e+00
0.000000000000000000e+00
0.000000000000000000e+00
0.000000000000000000e+00
0.000000000000000000e+00
0.000000000000000000e+00
0.000000000000000000e+00
0.000000000000000000e+00
0.000000000000000000e+00
0.000000000000000000e+00
0.000000000000000000e+00
0.000000000000000000e+00
0.000000000000000000e+00
0.000000000000000000e+00
0.000000000000000000e+00
0.000000000000000000e+00
0.000000000000000000e+00
0.000000000000000000e+00
0.000000000000000000e+00
0.000000000000000000e+00
0.000000000000000000e+00
0.000000000000000000e+00
0.000000000000000000e+00
0.000000000000000000e+00
0.000000000000000000e+00
0.000000000000000000e+00
0.000000000000000000e+00
0.000000000000000000e+00
0.000000000000000000e+00
0.000000000000000000e+00
0.000000000000000000e+00
0.000000000000000000e+00
0.000000000000000000e+00
0.000000000000000000e+00
0.000000000000000000e+00
0.000000000000000000e+00
0.000000000000000000e+00
0.000000000000000000e+00
0.000000000000000000e+00
0.000000000000000000e+00
0.000000000000000000e+00
0.000000000000000000e+00
0.000000000000000000e+00
0.000000000000000000e+00
