2.151620678963936939e-01
3.258759060406282021e-02
1.741433151892848516e-02
1.645629981505530512e-02
1.770524629102177352e-02
1.916873249850138336e-02
2.050544193415493668e-02
2.167562952824231975e-02
2.267862026354794738e-02
2.351225672385740678e-02
2.417273031056396682e-02
2.465794197427181866e-02
2.496926156855604900e-02
2.511191351048041795e-02
2.509459667680306871e-02
2.492875265018038716e-02
2.462773450698843916e-02
2.420601960148813236e-02
2.367853709300429474e-02
2.306013463603209107e-02
2.236518174647616694e-02
2.160729380989026213e-02
2.079915557535385456e-02
1.995242267360568256e-02
1.907768180981467623e-02
1.818445334256437243e-02
1.728122315116629656e-02
1.637549360720125941e-02
1.547384594355892366e-02
1.458200833098577225e-02
1.370492557012057896e-02
1.284682755298281222e-02
1.201129461077041216e-02
1.120131860447205578e-02
1.041935917825393722e-02
9.667395017620811562e-03
8.946970260189897675e-03
8.259236415471670617e-03
7.604990276831393586e-03
6.984708367868958448e-03
6.398578470420321872e-03
5.846528745612041000e-03
5.328254895674826123e-03
4.843245734213132495e-03
4.390807446370950662e-03
3.970086735868094165e-03
3.580092979106974313e-03
3.219719441289195950e-03
2.887763557716513385e-03
2.582946245650958369e-03
2.303930187611630265e-03
2.049337014363803583e-03
1.817763313244547289e-03
1.607795392829192323e-03
1.418022746257263352e-03
1.247050170942453533e-03
1.093508520252743210e-03
9.560640816930277355e-04
8.334265950456564787e-04
7.243559419664932905e-04
6.276675550600721706e-04
5.422366090223728740e-04
4.670010687611579918e-04
4.009636793310591280e-04
3.431929900110147129e-04
2.928235099488402603e-04
2.490550956135087891e-04
2.111516709936985090e-04
1.784393802644274399e-04
1.503042697414651969e-04
1.261895916026650440e-04
1.055928163300821464e-04
8.806243437072959587e-05
7.319462037412551513e-05
6.062982577460647541e-05
5.004935766287644925e-05
4.117199402926893391e-05
3.375067773241799759e-05
2.756932409819097248e-05
2.243977000495608410e-05
1.819888575765184717e-05
1.470586506490911919e-05
1.183970305663871238e-05
9.496867540401685961e-06
7.589164598759774810e-06
6.041796167293544009e-06
4.791604379496428118e-06
3.785495185562849806e-06
2.979032003282585360e-06
2.335188891479830336e-06
1.823251896195200192e-06
1.417856752276628932e-06
1.098150973209297453e-06
8.470684767841277325e-07
6.507052228709006023e-07
4.977848353694584775e-07
3.792038010239006540e-07
2.876465450810334438e-07
2.172614453135900220e-07
1.633896333277472243e-07
1.223392226209256604e-07
9.119837740063964716e-08
6.768138062875563822e-08
5.000256306995722285e-08
3.677360983884620842e-08
2.692036252853717222e-08
1.961578098381505137e-08
1.422621903035067757e-08
1.026860381716652915e-08
7.376491711650915603e-09
5.273307544213764812e-09
3.751362565728802689e-09
2.655493721254717520e-09
1.870376750597689800e-09
1.310742679956720991e-09
9.138752845886346423e-10
6.338899222487029291e-10
4.373953067622349673e-10
3.002225582721597034e-10
2.049730131739677330e-10
1.391903264237377255e-10
9.400585830951557284e-11
6.314055269913538980e-11
4.217384113620921637e-11
2.801125554617410690e-11
1.849905492274423367e-11
1.214693226415433125e-11
7.929682239474342669e-12
5.146226258424865872e-12
3.319992278632186394e-12
2.128977485133771750e-12
1.356942192059057567e-12
8.595630108012009875e-13
5.411149372411771112e-13
3.385053282309004418e-13
2.104131843435252623e-13
1.299530373643686108e-13
7.973815331109591317e-14
4.860454938301290023e-14
2.943021839142824282e-14
1.769998576065962564e-14
1.057220474476707386e-14
6.271284760337341719e-15
3.694879095167238477e-15
2.159371116697091077e-15
1.255565082335715088e-15
7.228994913363729381e-16
4.140360308046426531e-16
2.354672011120120750e-16
1.322539233795478748e-16
7.387260814231974103e-17
4.082939349135687810e-17
2.250441722914157769e-17
1.175327728098011121e-17
6.298830161510631333e-18
2.470657660334971168e-18
2.090870329584854176e-18
1.019410926678560464e-18
5.360079427682213703e-19
2.828351699043475485e-19
1.495472680683005623e-19
0.000000000000000000e+00
0.000000000000000000e+00
5.824188704149257825e-19
0.000000000000000000e+00
3.880185835802009803e-19
0.000000000000000000e+00
1.268285411036429194e-20
7.563066257171303323e-19
0.000000000000000000e+00
1.130857083992447755e-20
5.683942737671015185e-19
0.000000000000000000e+00
8.793998580513923744e-21
0.000000000000000000e+00
0.000000000000000000e+00
1.848323108270060814e-21
0.000000000000000000e+00
3.049899682069065175e-22
8.384437313149966707e-23
1.569686788125126241e-23
1.971437876800517650e-24
2.022955110361631857e-25
2.122383106909776765e-26
2.726301990106823383e-27
5.766170384450259417e-28
1.791269387097076459e-28
6.353179689113380624e-29
2.345403997259518758e-29
8.754633605226567710e-30
3.259000351563637701e-30
1.202021258279097091e-30
4.380350200081743060e-31
1.575392820453022317e-31
5.589084000122320078e-32
1.955420722989635609e-32
6.745086541089955125e-33
2.293441342344809544e-33
7.685029051010390836e-34
2.537258150395661427e-34
8.251762860688588747e-35
2.642965535587850742e-35
8.334828875070870445e-36
2.587366833743558796e-36
7.904402874496308693e-37
2.375862652271253697e-37
7.024316244086833445e-38
2.042228103119031485e-38
5.837227330258981955e-39
1.639809794102935183e-39
4.526315179269541539e-40
1.227264114639916457e-40
3.267745176510453387e-41
8.541765581235878370e-42
2.191322205444412453e-42
5.515578795726102212e-43
1.361653547185123966e-43
3.296055001638274118e-44
7.820478984193422950e-45
1.818189681503764344e-45
4.140614788003960242e-46
9.233366829246751691e-47
2.015448287640544670e-47
4.304701317209899971e-48
8.993202824921747643e-49
1.837056893923569958e-49
3.667761577477788782e-50
7.154507800202819089e-51
1.362965638967611654e-51
2.534773493432378244e-52
4.600037409587215016e-53
8.142664071123840264e-54
1.405289030450170558e-54
2.363555254856606303e-55
3.872305877590462117e-56
6.176975946820039382e-57
9.589119294990883436e-58
1.447997476052634220e-58
2.125828751896708761e-59
3.032777392739052558e-60
4.202233019711886945e-61
5.652201674672588408e-62
7.375960250426645518e-63
9.333469739713431027e-64
1.144580058417434167e-64
1.359493238502086560e-65
1.563073523201747367e-66
1.738565495450893145e-67
1.869578984756147767e-68
1.942510332437249141e-69
1.948807359873945596e-70
1.886571607845161201e-71
1.761093867018810243e-72
1.584147490646509301e-73
1.372159277167108517e-74
1.143651618406007448e-75
9.165162013023202163e-77
7.056879211239661083e-78
5.216415243134854500e-79
3.698885572235514146e-80
2.513925949492641114e-81
1.636256558046505693e-82
1.019043496471948495e-83
6.067247727162943521e-85
3.450273566599468339e-86
1.872288051012641601e-87
9.685736527012899284e-89
4.772055951825875138e-90
2.236924658796622871e-91
9.965926913661886760e-93
4.215402354085502415e-94
1.690971039684004419e-95
6.425628088401004043e-97
2.310301933800396469e-98
7.850030482422203367e-100
2.517575750168332081e-101
7.611041984121689170e-103
2.166105112798254941e-104
5.795527753273005037e-106
1.455688428707823206e-107
3.427428317764437873e-109
7.553231645487503636e-111
1.555527974922106645e-112
2.988782978071670950e-114
5.348681761733120775e-116
8.899611340720429481e-118
1.374274290603508420e-119
1.965750538787463920e-121
2.599422331254483474e-123
3.171201733182793559e-125
3.561529904653767062e-127
3.674021469759582577e-129
3.473143516457775084e-131
3.001354784125383980e-133
2.364907050991619642e-135
1.694529394468817850e-137
1.101038549267996398e-139
6.468363355042539434e-142
3.425157217483055375e-144
1.629474524336331467e-146
6.940779145631695484e-149
2.637517809419192662e-151
8.907509090517286225e-154
2.662843291791179157e-156
7.016467014830552077e-159
1.622267050805609129e-161
3.275580207105094274e-164
5.746735659619182708e-167
8.713443048253002587e-170
1.135309461003906171e-172
1.263437635839947587e-175
1.193142568659671012e-178
9.495604587076671638e-182
6.321625521906825757e-185
3.492743490711891361e-188
1.587970107978643242e-191
5.886907276277614944e-195
1.762102249222722476e-198
4.213775064173499631e-202
7.958624734700334238e-206
1.172613274250072184e-209
1.329824638668177721e-213
1.144004486541921852e-217
7.347949866057807936e-222
3.463337895819126408e-226
1.175427974319038672e-230
2.813586734764701460e-235
4.642838462550771231e-240
5.150462870280446120e-245
3.735697287512518551e-250
1.717744379784098665e-255
4.838178562318363210e-261
8.032578922867861029e-267
7.529090014226225729e-273
3.795005159398540709e-279
9.734430468235742054e-286
1.193262869314277108e-292
6.504118985412569795e-300
1.450596097544641147e-307
1.201781917075200027e-315
4.940656458412465442e-324
0.000000000000000000e+00
0.000000000000000000e+00
0.000000000000000000e+00
0.000000000000000000e+00
0.000000000000000000e+00
0.000000000000000000e+00
0.000000000000000000e+00
0.000000000000000000e+00
0.000000000000000000e+00
0.000000000000000000e+00
0.000000000000000000e+00
0.000000000000000000e+00
0.000000000000000000e+00
0.000000000000000000e+00
0.000000000000000000e+00
0.000000000000000000e+00
