2.139894741031083680e-01
2.779739536688996537e-02
9.317020660930647527e-03
5.945880289061146289e-03
5.490219832620938517e-03
5.681897083032056914e-03
5.995536636336055124e-03
6.309790519604349147e-03
6.602379039844226243e-03
6.873219156832552877e-03
7.125682035458163685e-03
7.362694956900054342e-03
7.586295458798989963e-03
7.797818627140405343e-03
7.998113054964608656e-03
8.187696673385730373e-03
8.366861595452915884e-03
8.535745677060998376e-03
8.694383135767286275e-03
8.842741627231141474e-03
8.980750123444224478e-03
9.108320200146093754e-03
9.225362362962086574e-03
9.331798483912388115e-03
9.427571095652009792e-03
9.512650098273178756e-03
9.587037315878236404e-03
9.650769264948070442e-03
9.703918445023097111e-03
9.746593423582089119e-03
9.778937955202980647e-03
9.801129346886398516e-03
9.813376255277771534e-03
9.815916076829534972e-03
9.809012068600670917e-03
9.792950315523119703e-03
9.768036639763237952e-03
9.734593529445601662e-03
9.692957147596761511e-03
9.643474467751485951e-03
9.586500570212904207e-03
9.522396122388306766e-03
9.451525057805913385e-03
9.374252461199555561e-03
9.290942661256778451e-03
9.201957528087185284e-03
9.107654969005538753e-03
9.008387613680241685e-03
8.904501677915623373e-03
8.796335994182813076e-03
8.684221196369027590e-03
8.568479045970661678e-03
8.449421887024910482e-03
8.327352217382661889e-03
8.202562364403380782e-03
8.075334253758420511e-03
7.945939260709593624e-03
7.814638133961229749e-03
7.681680982934977961e-03
7.547307320065747838e-03
7.411746150455449621e-03
7.275216101930524065e-03
7.137925589226845960e-03
7.000073006663467406e-03
6.861846944263996426e-03
6.723426422837953248e-03
6.584981144045189139e-03
6.446671751935328411e-03
6.308650102881515655e-03
6.171059541217092416e-03
6.034035178235547942e-03
5.897704172532345322e-03
5.762186009953388678e-03
5.627592781671434015e-03
5.494029459141618055e-03
5.361594164892184884e-03
5.230378438289608536e-03
5.100467495578255538e-03
4.971940483639485445e-03
4.844870727040350052e-03
4.719325968054193139e-03
4.595368599432709915e-03
4.473055889793273870e-03
4.352440201559823474e-03
4.233569201458433663e-03
4.116486063622817014e-03
4.001229665410740641e-03
3.887834776071027055e-03
3.776332238431415536e-03
3.666749143803675528e-03
3.559109000321959010e-03
3.453431894944943969e-03
3.349734649363802792e-03
3.248030970063665521e-03
3.148331592790470229e-03
3.050644421674660826e-03
2.954974663261456577e-03
2.861324955692291522e-03
2.769695493275873242e-03
2.680084146679386631e-03
2.592486578960464388e-03
2.506896357650754709e-03
2.423305063090359056e-03
2.341702393200745594e-03
2.262076264871845828e-03
2.184412912126464795e-03
2.108696981213078851e-03
2.034911622765843160e-03
1.963038581158804956e-03
1.893058281169658933e-03
1.824949912057451454e-03
1.758691509147956595e-03
1.694260033010574693e-03
1.631631446301256292e-03
1.570780788337250433e-03
1.511682247461463083e-03
1.454309231247274134e-03
1.398634434587499179e-03
1.344629905706002781e-03
1.292267110124728285e-03
1.241516992614855562e-03
1.192350037156531982e-03
1.144736324928778042e-03
1.098645590348156951e-03
1.054047275172922222e-03
1.010910580687626303e-03
9.692045179820699824e-04
9.288979563377911105e-04
8.899596697349409623e-04
8.523583814924337804e-04
8.160628070546726513e-04
7.810416949386860290e-04
7.472638658564477020e-04
7.146982500281829926e-04
6.833139227037431183e-04
6.530801379104540002e-04
6.239663604473976192e-04
5.959422961475784866e-04
5.689779204311318358e-04
5.430435051743231611e-04
5.181096439207856117e-04
4.941472754630739112e-04
4.711277058242875843e-04
4.490226286710552483e-04
4.278041441907227830e-04
4.074447764670648228e-04
3.879174893901730188e-04
3.691957011375613176e-04
3.512532972645942262e-04
3.340646424435930804e-04
3.176045908918334322e-04
3.018484955296447838e-04
2.867722159104737155e-04
2.723521249655597208e-04
2.585651146063307616e-04
2.453886002280308279e-04
2.328005241585431146e-04
2.207793580964233855e-04
2.093041045823291525e-04
1.983542975480739130e-04
1.879100019872994123e-04
1.779518127916510995e-04
1.684608527960276391e-04
1.594187700760197539e-04
1.508077345402433626e-04
1.426104338596771530e-04
1.348100687754694420e-04
1.273903478260052875e-04
1.203354815331933979e-04
1.136301760871878620e-04
1.072596265677284305e-04
1.012095097395001615e-04
9.546597645779710125e-05
9.001564371980457706e-05
8.484558639573644380e-05
7.994332867296918843e-05
7.529683524518047933e-05
7.089450227735011258e-05
6.672514817635627168e-05
6.277800419565685735e-05
5.904270490141256476e-05
5.550927852619458720e-05
5.216813723523224455e-05
4.901006732894113522e-05
4.602621940431489590e-05
4.320809849657683132e-05
4.054755422129491845e-05
3.803677093602903143e-05
3.566825793945236760e-05
3.343483972474589990e-05
3.132964630296251435e-05
2.934610361100980673e-05
2.747792401783156035e-05
2.571909694134139724e-05
2.406387958764656044e-05
2.250678782319732882e-05
2.104258718948200403e-05
1.966628406900590529e-05
1.837311701046821438e-05
1.715854822011579547e-05
1.601825522552535706e-05
1.494812271724797420e-05
1.394423457301090999e-05
1.300286606847764082e-05
1.212047627787527521e-05
1.129370066717374928e-05
1.051934388187276291e-05
9.794372730898374743e-06
9.115909367555911992e-06
8.481224667978728797e-06
7.887731807036467058e-06
7.332980031217487583e-06
6.814648627569854380e-06
6.330541087440749636e-06
5.878579463334523453e-06
5.456798916912874391e-06
5.063342455878320472e-06
4.696455857159653125e-06
4.354482773581328519e-06
4.035860020992121223e-06
3.739113042605353694e-06
3.462851547109565421e-06
3.205765316974182169e-06
2.966620183226514557e-06
2.744254162834919618e-06
2.537573754763743288e-06
2.345550390654705932e-06
2.167217036030915586e-06
2.001664937876472855e-06
1.848040514385914704e-06
1.705542382667584381e-06
1.573418520179712963e-06
1.450963555649727841e-06
1.337516185284521603e-06
1.232456710045341822e-06
1.135204689851905627e-06
1.045216710561910661e-06
9.619842596754514219e-07
8.850317067073162646e-07
8.139143843071354519e-07
7.482167661963839871e-07
6.875507381191272591e-07
6.315539580621628729e-07
5.798883020646191588e-07
5.322383920652846379e-07
4.883102022684190248e-07
4.478297406414167751e-07
4.105418022320353528e-07
3.762087910867234818e-07
3.446096076607637489e-07
3.155385986606067411e-07
2.888045664396169668e-07
2.642298350744090532e-07
2.416493703883299186e-07
2.209099513083806004e-07
2.018693899722318557e-07
1.843957981631854111e-07
1.683668976891211889e-07
1.536693724568685520e-07
1.401982600511778756e-07
1.278563807401896462e-07
1.165538018867777767e-07
1.062073358730110411e-07
9.674006968075859650e-08
8.808092438849049193e-08
8.016424290762503232e-08
7.292940434544595031e-08
6.632046350038033248e-08
6.028581400650158824e-08
5.477787376586199674e-08
4.975279134756231963e-08
4.517017209573701925e-08
4.099282278587164095e-08
3.718651366968794617e-08
3.371975686753966967e-08
3.056360008507981390e-08
2.769143470396676203e-08
2.507881732937965088e-08
2.270330395043160463e-08
2.054429589848262838e-08
1.858289683867479834e-08
1.680178008050831097e-08
1.518506552069719648e-08
1.371820558419194836e-08
1.238787955870047955e-08
1.118189576017765622e-08
1.008910098762900372e-08
9.099296780307840153e-09
8.203161998188296871e-09
7.392181285812289130e-09
6.658579012122638004e-09
5.995258291359812826e-09
5.395744735297259679e-09
4.854134582722171366e-09
4.365046896084108556e-09
3.923579537245558279e-09
3.525268627365390939e-09
3.166051256429804589e-09
2.842231173610228602e-09
2.550447262636657861e-09
2.287644572254461384e-09
2.051047717770134525e-09
1.838136466999738592e-09
1.646623348309206307e-09
1.474433116159978291e-09
1.319683940792004872e-09
1.180670173928478581e-09
1.055846574015574600e-09
9.438138731205230865e-10
8.433055789335284583e-10
7.531759104413315221e-10
6.723887755302477056e-10
6.000077069869835688e-10
5.351866821575921494e-10
4.771617409416454840e-10
4.252433534939589032e-10
3.788094532085080076e-10
3.372991058085929931e-10
3.002067332697607464e-10
2.670768707187425975e-10
2.374993846183070781e-10
2.111051411586693084e-10
1.875620598050057639e-10
1.665715344549187246e-10
1.478651884846064664e-10
1.312019228892964817e-10
1.163652534031139096e-10
1.031608799842808669e-10
9.141450408173277260e-11
8.096983882942432976e-11
7.168681475730718901e-11
6.343995738968214721e-11
5.611691827717244263e-11
4.961714975558422193e-11
4.385071128196743943e-11
3.873718277918521071e-11
3.420469632851842379e-11
3.018905280077469068e-11
2.663293547215396719e-11
2.348519222733937066e-11
2.070019625256490497e-11
1.823727044795934155e-11
1.606016310912450440e-11
1.413658680095973289e-11
1.243779564566767556e-11
1.093820941802376003e-11
9.615077541891799598e-12
8.448172091324904894e-12
7.419521649132262110e-12
6.513164345519986343e-12
5.714927605043371078e-12
5.012240450587406392e-12
4.393949926538665224e-12
3.850173045335478125e-12
3.372150820679948677e-12
2.952126725058871986e-12
2.583236154263461751e-12
2.259404443887919630e-12
1.975260613258449251e-12
1.726056768222563884e-12
1.507598366988695010e-12
1.316182601482621322e-12
1.148539308831266452e-12
1.001785741403023931e-12
8.733784667811705806e-13
7.610783076887207889e-13
6.629090910670429461e-13
5.771340436372735158e-13
5.022243246545041946e-13
4.368339167562027144e-13
3.797794654807521693e-13
3.300225200184327304e-13
2.866510392080047648e-13
2.488616999111159330e-13
2.159535715799758621e-13
1.873086390501926930e-13
1.623867452340203983e-13
1.407144611961822215e-13
1.218773167127631770e-13
1.055116933254924925e-13
9.130086839512186832e-14
7.896619937071734402e-14
6.826518873374353851e-14
5.898649541974170758e-14
5.094478581086793319e-14
4.397874997661684711e-14
3.794700303160749990e-14
3.272654937748366247e-14
2.821086199557303239e-14
2.430673132570624213e-14
2.093273967767741786e-14
1.801851128515715447e-14
1.550226585303982591e-14
1.333152142227037391e-14
1.145872769958429037e-14
9.844341693567493903e-15
8.453218250576205350e-15
7.255273022964499350e-15
6.223956602639117679e-15
5.336494219667101580e-15
4.573534405715749261e-15
3.917477725290007675e-15
3.354133355412126300e-15
2.870404376148418048e-15
2.455288912297269753e-15
2.098987383044294592e-15
1.793566645428311917e-15
1.531854588608693511e-15
1.307474122214612775e-15
1.115452340030795536e-15
9.512644933608134797e-16
8.108955005754157969e-16
6.905642249144477905e-16
5.879266700160909662e-16
5.005049024728090025e-16
4.257890464776027762e-16
3.619643173959544041e-16
3.072897117196047184e-16
2.608965415290962675e-16
2.216535915741902104e-16
1.878031608876064830e-16
1.590737290863250868e-16
1.349478836159113612e-16
1.140962267285194351e-16
9.666302029084564527e-17
8.173563765026208422e-17
6.902753816200908547e-17
5.814479258585426559e-17
4.891763324091956882e-17
4.149739217808414146e-17
3.512224758913521189e-17
2.961875419283952812e-17
2.513714808175041649e-17
2.122873738992992467e-17
1.772290777140296767e-17
1.510024552970139357e-17
1.271639471243532986e-17
1.072316056244385969e-17
8.957858276627565253e-18
7.671593319958201037e-18
6.447763938996895024e-18
5.468005481088510521e-18
4.511163947464923795e-18
3.778341050763047650e-18
3.292795816200632923e-18
2.754205147507357907e-18
2.413130805793630333e-18
1.958861886985594332e-18
1.701765784728960048e-18
1.197078653024191989e-18
1.223866516265911924e-18
9.839609834160734884e-19
1.057303798964653056e-18
8.025863368445534769e-19
5.585329469005894902e-19
4.198696710517231370e-19
5.177632150741012057e-19
2.183807790242739961e-19
3.497350127246512689e-19
3.483487445684508120e-19
3.779030683087504813e-19
1.859667455694207867e-19
1.929920414686304130e-19
1.741252963362042243e-19
2.150361384604001405e-19
3.283547474800362347e-19
2.534689607230841128e-19
2.884231508530679801e-20
2.560385241880335347e-19
2.217601911735057085e-19
1.241115238844891037e-19
1.310060016564272481e-19
2.176229209205234254e-19
2.886729690000742097e-19
2.130704550288350749e-19
5.297985555428523339e-20
2.523498968397660632e-20
1.359818590445669092e-19
1.497335368942863306e-19
0.000000000000000000e+00
1.615214016125142294e-19
9.311077095493300225e-20
7.914189220790291330e-20
7.536530186788717634e-20
1.318724068552842830e-19
0.000000000000000000e+00
1.249300062936177861e-19
7.939092816507156420e-20
0.000000000000000000e+00
1.206075629853469595e-19
1.629509112208680222e-19
2.290522562263951117e-19
2.115048265037310537e-19
9.185697678995743456e-20
3.337736300772007768e-19
1.136442068344262056e-19
7.614003491111867986e-20
9.810754857047083776e-20
0.000000000000000000e+00
2.963586737001014434e-21
5.927908861947245883e-20
9.155753757820970621e-20
0.000000000000000000e+00
1.154826127933690474e-19
3.031740390309851671e-19
1.896044037184556814e-19
2.012767044902123415e-19
2.768015730853022635e-20
6.057333435466246886e-20
6.109257173868134693e-20
1.771733082693656043e-19
7.963754156308178384e-20
6.331769190152685777e-20
1.181821025590563790e-19
0.000000000000000000e+00
0.000000000000000000e+00
3.150078264793935557e-19
4.094017434035749399e-20
0.000000000000000000e+00
5.210130891786566655e-20
1.125716156532230605e-19
6.339743287330342801e-20
1.718468479229832602e-19
1.016040756971272097e-19
3.608175555689136486e-21
0.000000000000000000e+00
0.000000000000000000e+00
0.000000000000000000e+00
0.000000000000000000e+00
1.016837590617855769e-19
5.463881189501851356e-20
4.653208932356555768e-20
0.000000000000000000e+00
1.277066545284284385e-19
5.610819526492806596e-20
4.398031340848515451e-20
7.035846254021840547e-20
1.331775891377900481e-19
8.414996459628762264e-20
0.000000000000000000e+00
3.588276490247582083e-19
1.482090788808328262e-19
1.174461264594817619e-19
2.294707380576270509e-19
1.845948256538536230e-19
6.626645131755418567e-20
4.837462043378298888e-20
7.428459847889745923e-20
4.964160776259626259e-20
4.484335244316125081e-20
1.312862946841527570e-19
1.156541233099810863e-19
2.009517955491060403e-19
6.854729623088826620e-20
1.657505718253096537e-19
1.218461140763675317e-19
5.745593743726404341e-20
4.764804409771475350e-20
4.556994135606562041e-20
4.471647217367309452e-20
2.194135482669302095e-19
1.579860141157109694e-19
6.296164189817208288e-20
2.821867506468112901e-19
8.109631508730777150e-20
8.207424690846568940e-20
2.578413495540623849e-19
1.373796540959955097e-19
2.088145105143948764e-19
1.614621782977142167e-19
0.000000000000000000e+00
1.077464922459502939e-19
1.469401737597438830e-19
7.284734790683435789e-21
1.660541748585014194e-19
2.722510736283655498e-19
2.581434516237301994e-20
0.000000000000000000e+00
1.071206297376649800e-19
5.596469351587185593e-20
2.270300748943584946e-19
3.098016249237115136e-19
6.031562609301005257e-20
0.000000000000000000e+00
1.077061442054087055e-19
8.898908132748819630e-20
2.040947727073677510e-19
1.028601234199569747e-19
6.081726007417275862e-20
1.119713841472196523e-19
5.668465973710893956e-20
1.687524526587339964e-19
6.330633994917329808e-20
0.000000000000000000e+00
1.050303473434045431e-19
1.439076947181625182e-19
0.000000000000000000e+00
0.000000000000000000e+00
1.022325514932519907e-19
0.000000000000000000e+00
1.599200567209097466e-19
5.986760018827799240e-20
0.000000000000000000e+00
0.000000000000000000e+00
0.000000000000000000e+00
0.000000000000000000e+00
0.000000000000000000e+00
9.395056360620985519e-20
4.429176807081794286e-20
3.730733119243327671e-20
1.522809463122061043e-19
5.000898039158992999e-20
0.000000000000000000e+00
1.196873843639234398e-19
4.455816731534953506e-20
3.438990370851757054e-20
1.198298251464146782e-19
1.600979133630985545e-19
4.852046326873156040e-20
0.000000000000000000e+00
2.969521202578914743e-20
1.762607133711329156e-19
1.366418512580774061e-19
0.000000000000000000e+00
8.889897779739682750e-20
3.777481791837606446e-20
3.235177498560599959e-19
6.769884521009097602e-20
2.423088978964870477e-19
3.019210173980600530e-20
0.000000000000000000e+00
2.066586681616273084e-19
0.000000000000000000e+00
3.371814522309157099e-20
1.211521411543565702e-19
1.029079898923568949e-19
1.008687890944958125e-19
1.591888452556916397e-19
3.420430663522240427e-19
2.490152449341103365e-19
6.500381266083812480e-20
0.000000000000000000e+00
7.817063072400941356e-21
2.697633740285579689e-19
1.543322603632346031e-19
1.137638914676519402e-19
2.840457265680554137e-19
1.276366394145531187e-20
1.893942792939052295e-19
9.010422562654714708e-20
1.967217295136230651e-19
0.000000000000000000e+00
1.021512120993353260e-19
1.096781482123819462e-19
4.942733909460524189e-20
0.000000000000000000e+00
4.084148153037667618e-20
2.759367172013827430e-19
1.864088539629833930e-19
2.565538127537729448e-21
0.000000000000000000e+00
1.572579661283244506e-19
0.000000000000000000e+00
0.000000000000000000e+00
1.848383677073963457e-19
1.447289370237676164e-19
0.000000000000000000e+00
9.808751847036568457e-20
1.633784153176318322e-19
1.123953977029959110e-19
0.000000000000000000e+00
0.000000000000000000e+00
3.646460560939140938e-20
2.711686906992574426e-19
6.339231460999648149e-20
1.294919176865784462e-19
4.844398915880995116e-20
3.914744369294798524e-20
6.640964531229645015e-20
4.009842273845740927e-20
6.542491792793714026e-20
6.804099075050692590e-20
1.264136641319978492e-19
1.029951763801060865e-19
0.000000000000000000e+00
0.000000000000000000e+00
3.092245302334017408e-20
3.137677202380111592e-20
8.910330417084084527e-20
2.115544960143436026e-19
7.871165734421400805e-20
3.685077806135766150e-20
1.479063000630345266e-19
1.883122263773209986e-19
1.821713187393717812e-20
3.061882248722897852e-20
5.913681183060468548e-20
1.205581599435594935e-19
6.822746438660995267e-20
9.253065290251395721e-20
9.409655886188015275e-20
0.000000000000000000e+00
0.000000000000000000e+00
8.480668373873629693e-20
1.205722870946512935e-19
3.704748217073484312e-20
5.755392350152920447e-20
3.019710648353532142e-20
2.895862792166438391e-19
5.272335177296619330e-20
0.000000000000000000e+00
1.428413594492825211e-19
1.841901394404325436e-19
4.331734125656369980e-20
2.979182661262639026e-20
2.321372594762881294e-19
0.000000000000000000e+00
0.000000000000000000e+00
2.892395337170952940e-19
8.231361442798124146e-20
3.551658285326547487e-20
1.757858404234147413e-19
1.892461723596073459e-19
1.626279868456565931e-19
4.388887687398190549e-20
3.271855213381138658e-20
1.477668615585464229e-19
2.144641750282297484e-19
2.241194243484613837e-19
2.556681648368073915e-19
2.599769125833669089e-19
0.000000000000000000e+00
3.625884097712204759e-20
1.818710120758874055e-19
2.015286140264851644e-20
2.984346475855612386e-19
2.004747240498678761e-21
1.542561093581630105e-19
0.000000000000000000e+00
2.112496547647465707e-19
2.570808326264264257e-19
1.751896822619368121e-19
0.000000000000000000e+00
1.550215652077708466e-19
1.073354788364072688e-19
1.620730101485677374e-19
2.838301593408847597e-19
1.494244930254620522e-19
1.683515313886787547e-19
5.265111633976813365e-20
4.245479981463045980e-20
4.054582078521975584e-20
3.960952927970395007e-20
1.264401862821499805e-19
0.000000000000000000e+00
1.243330236987258248e-19
4.460669468169660789e-20
2.126380854033828437e-19
0.000000000000000000e+00
0.000000000000000000e+00
1.209358941180660471e-19
4.140037033704039628e-20
9.268425329985825525e-20
0.000000000000000000e+00
6.016041901455346657e-20
3.364055912232518333e-20
3.028807670890694401e-20
5.822161770866582457e-20
3.095027557433188535e-20
2.321895850447256140e-19
0.000000000000000000e+00
2.744130039028782248e-20
0.000000000000000000e+00
2.580325623889662255e-19
0.000000000000000000e+00
5.511872996172456476e-20
1.151901147322733197e-19
2.072946762798739867e-19
0.000000000000000000e+00
1.712215479861273680e-19
1.533105081233879645e-19
2.111191568455628673e-19
0.000000000000000000e+00
1.139667518655506796e-19
3.296821571704227925e-20
5.572738441490283194e-20
0.000000000000000000e+00
2.399952179344806713e-20
3.454719829587340379e-19
4.925129612280267082e-20
8.681953780806352540e-20
3.003812857911631637e-20
0.000000000000000000e+00
5.260075474301987499e-20
0.000000000000000000e+00
2.270365413686252364e-19
3.845792628247488214e-20
8.363404528003333720e-20
2.029869578212740628e-19
2.414518974889951495e-19
4.109150770392982534e-20
5.598555491972575953e-20
5.651558260754315677e-20
2.712175112752422209e-20
0.000000000000000000e+00
2.239172509732557623e-20
2.240959773550512306e-20
1.679372315605880038e-19
6.147848209293477269e-20
1.423762327553392185e-19
8.895176653324426749e-20
1.146701927761432872e-19
2.891275827136811778e-20
2.270974225076724752e-19
1.825667054557879358e-19
3.476548727969246330e-20
1.120467184988310272e-19
2.339486002838929120e-19
0.000000000000000000e+00
5.342717868266648974e-20
8.434630312873222314e-20
2.748691728385725003e-20
2.864586416487518180e-19
0.000000000000000000e+00
0.000000000000000000e+00
2.238838170416748997e-20
2.234805219206446454e-20
0.000000000000000000e+00
1.664959607024402745e-19
1.474833132892418252e-19
0.000000000000000000e+00
7.949495285706349398e-20
0.000000000000000000e+00
1.972117458413745870e-20
0.000000000000000000e+00
4.728965150679348572e-20
0.000000000000000000e+00
1.340020932473342423e-19
2.285205622687143776e-20
0.000000000000000000e+00
1.033497087412826489e-19
2.143988223832213534e-20
1.609549242777424689e-20
4.420163200298842745e-20
0.000000000000000000e+00
1.013957487272889550e-19
1.928167243232469931e-20
1.309836695926909173e-19
0.000000000000000000e+00
0.000000000000000000e+00
2.170130337498402395e-19
2.543076851063671296e-20
1.023588810786233806e-19
1.358658664399047214e-19
1.089920782042579142e-19
0.000000000000000000e+00
1.603602641078250924e-19
2.308720121159747114e-20
0.000000000000000000e+00
7.229267607773324023e-20
1.736070892860034595e-20
0.000000000000000000e+00
1.300530074697468361e-20
1.286594879714466183e-20
1.585834561776789422e-19
1.378946961723120737e-19
1.375100721153852870e-19
0.000000000000000000e+00
1.891422302383357652e-19
0.000000000000000000e+00
0.000000000000000000e+00
1.332267634156036103e-20
1.593816934188832240e-19
2.157133237466209310e-20
0.000000000000000000e+00
0.000000000000000000e+00
0.000000000000000000e+00
1.287137863095331107e-19
0.000000000000000000e+00
1.218328270833689597e-20
1.159874674066484702e-20
1.112184186475781364e-20
1.568182922421742474e-19
1.856354331756583579e-20
7.010179271734068329e-20
2.184415793944589807e-19
1.684283352731955350e-19
5.018107923630235789e-20
7.368331136480120804e-20
1.591666274778629438e-20
1.005810122487445436e-19
1.341809021226566629e-19
1.938732000499013324e-20
1.306533531750432906e-19
4.836221767078425677e-20
1.568797931884558903e-20
2.764527878977473347e-19
3.775413206770696586e-19
2.094436448973867833e-19
0.000000000000000000e+00
1.775099572615725242e-20
7.564433938218808980e-20
1.952370109219041983e-19
5.541911136627212236e-20
1.664582664152718635e-19
1.130303004951137604e-19
8.188758290283125762e-20
2.543422194161415768e-19
0.000000000000000000e+00
1.071037249507686409e-19
0.000000000000000000e+00
4.762733407142833273e-20
1.963963217153724856e-20
0.000000000000000000e+00
1.333932574741330834e-19
0.000000000000000000e+00
1.915820462670712160e-19
1.980259823952598404e-19
2.002371798763912275e-19
2.301739675485526434e-19
3.198951403450647025e-19
0.000000000000000000e+00
1.983765333575440609e-20
2.819111346094188181e-19
0.000000000000000000e+00
1.659021896146963667e-19
2.568770235633513774e-20
1.975341416805491798e-20
4.785998448966735349e-20
2.240852951728994716e-19
1.145814272529490767e-19
0.000000000000000000e+00
1.056129036961372541e-19
0.000000000000000000e+00
1.923751078503924741e-19
1.117802659258735511e-19
2.552494085101726794e-19
2.729959306093865717e-20
0.000000000000000000e+00
0.000000000000000000e+00
1.327228265526523061e-19
2.041189243610903759e-20
1.328104068093188751e-19
7.824098938451932734e-20
4.693763303217500681e-20
0.000000000000000000e+00
4.313381435882019958e-20
4.400687710511437403e-20
2.190363615573018826e-19
2.099242413595237669e-20
1.891706844368282682e-19
2.535234126728930421e-19
1.399346266155515227e-19
1.071404953396063108e-19
3.398072480830029895e-19
0.000000000000000000e+00
1.624281536740283506e-19
2.257070216025058306e-19
1.410441118395070560e-19
1.385566653152627184e-19
5.081112448953823145e-20
1.354835118427062447e-19
1.087843637403524669e-19
0.000000000000000000e+00
3.087397496014906111e-19
1.728904805590029343e-19
0.000000000000000000e+00
1.925911066133184108e-19
4.028626906567859997e-19
3.114667095183350813e-20
1.948940242753660352e-19
1.411465288721535308e-19
1.397770125116640176e-19
1.396587303455928294e-19
2.269757003671237981e-20
2.523675336601707106e-19
8.409958086588172413e-20
2.067208942998488147e-20
2.224267532515649122e-19
0.000000000000000000e+00
0.000000000000000000e+00
3.083070541535293646e-19
2.422168664653720725e-20
2.797794418267008251e-19
0.000000000000000000e+00
2.792793435890854723e-19
2.379954425180660745e-20
1.918849496541051058e-19
7.934091124816534683e-20
4.553529605331187819e-19
5.818151854910365064e-20
0.000000000000000000e+00
0.000000000000000000e+00
0.000000000000000000e+00
1.427924987115796498e-20
1.368658437973090890e-20
1.289266149511600179e-20
2.459135479014452452e-19
0.000000000000000000e+00
4.120647928561151644e-20
0.000000000000000000e+00
0.000000000000000000e+00
9.590109179283425401e-21
9.671231423194496400e-20
6.943967959605588451e-20
1.007348358878167536e-20
8.079133967813476205e-21
7.408507132324297125e-21
6.863155593035258212e-21
1.817187301624339836e-19
9.835450541096385164e-20
1.552252952811532696e-19
0.000000000000000000e+00
1.530097211095684042e-19
9.799045657058438289e-20
2.432464944572421449e-19
1.885765883164801766e-19
4.196422312695520318e-20
1.264748278465574720e-19
9.898898882210794502e-20
1.099392166741371737e-20
1.256590868773909235e-19
1.112722724895439229e-20
3.300659328571399297e-19
3.081311570306859358e-19
1.668130921574786695e-20
3.982594340964008425e-20
3.980887012789662616e-20
6.878395330594669822e-20
1.567296992479782156e-19
0.000000000000000000e+00
0.000000000000000000e+00
2.714858422996673201e-19
0.000000000000000000e+00
0.000000000000000000e+00
1.249301306594815538e-19
0.000000000000000000e+00
5.043609497056007558e-19
1.764610501368387150e-20
3.858548158251964821e-20
9.068890129943543799e-21
8.051068182836751636e-21
1.244478803911804064e-19
9.429407635573984638e-21
1.533259913733634745e-19
9.521971833495606724e-21
0.000000000000000000e+00
6.173551096665061401e-21
0.000000000000000000e+00
5.209149275990226981e-21
9.247103015674878007e-20
1.229705321012380013e-19
6.505968499879548546e-20
5.652222560510450876e-21
6.287290507688328580e-20
5.074915208961320062e-21
0.000000000000000000e+00
1.497268841848799491e-19
5.863015053838773852e-21
9.142948182811879196e-20
0.000000000000000000e+00
3.270636408741200465e-20
1.498728991540656790e-19
1.516509253565996506e-19
5.922500502471098157e-21
0.000000000000000000e+00
1.496594714380929912e-19
1.517466370720497682e-19
2.690841631132744847e-19
2.126994225286935332e-19
0.000000000000000000e+00
1.515796294901297372e-19
2.410586765867866351e-19
1.549494615337109539e-19
1.835348147487513387e-19
8.679616120152258407e-21
9.420966971631335139e-20
9.491245336948862924e-20
1.240668179159074312e-19
0.000000000000000000e+00
5.687015316001889811e-21
1.513056210385156148e-19
0.000000000000000000e+00
4.740215543966560514e-21
6.268374400316770214e-20
1.798461474549887555e-19
2.394745802759216735e-19
6.553753151688829067e-21
0.000000000000000000e+00
9.150871455514614063e-20
4.451960177047624393e-21
3.433949419332446872e-21
2.368651129711524659e-19
5.105291036503996464e-21
1.493498027752046625e-19
0.000000000000000000e+00
0.000000000000000000e+00
3.187175684385314211e-20
9.033617719322137255e-20
2.989584754197351579e-21
3.529323924277462326e-19
4.972059567324430693e-21
2.809869828787055129e-21
2.470607969767544347e-21
3.143620293099261225e-20
1.191181801022042856e-19
0.000000000000000000e+00
1.854945344926534184e-21
1.594569403616485609e-21
5.982148548397295417e-20
3.078467894919085333e-20
3.056562061222320195e-20
3.046259319159359345e-20
3.037975989462489484e-20
0.000000000000000000e+00
8.188302150884428724e-22
1.175999678417803039e-19
1.214829139103813846e-21
5.920346192837711261e-20
2.347596573159641365e-19
2.064342056430792065e-19
8.977669046898684573e-20
1.842121661900770806e-21
5.987355617485787259e-20
1.428077333706264916e-21
2.056762221568499635e-19
8.931040600011631016e-20
5.982622812637064564e-20
5.964900173266584845e-20
1.059029559929658372e-21
7.525520162606719341e-22
5.444975901012839026e-22
8.806027083011553308e-20
4.563412760539326167e-22
2.720508157038766675e-22
0.000000000000000000e+00
5.855664494713768944e-20
0.000000000000000000e+00
8.773106424116366518e-20
5.530915148641049185e-23
3.370368924865126191e-24
4.890830523946115576e-25
8.029427870223769325e-26
1.183764709476155715e-26
1.557270559785382298e-27
1.754297985876486758e-28
1.796888461879931374e-29
1.707965496038021186e-30
1.538596166260625679e-31
1.464148554576960334e-32
1.616919028499922080e-33
1.983893101475236054e-34
2.500534433140707040e-35
3.108425373701047627e-36
3.754705660824528313e-37
4.414073710831048000e-38
5.116541072977277370e-39
5.918898866462210988e-40
6.894893978609431018e-41
8.102758393794355668e-42
9.577307734635049583e-43
1.132621918981732402e-43
1.331154182278605641e-44
1.542311191806748586e-45
1.747228830456530679e-46
1.922927753092288025e-47
2.050135452955385893e-48
2.122013059971808215e-49
2.149386648939582549e-50
2.159788365520687101e-51
2.191101594811471031e-52
2.283218512392592836e-53
2.471246524986089077e-54
2.781951706765143079e-55
3.232981855006870242e-56
3.833352866652372126e-57
4.583994920339617853e-58
5.478134207843028252e-59
6.501956607797307699e-60
7.635899446928038362e-61
8.856345384568512344e-62
1.013714859894463483e-62
1.145079734111324034e-63
1.276997474554436481e-64
1.407111457762436704e-65
1.534146027997312202e-66
1.658982291142700456e-67
1.785917572434580419e-68
1.923743792562512810e-69
2.086225182328840770e-70
2.291663180812400730e-71
2.561472405982984422e-72
2.917974078925809306e-73
3.381849791235148956e-74
3.969816534473968271e-75
4.693046484887350118e-76
5.556667023336153825e-77
6.560385558103402138e-78
7.699972686920275243e-79
8.969103105409654755e-80
1.036097686193849765e-80
1.186925839616891227e-81
1.348814987696645911e-82
1.521177454085984481e-83
1.703336886971520969e-84
1.894495861567263802e-85
2.093815515934352302e-86
2.300645544269047573e-87
2.514902839589114966e-88
2.737553333115306387e-89
2.971115483625174634e-90
3.220083855447333880e-91
3.491171402754979711e-92
3.793289741232637508e-93
4.137225395700505769e-94
4.535021942944151137e-95
4.999135300269981347e-96
5.541480857162779589e-97
6.172523242678892570e-98
6.900560289205432021e-99
7.731316711086749261e-100
8.667895131872071430e-101
9.711048372073756850e-102
1.085966071333998029e-102
1.211128102163578766e-103
1.346255381908908989e-104
1.490944940473325323e-105
1.644728963887204238e-106
1.807067756929624508e-107
1.977353447819379581e-108
2.154949497599166110e-109
2.339288602530924654e-110
2.530041244284808690e-111
2.727350418308454459e-112
2.932108541276678490e-113
3.146235243268879986e-114
3.372904960104757599e-115
3.616674975431356789e-116
3.883479292604717954e-117
4.180479696786199900e-118
4.515797839548747326e-119
4.898184413976373301e-120
5.336706354262051644e-121
5.840544572983440605e-122
6.418989589868731558e-123
7.081700139148808666e-124
7.839253134153243691e-125
8.703967350970495952e-126
9.690934612225835584e-127
1.081914852285027694e-127
1.211258911662584609e-128
1.360110823548588513e-129
1.532096935387440925e-130
1.731492855152555696e-131
1.963179884798512943e-132
2.232551287789685490e-133
2.545377998589217617e-134
2.907651137431554948e-135
3.325424763116977024e-136
3.804685435070078303e-137
4.351274482866567121e-138
4.970884149646148993e-139
5.669140559943855238e-140
6.451776196315097705e-141
7.324884385042849018e-142
8.295240656758774516e-143
9.370673046737481927e-144
1.056046695137995324e-144
1.187580029983121127e-145
1.333022016349147290e-146
1.494018950496221280e-147
1.672574823715654051e-148
1.871134113594218702e-149
2.092686168734094126e-150
2.340894218825016017e-151
2.620248512708314738e-152
2.936238075802140790e-153
3.295529579082016364e-154
3.706135618067222331e-155
4.177549324619550450e-156
4.720818778762476641e-157
5.348534178213523495e-158
6.074703932515383648e-159
6.914503133807479874e-160
7.883889041864721215e-161
8.999092551207458109e-162
1.027601078588699658e-162
1.172954228451925139e-163
1.337292078271382616e-164
1.521711451734085873e-165
1.727036374064272908e-166
1.953792878251579223e-167
2.202211430662499396e-168
2.472262292661268524e-169
2.763727436146570912e-170
3.076310664140154737e-171
3.409785564546714200e-172
3.764179056887697212e-173
4.139986758831585775e-174
4.538415327302860158e-175
4.961646371577662673e-176
5.413116467594855452e-177
5.897808121486127166e-178
6.422547068281740317e-179
6.996301834118154085e-180
7.630481799485935953e-181
8.339229845011873466e-182
9.139704844354960818e-183
1.005234766418202346e-183
1.110112191254765214e-184
1.231371754711845114e-185
1.372170186760926401e-186
1.536059878972850581e-187
1.726987420874030602e-188
1.949280342790693112e-189
2.207619686965289923e-190
2.506996346466910653e-191
2.852649804678764217e-192
3.249989045596562420e-193
3.704497031545491541e-194
4.221622270055879720e-195
4.806663579880844800e-196
5.464657127138395498e-197
6.200277984565148352e-198
7.017771653945439386e-199
7.920933906431292612e-200
8.913159608121322011e-201
9.997582544803006839e-202
1.117732826760193448e-202
1.245590030356680038e-203
1.383771643132268368e-204
1.532880594119280073e-205
1.693767086353353534e-206
1.867630422921541695e-207
2.056134690641734646e-208
2.261535204385480869e-209
2.486811345727806525e-210
2.735800241400301731e-211
3.013324730981904025e-212
3.325308385013502666e-213
3.678870065650042924e-214
4.082390769600595301e-215
4.545546331498014906e-216
5.079301036690907718e-217
5.695859297881785065e-218
6.408575247764098765e-219
7.231823301430717461e-220
8.180836315266626606e-221
9.271521742437719374e-222
1.052026995955210254e-222
1.194377249979839443e-223
1.355887106019454418e-224
1.538246065655000614e-225
1.743147201397327372e-226
1.972295908381325230e-227
2.227431740553406357e-228
2.510365787898464464e-229
2.823035843097117163e-230
3.167581315267571014e-231
3.546439489451914590e-232
3.962464320538500826e-233
4.419068508749500037e-234
4.920389151756134120e-235
5.471476829010354613e-236
6.078507573070089710e-237
6.749016851014603236e-238
7.492154452773285903e-239
8.318959105112032350e-240
9.242651748619275424e-241
1.027894678136132100e-241
1.144638123456731906e-242
1.276666283796268477e-243
1.426503926643528769e-244
1.597069250995653095e-245
1.791716420018717304e-246
2.014281972634940094e-247
2.269136088351086982e-248
2.561239836380000731e-249
2.896209632643869635e-250
3.280390124772565177e-251
3.720936595480311864e-252
4.225907694337314712e-253
4.804368863138432366e-254
5.466506212238073667e-255
6.223749855118885743e-256
7.088904859163849007e-257
8.076287088980446369e-258
9.201860395043110995e-259
1.048337094649753481e-259
1.194047415150056983e-260
1.359484969167071534e-261
1.547030086356510604e-262
1.759283580999713379e-263
1.999073046455913893e-264
2.269457622760512180e-265
2.573731961052138609e-266
2.915430635067078324e-267
3.298334877671274643e-268
3.726484238652494156e-269
4.204196549723324394e-270
4.736100415354686572e-271
5.327185284862173867e-272
5.982874952792767379e-273
6.709131021851518845e-274
7.512593377793555949e-275
8.400764995895037274e-276
9.382248349742220749e-277
1.046704025584551349e-277
1.166689110472799339e-278
1.299573306398925833e-279
1.447017998502668174e-280
1.611009943748859650e-281
1.793925462330475094e-282
1.998601104640095434e-283
2.228409999651545160e-284
2.487342856121862314e-285
2.780092468650869758e-286
3.112140692813346333e-287
3.489847409954541991e-288
3.920542410603162804e-289
4.412624194190669480e-290
4.975676044509149889e-291
5.620622720685388576e-292
6.359977493217299140e-293
7.208282909123632710e-294
8.182957787831575599e-295
9.305984730127021780e-296
1.060732247198063559e-296
1.213183849201980933e-297
1.395339620744956700e-298
1.620343048785057185e-299
1.912876101068599223e-300
2.320820408854938511e-301
2.938701396713459304e-302
3.954660044530998850e-303
5.744231740266778432e-304
9.056900434544044159e-305
1.538585199435070252e-305
2.769811714417172586e-306
5.187097999196131608e-307
9.950719021381879502e-308
1.934316141048905274e-308
3.783825516008545819e-309
7.417276090357908705e-310
1.453449679586963294e-310
2.843031401292782359e-311
5.546716797354202530e-312
1.078847809571855964e-312
2.091400047099725507e-313
4.040157495472230251e-314
7.776834028671095503e-315
1.491507639204213133e-315
2.850033241103074689e-316
5.425813606593548470e-317
1.029110084479857759e-317
1.944607797435937511e-318
3.660779402860716269e-319
6.865536214609961978e-320
1.282594416603876029e-320
2.386337069413220808e-321
4.397184247987094243e-322
7.905050333459944707e-323
0.000000000000000000e+00
0.000000000000000000e+00
0.000000000000000000e+00
0.000000000000000000e+00
0.000000000000000000e+00
0.000000000000000000e+00
0.000000000000000000e+00
0.000000000000000000e+00
0.000000000000000000e+00
0.000000000000000000e+00
0.000000000000000000e+00
0.000000000000000000e+00
0.000000000000000000e+00
0.000000000000000000e+00
0.000000000000000000e+00
0.000000000000000000e+00
0.000000000000000000e+00
0.000000000000000000e+00
0.000000000000000000e+00
0.000000000000000000e+00
0.000000000000000000e+00
0.000000000000000000e+00
0.000000000000000000e+00
0.000000000000000000e+00
0.000000000000000000e+00
0.000000000000000000e+00
0.000000000000000000e+00
0.000000000000000000e+00
0.000000000000000000e+00
0.000000000000000000e+00
0.000000000000000000e+00
0.000000000000000000e+00
0.000000000000000000e+00
0.000000000000000000e+00
0.000000000000000000e+00
0.000000000000000000e+00
0.000000000000000000e+00
0.000000000000000000e+00
0.000000000000000000e+00
0.000000000000000000e+00
0.000000000000000000e+00
0.000000000000000000e+00
0.000000000000000000e+00
0.000000000000000000e+00
0.000000000000000000e+00
0.000000000000000000e+00
0.000000000000000000e+00
0.000000000000000000e+00
0.000000000000000000e+00
0.000000000000000000e+00
0.000000000000000000e+00
0.000000000000000000e+00
0.000000000000000000e+00
0.000000000000000000e+00
0.000000000000000000e+00
0.000000000000000000e+00
0.000000000000000000e+00
0.000000000000000000e+00
0.000000000000000000e+00
0.000000000000000000e+00
0.000000000000000000e+00
0.000000000000000000e+00
0.000000000000000000e+00
0.000000000000000000e+00
0.000000000000000000e+00
0.000000000000000000e+00
0.000000000000000000e+00
0.000000000000000000e+00
0.000000000000000000e+00
0.000000000000000000e+00
0.000000000000000000e+00
0.000000000000000000e+00
0.000000000000000000e+00
0.000000000000000000e+00
0.000000000000000000e+00
0.000000000000000000e+00
0.000000000000000000e+00
0.000000000000000000e+00
0.000000000000000000e+00
0.000000000000000000e+00
0.000000000000000000e+00
0.000000000000000000e+00
0.000000000000000000e+00
0.000000000000000000e+00
0.000000000000000000e+00
0.000000000000000000e+00
0.000000000000000000e+00
0.000000000000000000e+00
0.000000000000000000e+00
0.000000000000000000e+00
0.000000000000000000e+00
0.000000000000000000e+00
0.000000000000000000e+00
0.000000000000000000e+00
0.000000000000000000e+00
0.000000000000000000e+00
0.000000000000000000e+00
0.000000000000000000e+00
0.000000000000000000e+00
0.000000000000000000e+00
0.000000000000000000e+00
0.000000000000000000e+00
0.000000000000000000e+00
0.000000000000000000e+00
0.000000000000000000e+00
0.000000000000000000e+00
0.000000000000000000e+00
0.000000000000000000e+00
0.000000000000000000e+00
0.000000000000000000e+00
0.000000000000000000e+00
0.000000000000000000e+00
0.000000000000000000e+00
0.000000000000000000e+00
0.000000000000000000e+00
0.000000000000000000e+00
0.000000000000000000e+00
0.000000000000000000e+00
0.000000000000000000e+00
0.000000000000000000e+00
0.000000000000000000e+00
0.000000000000000000e+00
0.000000000000000000e+00
0.000000000000000000e+00
0.000000000000000000e+00
0.000000000000000000e+00
0.000000000000000000e+00
0.000000000000000000e+00
0.000000000000000000e+00
0.000000000000000000e+00
0.000000000000000000e+00
0.000000000000000000e+00
0.000000000000000000e+00
0.000000000000000000e+00
0.000000000000000000e+00
0.000000000000000000e+00
0.000000000000000000e+00
0.000000000000000000e+00
0.000000000000000000e+00
0.000000000000000000e+00
0.000000000000000000e+00
0.000000000000000000e+00
0.000000000000000000e+00
0.000000000000000000e+00
0.000000000000000000e+00
0.000000000000000000e+00
0.000000000000000000e+00
0.000000000000000000e+00
0.000000000000000000e+00
0.000000000000000000e+00
0.000000000000000000e+00
0.000000000000000000e+00
0.000000000000000000e+00
0.000000000000000000e+00
0.000000000000000000e+00
0.000000000000000000e+00
0.000000000000000000e+00
0.000000000000000000e+00
0.000000000000000000e+00
0.000000000000000000e+00
0.000000000000000000e+00
0.000000000000000000e+00
0.000000000000000000e+00
0.000000000000000000e+00
0.000000000000000000e+00
0.000000000000000000e+00
0.000000000000000000e+00
0.000000000000000000e+00
0.000000000000000000e+00
0.000000000000000000e+00
0.000000000000000000e+00
0.000000000000000000e+00
0.000000000000000000e+00
0.000000000000000000e+00
0.000000000000000000e+00
0.000000000000000000e+00
0.000000000000000000e+00
0.000000000000000000e+00
0.000000000000000000e+00
0.000000000000000000e+00
0.000000000000000000e+00
0.000000000000000000e+00
0.000000000000000000e+00
0.000000000000000000e+00
0.000000000000000000e+00
0.000000000000000000e+00
0.000000000000000000e+00
0.000000000000000000e+00
0.000000000000000000e+00
0.000000000000000000e+00
0.000000000000000000e+00
0.000000000000000000e+00
0.000000000000000000e+00
0.000000000000000000e+00
0.000000000000000000e+00
0.000000000000000000e+00
0.000000000000000000e+00
0.000000000000000000e+00
0.000000000000000000e+00
0.000000000000000000e+00
0.000000000000000000e+00
0.000000000000000000e+00
0.000000000000000000e+00
0.000000000000000000e+00
0.000000000000000000e+00
0.000000000000000000e+00
0.000000000000000000e+00
0.000000000000000000e+00
0.000000000000000000e+00
0.000000000000000000e+00
0.000000000000000000e+00
0.000000000000000000e+00
0.000000000000000000e+00
0.000000000000000000e+00
0.000000000000000000e+00
0.000000000000000000e+00
0.000000000000000000e+00
0.000000000000000000e+00
0.000000000000000000e+00
0.000000000000000000e+00
0.000000000000000000e+00
0.000000000000000000e+00
0.000000000000000000e+00
0.000000000000000000e+00
0.000000000000000000e+00
0.000000000000000000e+00
0.000000000000000000e+00
0.000000000000000000e+00
0.000000000000000000e+00
0.000000000000000000e+00
0.000000000000000000e+00
0.000000000000000000e+00
0.000000000000000000e+00
0.000000000000000000e+00
0.000000000000000000e+00
0.000000000000000000e+00
0.000000000000000000e+00
0.000000000000000000e+00
0.000000000000000000e+00
0.000000000000000000e+00
0.000000000000000000e+00
0.000000000000000000e+00
0.000000000000000000e+00
0.000000000000000000e+00
0.000000000000000000e+00
0.000000000000000000e+00
0.000000000000000000e+00
0.000000000000000000e+00
0.000000000000000000e+00
0.000000000000000000e+00
0.000000000000000000e+00
0.000000000000000000e+00
0.000000000000000000e+00
0.000000000000000000e+00
0.000000000000000000e+00
0.000000000000000000e+00
0.000000000000000000e+00
0.000000000000000000e+00
0.000000000000000000e+00
0.000000000000000000e+00
0.000000000000000000e+00
0.000000000000000000e+00
0.000000000000000000e+00
0.000000000000000000e+00
0.000000000000000000e+00
0.000000000000000000e+00
0.000000000000000000e+00
0.000000000000000000e+00
0.000000000000000000e+00
0.000000000000000000e+00
0.000000000000000000e+00
0.000000000000000000e+00
0.000000000000000000e+00
0.000000000000000000e+00
0.000000000000000000e+00
0.000000000000000000e+00
0.000000000000000000e+00
0.000000000000000000e+00
0.000000000000000000e+00
0.000000000000000000e+00
0.000000000000000000e+00
0.000000000000000000e+00
0.000000000000000000e+00
0.000000000000000000e+00
0.000000000000000000e+00
0.000000000000000000e+00
0.000000000000000000e+00
0.000000000000000000e+00
0.000000000000000000e+00
0.000000000000000000e+00
0.000000000000000000e+00
0.000000000000000000e+00
0.000000000000000000e+00
0.000000000000000000e+00
0.000000000000000000e+00
0.000000000000000000e+00
0.000000000000000000e+00
0.000000000000000000e+00
0.000000000000000000e+00
0.000000000000000000e+00
0.000000000000000000e+00
0.000000000000000000e+00
0.000000000000000000e+00
0.000000000000000000e+00
0.000000000000000000e+00
0.000000000000000000e+00
0.000000000000000000e+00
0.000000000000000000e+00
0.000000000000000000e+00
0.000000000000000000e+00
0.000000000000000000e+00
0.000000000000000000e+00
0.000000000000000000e+00
0.000000000000000000e+00
0.000000000000000000e+00
0.000000000000000000e+00
0.000000000000000000e+00
0.000000000000000000e+00
0.000000000000000000e+00
0.000000000000000000e+00
0.000000000000000000e+00
0.000000000000000000e+00
0.000000000000000000e+00
0.000000000000000000e+00
0.000000000000000000e+00
0.000000000000000000e+00
0.000000000000000000e+00
0.000000000000000000e+00
0.000000000000000000e+00
0.000000000000000000e+00
0.000000000000000000e+00
0.000000000000000000e+00
0.000000000000000000e+00
0.000000000000000000e+00
0.000000000000000000e+00
0.000000000000000000e+00
0.000000000000000000e+00
0.000000000000000000e+00
0.000000000000000000e+00
0.000000000000000000e+00
0.000000000000000000e+00
0.000000000000000000e+00
0.000000000000000000e+00
0.000000000000000000e+00
0.000000000000000000e+00
0.000000000000000000e+00
0.000000000000000000e+00
0.000000000000000000e+00
0.000000000000000000e+00
0.000000000000000000e+00
0.000000000000000000e+00
0.000000000000000000e+00
0.000000000000000000e+00
0.000000000000000000e+00
0.000000000000000000e+00
0.000000000000000000e+00
0.000000000000000000e+00
0.000000000000000000e+00
0.000000000000000000e+00
0.000000000000000000e+00
0.000000000000000000e+00
0.000000000000000000e+00
0.000000000000000000e+00
0.000000000000000000e+00
0.000000000000000000e+00
0.000000000000000000e+00
0.000000000000000000e+00
0.000000000000000000e+00
0.000000000000000000e+00
0.000000000000000000e+00
0.000000000000000000e+00
0.000000000000000000e+00
0.000000000000000000e+00
0.000000000000000000e+00
0.000000000000000000e+00
0.000000000000000000e+00
0.000000000000000000e+00
0.000000000000000000e+00
0.000000000000000000e+00
0.000000000000000000e+00
0.000000000000000000e+00
0.000000000000000000e+00
0.000000000000000000e+00
0.000000000000000000e+00
0.000000000000000000e+00
0.000000000000000000e+00
0.000000000000000000e+00
0.000000000000000000e+00
0.000000000000000000e+00
0.000000000000000000e+00
0.000000000000000000e+00
0.000000000000000000e+00
0.000000000000000000e+00
0.000000000000000000e+00
0.000000000000000000e+00
0.000000000000000000e+00
0.000000000000000000e+00
0.000000000000000000e+00
0.000000000000000000e+00
0.000000000000000000e+00
0.000000000000000000e+00
0.000000000000000000e+00
0.000000000000000000e+00
0.000000000000000000e+00
0.000000000000000000e+00
0.000000000000000000e+00
0.000000000000000000e+00
0.000000000000000000e+00
0.000000000000000000e+00
0.000000000000000000e+00
0.000000000000000000e+00
0.000000000000000000e+00
0.000000000000000000e+00
0.000000000000000000e+00
0.000000000000000000e+00
0.000000000000000000e+00
0.000000000000000000e+00
0.000000000000000000e+00
0.000000000000000000e+00
0.000000000000000000e+00
0.000000000000000000e+00
0.000000000000000000e+00
0.000000000000000000e+00
0.000000000000000000e+00
0.000000000000000000e+00
0.000000000000000000e+00
0.000000000000000000e+00
0.000000000000000000e+00
0.000000000000000000e+00
0.000000000000000000e+00
0.000000000000000000e+00
0.000000000000000000e+00
0.000000000000000000e+00
0.000000000000000000e+00
0.000000000000000000e+00
0.000000000000000000e+00
0.000000000000000000e+00
0.000000000000000000e+00
0.000000000000000000e+00
0.000000000000000000e+00
0.000000000000000000e+00
0.000000000000000000e+00
0.000000000000000000e+00
0.000000000000000000e+00
0.000000000000000000e+00
0.000000000000000000e+00
0.000000000000000000e+00
0.000000000000000000e+00
0.000000000000000000e+00
0.000000000000000000e+00
0.000000000000000000e+00
0.000000000000000000e+00
0.000000000000000000e+00
0.000000000000000000e+00
0.000000000000000000e+00
0.000000000000000000e+00
0.000000000000000000e+00
0.000000000000000000e+00
0.000000000000000000e+00
0.000000000000000000e+00
0.000000000000000000e+00
0.000000000000000000e+00
0.000000000000000000e+00
0.000000000000000000e+00
0.000000000000000000e+00
0.000000000000000000e+00
0.000000000000000000e+00
0.000000000000000000e+00
0.000000000000000000e+00
0.000000000000000000e+00
0.000000000000000000e+00
0.000000000000000000e+00
0.000000000000000000e+00
0.000000000000000000e+00
0.000000000000000000e+00
0.000000000000000000e+00
0.000000000000000000e+00
0.000000000000000000e+00
0.000000000000000000e+00
0.000000000000000000e+00
0.000000000000000000e+00
0.000000000000000000e+00
0.000000000000000000e+00
0.000000000000000000e+00
0.000000000000000000e+00
0.000000000000000000e+00
0.000000000000000000e+00
0.000000000000000000e+00
0.000000000000000000e+00
0.000000000000000000e+00
0.000000000000000000e+00
0.000000000000000000e+00
0.000000000000000000e+00
0.000000000000000000e+00
0.000000000000000000e+00
0.000000000000000000e+00
0.000000000000000000e+00
0.000000000000000000e+00
0.000000000000000000e+00
0.000000000000000000e+00
0.000000000000000000e+00
0.000000000000000000e+00
0.000000000000000000e+00
0.000000000000000000e+00
0.000000000000000000e+00
0.000000000000000000e+00
0.000000000000000000e+00
0.000000000000000000e+00
0.000000000000000000e+00
0.000000000000000000e+00
0.000000000000000000e+00
0.000000000000000000e+00
0.000000000000000000e+00
0.000000000000000000e+00
0.000000000000000000e+00
0.000000000000000000e+00
0.000000000000000000e+00
0.000000000000000000e+00
0.000000000000000000e+00
0.000000000000000000e+00
0.000000000000000000e+00
0.000000000000000000e+00
0.000000000000000000e+00
0.000000000000000000e+00
0.000000000000000000e+00
0.000000000000000000e+00
0.000000000000000000e+00
0.000000000000000000e+00
0.000000000000000000e+00
0.000000000000000000e+00
0.000000000000000000e+00
0.000000000000000000e+00
0.000000000000000000e+00
0.000000000000000000e+00
0.000000000000000000e+00
0.000000000000000000e+00
0.000000000000000000e+00
0.000000000000000000e+00
0.000000000000000000e+00
0.000000000000000000e+00
0.000000000000000000e+00
0.000000000000000000e+00
0.000000000000000000e+00
0.000000000000000000e+00
0.000000000000000000e+00
0.000000000000000000e+00
0.000000000000000000e+00
0.000000000000000000e+00
0.000000000000000000e+00
0.000000000000000000e+00
0.000000000000000000e+00
0.000000000000000000e+00
0.000000000000000000e+00
0.000000000000000000e+00
0.000000000000000000e+00
0.000000000000000000e+00
0.000000000000000000e+00
0.000000000000000000e+00
0.000000000000000000e+00
0.000000000000000000e+00
0.000000000000000000e+00
0.000000000000000000e+00
0.000000000000000000e+00
0.000000000000000000e+00
0.000000000000000000e+00
0.000000000000000000e+00
0.000000000000000000e+00
0.000000000000000000e+00
0.000000000000000000e+00
0.000000000000000000e+00
0.000000000000000000e+00
0.000000000000000000e+00
0.000000000000000000e+00
0.000000000000000000e+00
0.000000000000000000e+00
0.000000000000000000e+00
0.000000000000000000e+00
0.000000000000000000e+00
0.000000000000000000e+00
0.000000000000000000e+00
0.000000000000000000e+00
0.000000000000000000e+00
0.000000000000000000e+00
0.000000000000000000e+00
0.000000000000000000e+00
0.000000000000000000e+00
0.000000000000000000e+00
0.000000000000000000e+00
0.000000000000000000e+00
0.000000000000000000e+00
0.000000000000000000e+00
0.000000000000000000e+00
0.000000000000000000e+00
0.000000000000000000e+00
0.000000000000000000e+00
0.000000000000000000e+00
0.000000000000000000e+00
0.000000000000000000e+00
0.000000000000000000e+00
0.000000000000000000e+00
0.000000000000000000e+00
0.000000000000000000e+00
0.000000000000000000e+00
0.000000000000000000e+00
0.000000000000000000e+00
0.000000000000000000e+00
0.000000000000000000e+00
0.000000000000000000e+00
0.000000000000000000e+00
0.000000000000000000e+00
0.000000000000000000e+00
0.000000000000000000e+00
0.000000000000000000e+00
0.000000000000000000e+00
0.000000000000000000e+00
0.000000000000000000e+00
0.000000000000000000e+00
0.000000000000000000e+00
0.000000000000000000e+00
0.000000000000000000e+00
0.000000000000000000e+00
0.000000000000000000e+00
0.000000000000000000e+00
0.000000000000000000e+00
0.000000000000000000e+00
0.000000000000000000e+00
0.000000000000000000e+00
0.000000000000000000e+00
0.000000000000000000e+00
0.000000000000000000e+00
0.000000000000000000e+00
0.000000000000000000e+00
0.000000000000000000e+00
0.000000000000000000e+00
0.000000000000000000e+00
0.000000000000000000e+00
0.000000000000000000e+00
0.000000000000000000e+00
0.000000000000000000e+00
0.000000000000000000e+00
0.000000000000000000e+00
0.000000000000000000e+00
0.000000000000000000e+00
0.000000000000000000e+00
0.000000000000000000e+00
0.000000000000000000e+00
0.000000000000000000e+00
0.000000000000000000e+00
0.000000000000000000e+00
0.000000000000000000e+00
0.000000000000000000e+00
0.000000000000000000e+00
0.000000000000000000e+00
0.000000000000000000e+00
0.000000000000000000e+00
0.000000000000000000e+00
0.000000000000000000e+00
0.000000000000000000e+00
0.000000000000000000e+00
0.000000000000000000e+00
0.000000000000000000e+00
0.000000000000000000e+00
0.000000000000000000e+00
0.000000000000000000e+00
0.000000000000000000e+00
0.000000000000000000e+00
0.000000000000000000e+00
0.000000000000000000e+00
0.000000000000000000e+00
0.000000000000000000e+00
0.000000000000000000e+00
0.000000000000000000e+00
0.000000000000000000e+00
0.000000000000000000e+00
0.000000000000000000e+00
0.000000000000000000e+00
0.000000000000000000e+00
0.000000000000000000e+00
0.000000000000000000e+00
0.000000000000000000e+00
0.000000000000000000e+00
0.000000000000000000e+00
0.000000000000000000e+00
0.000000000000000000e+00
0.000000000000000000e+00
0.000000000000000000e+00
0.000000000000000000e+00
0.000000000000000000e+00
0.000000000000000000e+00
0.000000000000000000e+00
0.000000000000000000e+00
0.000000000000000000e+00
0.000000000000000000e+00
0.000000000000000000e+00
0.000000000000000000e+00
0.000000000000000000e+00
0.000000000000000000e+00
0.000000000000000000e+00
0.000000000000000000e+00
0.000000000000000000e+00
0.000000000000000000e+00
0.000000000000000000e+00
0.000000000000000000e+00
0.000000000000000000e+00
0.000000000000000000e+00
0.000000000000000000e+00
0.000000000000000000e+00
0.000000000000000000e+00
0.000000000000000000e+00
0.000000000000000000e+00
0.000000000000000000e+00
0.000000000000000000e+00
0.000000000000000000e+00
0.000000000000000000e+00
0.000000000000000000e+00
0.000000000000000000e+00
0.000000000000000000e+00
0.000000000000000000e+00
0.000000000000000000e+00
0.000000000000000000e+00
0.000000000000000000e+00
0.000000000000000000e+00
0.000000000000000000e+00
0.000000000000000000e+00
0.000000000000000000e+00
0.000000000000000000e+00
0.000000000000000000e+00
0.000000000000000000e+00
0.000000000000000000e+00
0.000000000000000000e+00
0.000000000000000000e+00
0.000000000000000000e+00
0.000000000000000000e+00
0.000000000000000000e+00
0.000000000000000000e+00
0.000000000000000000e+00
0.000000000000000000e+00
0.000000000000000000e+00
0.000000000000000000e+00
0.000000000000000000e+00
0.000000000000000000e+00
0.000000000000000000e+00
0.000000000000000000e+00
0.000000000000000000e+00
0.000000000000000000e+00
0.000000000000000000e+00
0.000000000000000000e+00
0.000000000000000000e+00
0.000000000000000000e+00
0.000000000000000000e+00
0.000000000000000000e+00
0.000000000000000000e+00
0.000000000000000000e+00
0.000000000000000000e+00
0.000000000000000000e+00
0.000000000000000000e+00
0.000000000000000000e+00
0.000000000000000000e+00
0.000000000000000000e+00
0.000000000000000000e+00
0.000000000000000000e+00
0.000000000000000000e+00
0.000000000000000000e+00
0.000000000000000000e+00
0.000000000000000000e+00
0.000000000000000000e+00
0.000000000000000000e+00
0.000000000000000000e+00
0.000000000000000000e+00
0.000000000000000000e+00
0.000000000000000000e+00
0.000000000000000000e+00
0.000000000000000000e+00
0.000000000000000000e+00
0.000000000000000000e+00
0.000000000000000000e+00
0.000000000000000000e+00
0.000000000000000000e+00
0.000000000000000000e+00
0.000000000000000000e+00
0.000000000000000000e+00
0.000000000000000000e+00
0.000000000000000000e+00
0.000000000000000000e+00
0.000000000000000000e+00
0.000000000000000000e+00
0.000000000000000000e+00
0.000000000000000000e+00
0.000000000000000000e+00
0.000000000000000000e+00
0.000000000000000000e+00
0.000000000000000000e+00
0.000000000000000000e+00
0.000000000000000000e+00
0.000000000000000000e+00
0.000000000000000000e+00
0.000000000000000000e+00
0.000000000000000000e+00
0.000000000000000000e+00
0.000000000000000000e+00
0.000000000000000000e+00
0.000000000000000000e+00
0.000000000000000000e+00
0.000000000000000000e+00
0.000000000000000000e+00
0.000000000000000000e+00
0.000000000000000000e+00
0.000000000000000000e+00
0.000000000000000000e+00
0.000000000000000000e+00
0.000000000000000000e+00
0.000000000000000000e+00
0.000000000000000000e+00
0.000000000000000000e+00
0.000000000000000000e+00
0.000000000000000000e+00
0.000000000000000000e+00
