2.143055529029057604e-01
2.914305071323216104e-02
1.169285559334343368e-02
9.095079047938645078e-03
9.179680279739947310e-03
9.763231331417912898e-03
1.038808793098093715e-02
1.097032334143601198e-02
1.150382794800864326e-02
1.199398084917527828e-02
1.244513773404849408e-02
1.285952545776558251e-02
1.323790811248157055e-02
1.358023084963533821e-02
1.388605707603335869e-02
1.415485228719437841e-02
1.438616736300423263e-02
1.457975347468408803e-02
1.473562803786513525e-02
1.485410474519336180e-02
1.493579738274389626e-02
1.498160510699713191e-02
1.499268536251823457e-02
1.497041936428956943e-02
1.491637396491731805e-02
1.483226276165365044e-02
1.471990847600182332e-02
1.458120796190213661e-02
1.441810066153063202e-02
1.423254091780479409e-02
1.402647425254506183e-02
1.380181750994938228e-02
1.356044262805966918e-02
1.330416371941259973e-02
1.303472710165251743e-02
1.275380390769312831e-02
1.246298491367811741e-02
1.216377724432849035e-02
1.185760264395486693e-02
1.154579703362652691e-02
1.122961110808353910e-02
1.091021175819893024e-02
1.058868413506216730e-02
1.026603419945821410e-02
9.943191625389081328e-03
9.621012948284237559e-03
9.300284867780141823e-03
8.981727631601137823e-03
8.665998441385878645e-03
8.353694833521822793e-03
8.045357998423891682e-03
7.741476010457903380e-03
7.442486948073916142e-03
7.148781889870928566e-03
6.860707777423946142e-03
6.578570139912127621e-03
6.302635679010913476e-03
6.033134715259670829e-03
5.770263499273912446e-03
5.514186392821590274e-03
5.265037925987895058e-03
5.022924737478947493e-03
4.787927405612318887e-03
4.560102177763901594e-03
4.339482606031136273e-03
4.126081096673851409e-03
3.919890380545962456e-03
3.720884911267948944e-03
3.529022197344652487e-03
3.344244073833596478e-03
3.166477918540781204e-03
2.995637817085998033e-03
2.831625680555917117e-03
2.674332318865730446e-03
2.523638472390552379e-03
2.379415803915260058e-03
2.241527852491423476e-03
2.109830950386928916e-03
1.984175103968682102e-03
1.864404839071509166e-03
1.750360011175302070e-03
1.641876580534789524e-03
1.538787352277929061e-03
1.440922681405910292e-03
1.348111142585005362e-03
1.260180164612845774e-03
1.176956629464732994e-03
1.098267435873408323e-03
1.023940027464413866e-03
9.538028855536893110e-04
8.876859868105148495e-04
8.254212260935435289e-04
7.668428048766840746e-04
7.117875857929800622e-04
6.600954139343090041e-04
6.116094056521334575e-04
5.661762057063895797e-04
5.236462137055110854e-04
4.838737808684916738e-04
4.467173782194483944e-04
4.120397373955353155e-04
3.797079653095568048e-04
3.495936339594900863e-04
3.215728467179759559e-04
2.955262824656206661e-04
2.713392189534455964e-04
2.489015367915698470e-04
2.281077054643714257e-04
2.088567527668753847e-04
1.910522190437943465e-04
1.746020975919499222e-04
1.594187625594849689e-04
1.454188856416904329e-04
1.325233428345122218e-04
1.206571124629424082e-04
1.097491656537779491e-04
9.973235037082565479e-05
9.054327007635313098e-05
8.212215802607423858e-05
7.441274814658964745e-05
6.736214338481749761e-05
6.092068235864195433e-05
5.504180507773841972e-05
4.968191844326994472e-05
4.480026217569652876e-05
4.035877576134065908e-05
3.632196695114806452e-05
3.265678228948208124e-05
2.933248009708029540e-05
2.632050628052712019e-05
2.359437329135465649e-05
2.112954251079659821e-05
1.890331029181840840e-05
1.689469784816656991e-05
1.508434514113593343e-05
1.345440887818499422e-05
1.198846470387494357e-05
1.067141363261389170e-05
9.489392744250038284e-06
8.429690137930312440e-06
7.480664116364111585e-06
6.631666551984740037e-06
5.872970368124180547e-06
5.195701052276371685e-06
4.591772104563500789e-06
4.053824312735261170e-06
3.575168734989854102e-06
3.149733263841474458e-06
2.772012637712874669e-06
2.437021762012037271e-06
2.140252197953146051e-06
1.877631675095341023e-06
1.645486482533941244e-06
1.440506593670327159e-06
1.259713380396058869e-06
1.100429774235552757e-06
9.602527345534089799e-07
8.370278869113172747e-07
7.288261983522839355e-07
6.339225604934771302e-07
5.507761556117832984e-07
4.780124857686272282e-07
4.144069498983808389e-07
3.588698588805669794e-07
3.104327838521930106e-07
2.682361382830839613e-07
2.315178995511761706e-07
1.996033810697414335e-07
1.718959711126409495e-07
1.478687596355714215e-07
1.270569792674185460e-07
1.090511914975697117e-07
9.349115375271554964e-08
8.006030747534744420e-08
6.848083164697278995e-08
5.850921029196780879e-08
4.993226636244339185e-08
4.256361815390514586e-08
3.624051782897135431e-08
3.082103497852271505e-08
2.618155118423610639e-08
2.221453450183392187e-08
1.882656541814421422e-08
1.593658842574746252e-08
1.347436564764928704e-08
1.137911113059355242e-08
9.598286451342329318e-09
8.086540081177472597e-09
6.804774719559725054e-09
5.719328318587793314e-09
4.801255958846328529e-09
4.025701092699419516e-09
3.371345787063395923e-09
2.819930751536675791e-09
2.355836878184358162e-09
1.965720935895054751e-09
1.638198887319043535e-09
1.363570940227669187e-09
1.133583246774712084e-09
9.412216045504773788e-10
7.805331462395962622e-10
6.464724268256880002e-10
5.347687836369239864e-10
4.418121490977242715e-10
3.645549512609031234e-10
3.004278942993461196e-10
2.472678033470385283e-10
2.032558705713658687e-10
1.668648938052330099e-10
1.368142508293447769e-10
1.120315390204686259e-10
9.161993675298077120e-11
7.483047339412201283e-11
6.103850937794887933e-11
4.972380464136261366e-11
4.045366373600311858e-11
3.286870032378013202e-11
2.667082280001534166e-11
2.161312560307332323e-11
1.749137729396779123e-11
1.413688719627715284e-11
1.141050825442897725e-11
9.197620140013442635e-12
7.403949269006310024e-12
5.952051586552147121e-12
4.778409288308738711e-12
3.830992322576967201e-12
3.067246556757832060e-12
2.452409760882459129e-12
1.958135681599889024e-12
1.561333841305194160e-12
1.243224667567460190e-12
9.885584921900562308e-13
7.849685088579701970e-13
6.224387623388178334e-13
4.928720763661560157e-13
3.897275348369680399e-13
3.077358086304424457e-13
2.426499767133512255e-13
1.910589214428366055e-13
1.502219389408745602e-13
1.179456842793243494e-13
9.247144522366194076e-14
7.239531258751324469e-14
5.659525376733026207e-14
4.417978155427065068e-14
3.443778406884513221e-14
2.680516051330484461e-14
2.083317818642596328e-14
1.616875041787703944e-14
1.252949190633709917e-14
9.694682535271752648e-15
7.490435289756109796e-15
5.778229097052787441e-15
4.451448932490342745e-15
3.423868706509294828e-15
2.629542128774348921e-15
2.016311877100409882e-15
1.543500113812406110e-15
1.179960166228680756e-15
9.009492226187053421e-16
6.860269464911492414e-16
5.220757488124213520e-16
3.964831201067350655e-16
3.005416642326906707e-16
2.280625201342917777e-16
1.720792897612024188e-16
1.301153157119787064e-16
9.767668994640121163e-17
7.298364519556774119e-17
5.516889645904634021e-17
4.090556297961551696e-17
3.115209078804460474e-17
2.280905295830125903e-17
1.740471024832156700e-17
1.331854457757944825e-17
9.794130131964462616e-18
7.179415089251538794e-18
5.402254858200782180e-18
3.976320795824753242e-18
3.155579462134277092e-18
2.288108195519288339e-18
1.717841798792581428e-18
1.370113046887519791e-18
9.271952124018376731e-19
5.547222816183808799e-19
6.526772915267766942e-19
4.114828393221890606e-19
1.716598471324876281e-19
3.701206941169476710e-19
5.426542269395274870e-19
2.608534233033590415e-19
7.820818172187372323e-21
1.078080460744152484e-19
9.420056930247407099e-20
4.230644523164806291e-19
1.796680490472032471e-19
1.723104869776698344e-20
4.059819434882745277e-19
3.723031780566089070e-19
9.812846034908780407e-20
6.978357764592658180e-20
3.364743781901222926e-19
9.023345338586133688e-20
1.345176867977027556e-19
7.050722435751721919e-20
6.140604043275193897e-20
5.833845137267237252e-20
0.000000000000000000e+00
1.188928836823377079e-19
5.883923257829757069e-20
3.226672049409353925e-19
1.364499150659461516e-19
5.871082592790726531e-20
4.844052748054109791e-20
3.859084051826012762e-19
0.000000000000000000e+00
2.506055364173817304e-19
2.007148070694463654e-19
2.599033998892572527e-19
0.000000000000000000e+00
3.864018414307754550e-19
0.000000000000000000e+00
0.000000000000000000e+00
0.000000000000000000e+00
3.822801064718248795e-19
2.090141976954047274e-19
1.286004508196854527e-19
0.000000000000000000e+00
1.801018438022754434e-19
1.915534151757557197e-19
3.292794001520478992e-19
2.053450460582252106e-19
0.000000000000000000e+00
4.582921938228822081e-20
0.000000000000000000e+00
4.137215768608212674e-20
4.091290039821578620e-20
1.071794862531203791e-19
3.844524230395206195e-19
6.492469266076614809e-20
0.000000000000000000e+00
1.725450098724402829e-19
4.641518317178921738e-20
1.048822902993438816e-19
0.000000000000000000e+00
0.000000000000000000e+00
3.019871141647406551e-20
3.017758240496189773e-19
3.889829693226469527e-19
5.748852955200578712e-20
3.554373109738976366e-20
0.000000000000000000e+00
2.337677087505910608e-19
4.530292370696880613e-19
1.975664313973825837e-19
1.833239818145637301e-19
3.868238288760505474e-19
1.975998790237937461e-19
3.919041963967218548e-19
0.000000000000000000e+00
3.158372171702880957e-19
4.012891423865272342e-19
6.898329297749025996e-20
1.174439698652324426e-19
4.603209218018573569e-19
2.089198334154589955e-19
0.000000000000000000e+00
4.561963833145591442e-19
7.248828221436795475e-20
1.876760208850702578e-19
0.000000000000000000e+00
4.543564033109347197e-19
0.000000000000000000e+00
4.653278276211615314e-20
1.803111067898952626e-19
1.828446645009009463e-19
0.000000000000000000e+00
0.000000000000000000e+00
3.545466292537591063e-20
1.700220765961662531e-19
3.797990503607271745e-19
5.075823272039669121e-20
3.411359907721354199e-20
3.082993564567922161e-20
2.874217515310982184e-20
5.716475668967039225e-19
5.417811365148738583e-20
9.944195191567096773e-20
3.220297326687130384e-20
0.000000000000000000e+00
2.290465297690746147e-19
0.000000000000000000e+00
5.008173068270798332e-19
3.186689289041833425e-19
1.744161347448758596e-19
3.201559395857494268e-20
2.715546846336315522e-20
2.546663781586452650e-20
0.000000000000000000e+00
0.000000000000000000e+00
0.000000000000000000e+00
1.813633401936866335e-20
1.683264055600501345e-20
1.529221803366735692e-20
8.192380772042121107e-20
1.598010059318415227e-20
1.483802238614455837e-19
1.504354997315270150e-19
0.000000000000000000e+00
1.097992721894156528e-20
3.505683753436359950e-19
1.592500398444084982e-19
0.000000000000000000e+00
8.065416908106226763e-20
2.192561017144313437e-19
2.925408095638989450e-19
2.392898368547629399e-20
0.000000000000000000e+00
1.503388848974521327e-19
1.546160874229542501e-19
1.897535979993799250e-20
2.869115667040305551e-19
2.270148481120226018e-19
3.630535342796204757e-19
9.585068835559033895e-20
1.575588714381384157e-19
2.239175128722329911e-20
0.000000000000000000e+00
8.452110326478732676e-20
2.221810272041229654e-19
8.936018830486976750e-20
4.266479139482077371e-19
3.673983461359645096e-19
0.000000000000000000e+00
3.592752936384419253e-19
2.312690562619955404e-19
2.294600515165489359e-19
2.524759814939575920e-20
3.603095648234658370e-19
2.312392464610989818e-19
2.973647557948271614e-19
2.622541233388550892e-20
1.991858601917975830e-20
2.903254627968194786e-19
1.586860076983947677e-19
3.602670121962556225e-19
9.163750568946745305e-20
2.231567768438600781e-19
0.000000000000000000e+00
2.877663089403141802e-19
1.800267305579798608e-20
5.585203595910427394e-19
1.588359688406594829e-19
0.000000000000000000e+00
0.000000000000000000e+00
2.161741293492345191e-19
0.000000000000000000e+00
7.841409111390656742e-20
1.465462410949216709e-19
2.827330948321843869e-19
0.000000000000000000e+00
8.210428879243124916e-21
7.039332030731411547e-21
1.421758707404408032e-19
4.154955115085490401e-19
2.146963154370537540e-19
0.000000000000000000e+00
3.472745319828214328e-19
2.142192233404092120e-19
9.212602520096907868e-21
7.495519457409766488e-20
2.790150265731012360e-19
4.164833909031390989e-19
2.136604859363965451e-19
0.000000000000000000e+00
0.000000000000000000e+00
1.410242946812892792e-19
1.409154292753759785e-19
0.000000000000000000e+00
2.071793634940857810e-19
3.349383431024186171e-21
2.119355244414322938e-21
1.457990987640334968e-21
1.371484071782487234e-19
0.000000000000000000e+00
1.368022461131872276e-19
7.021541185536298550e-22
0.000000000000000000e+00
5.899121819838091215e-23
6.761441007088902186e-24
1.017311681733705878e-24
1.555730571373357949e-25
2.104387257765115846e-26
2.657110783906564032e-27
3.062234071941158087e-28
3.262047058102952495e-29
3.392454345753745548e-30
3.561964868855363390e-31
3.876532378141900996e-32
4.482841665507514318e-33
5.415939328683556323e-34
6.581455429664303426e-35
7.864713996196466446e-36
9.195846098121059798e-37
1.058684659889773323e-37
1.202617174037483716e-38
1.349819759064327756e-39
1.494540153572856170e-40
1.628893342450019329e-41
1.747557349121557800e-42
1.851111384304362137e-43
1.945285043513940286e-44
2.036446283247292523e-45
2.126852278171667997e-46
2.213855218813133635e-47
2.294369093889877197e-48
2.372043780101501387e-49
2.463006670900285887e-50
2.597365346472514423e-51
2.816007002770216841e-52
3.163693808510530364e-53
3.680130238622776865e-54
4.391640515924904297e-55
5.307148542316243586e-56
6.421670448134544572e-57
7.727616019455872263e-58
9.230083893401680032e-59
1.095950453002777046e-59
1.297521639017482905e-60
1.535681406225923010e-61
1.818477424824911450e-62
2.151586204247858562e-63
2.536070073096556834e-64
2.967037405062323489e-65
3.433667038232771987e-66
3.920750087842230649e-67
4.411583321511775047e-68
4.891760541837673817e-69
5.353187511346182073e-70
5.797532838949202215e-71
6.238358962753591968e-72
6.701368646529344236e-73
7.222535017431401187e-74
7.844305994968457439e-75
8.610508860462863563e-76
9.560933389924666730e-77
1.072675131244862155e-77
1.212787393040483270e-78
1.377304750472628411e-79
1.566298330696696048e-80
1.779620764804479394e-81
2.017671481308821352e-82
2.282203951884179827e-83
2.577015505488129001e-84
2.908373998423735796e-85
3.285087104886698594e-86
3.718202848662008770e-87
4.220426579232553405e-88
4.805423249650499632e-89
5.487215888008113696e-90
6.279871066135728214e-91
7.197577537271828330e-92
8.255095822029385096e-93
9.468425263533500588e-94
1.085545000680542731e-94
1.243632607972332091e-95
1.423347164380485854e-96
1.627120073707363424e-97
1.857524968549307971e-98
2.117263577691562260e-99
2.409245609448781446e-100
2.736850226923743743e-101
3.104534392164434007e-102
3.519191155609932766e-103
3.993339147722261032e-104
4.553064818901197585e-105
5.258507268855234718e-106
6.257387134045469179e-107
7.924993744149725000e-108
1.122864829061983284e-108
1.867059332715380013e-109
3.671039896513238582e-110
8.194416425901025094e-111
1.967535190264588526e-111
4.886506014464161277e-112
1.228479992359040082e-112
3.093727294044053619e-113
7.766901895159195561e-114
1.939624031817858357e-114
4.813472485014354002e-115
1.186498525017883079e-115
2.904304897924853891e-116
7.058744683887692523e-117
1.703284863524490335e-117
4.080327567291892411e-118
9.703493946893444173e-119
2.290687424943253867e-119
5.367697864086089234e-120
1.248461205586001689e-120
2.882086860337223450e-121
6.603349920527755051e-122
1.501505380342114253e-122
3.388244803409923269e-123
7.587309624408429589e-124
1.685953742318391810e-124
3.717302081069128050e-125
8.132307373203164791e-126
1.765154267484242041e-126
3.801137365434254121e-127
8.120548831250789131e-128
1.720984127525034643e-128
3.617983608383525088e-129
7.544543928746446516e-130
1.560465996397727122e-130
3.201169255663603498e-131
6.512892286891985055e-132
1.314098249786043288e-132
2.629347834423342645e-133
5.216892911231962068e-134
1.026352895159157826e-134
2.002070991960654623e-135
3.872015536424567237e-136
7.424142050450081059e-137
1.411183681032070485e-137
2.659042359102633472e-138
4.966467148377409641e-139
9.194464894442093485e-140
1.687087955279169047e-140
3.068011412116978828e-141
5.529165802809605641e-142
9.874631061288427655e-143
1.747494425985142256e-143
3.064214860872856879e-144
5.323604300512341624e-145
9.163257738432109984e-146
1.562521007899397914e-146
2.639415115593114376e-147
4.416408593508934732e-148
7.319545940129699108e-149
1.201505635367857046e-149
1.953293386130336863e-150
3.144721227317269429e-151
5.013518552579168337e-152
7.914463555284541145e-153
1.237060923889529509e-153
1.914359896912637936e-154
2.932857123919066302e-155
4.447999680868983734e-156
6.677541383407838550e-157
9.922421681177760731e-158
1.459281387903057695e-158
2.123985119005619420e-159
3.059324293062148775e-160
4.360451911369921331e-161
6.149495820827234509e-162
8.580634166078991195e-163
1.184515446012494110e-163
1.617606531831925503e-164
2.185168770932437119e-165
2.919751340518314361e-166
3.858550085721003444e-167
5.042990653095849629e-168
6.517874963069714474e-169
8.330010748151613716e-170
1.052626615386684735e-170
1.315102756596678759e-171
1.624308908545738551e-172
1.983206475524684362e-173
2.393448585955906132e-174
2.854981914506185938e-175
3.365670932344694677e-176
3.920980092192718381e-177
4.513752026473215481e-178
5.134118891756748622e-179
5.769578873777618176e-180
6.405260334166744415e-181
7.024382432774586318e-182
7.608904201820918503e-183
8.140335466803617865e-184
8.600664656490731994e-185
8.973342627648579180e-186
9.244250328238927161e-187
9.402573267627437032e-188
9.441508535331367848e-189
9.358740806001675438e-190
9.156641675957221247e-191
8.842170103387618496e-192
8.426478178118178968e-193
7.924252950407627732e-194
7.352848543499986020e-195
6.731280551910834380e-196
6.079164809242360975e-197
5.415684024546010581e-198
4.758658688463104538e-199
4.123784263013237023e-200
3.524077070029889391e-201
2.969549080987952632e-202
2.467109710216653305e-203
2.020673191262950511e-204
1.631435067710963936e-205
1.298271879724527280e-206
1.018214567284354954e-207
7.869479666203566146e-209
5.992949806535819362e-210
4.496531317037418078e-211
3.323617215007935141e-212
2.419883119721799243e-213
1.735325657928555714e-214
1.225528908406874853e-215
8.522645759178042976e-217
5.835599952572341233e-218
3.933763346061191174e-219
2.610318989987269426e-220
1.704873294723048109e-221
1.095856973556583629e-222
6.931520081932586979e-224
4.313850210625704365e-225
2.641266601437672967e-226
1.590809476095281734e-227
9.423896309140142359e-229
5.490303754138288686e-230
3.145302513930656530e-231
1.771637067632989615e-232
9.810224933467079337e-234
5.339739746404097377e-235
2.856555315608811197e-236
1.501725519887420503e-237
7.757240399301752570e-239
3.936729091681914135e-240
1.962536050077344800e-241
9.609377375270783568e-243
4.620717414618024781e-244
2.181727874957766542e-245
1.011366589476620251e-246
4.602276333399936927e-248
2.055566004094423030e-249
9.009957487933051879e-251
3.875108923600047053e-252
1.635127239781684244e-253
6.768019320706039055e-255
2.747573146999176842e-256
1.093828189618258781e-257
4.269676376821438993e-259
1.633879038646872045e-260
6.128529725301062584e-262
2.252868025399244874e-263
8.115010830387935270e-265
2.863824599175427216e-266
9.900040078893750769e-268
3.351885512550759022e-269
1.111298488671790437e-270
3.607350945992362948e-272
1.146273201061349748e-273
3.564963064973629181e-275
1.084958876294654591e-276
3.230622108469153132e-278
9.410139495359487629e-280
2.680800030262934595e-281
7.468127486301225178e-283
2.034030623814083021e-284
5.415271532590361058e-286
1.409021081987551564e-287
3.582331187016047406e-289
8.897754196425395066e-291
2.158618372311784909e-292
5.114055131199196040e-294
1.182935804378136681e-295
2.671001989458485179e-297
5.885920328978383616e-299
1.265582231002529117e-300
2.654664623106244409e-302
5.430983865632948543e-304
1.083432641835784182e-305
2.107092431040911595e-307
3.994164360014914857e-309
7.377853400553833308e-311
1.327686567001740935e-312
2.327131178647739057e-314
3.971941304326193749e-316
6.599891938810498948e-318
1.067379421275429034e-319
1.679823195860238250e-321
2.470328229206232721e-323
0.000000000000000000e+00
0.000000000000000000e+00
0.000000000000000000e+00
0.000000000000000000e+00
0.000000000000000000e+00
0.000000000000000000e+00
0.000000000000000000e+00
0.000000000000000000e+00
0.000000000000000000e+00
0.000000000000000000e+00
0.000000000000000000e+00
0.000000000000000000e+00
0.000000000000000000e+00
0.000000000000000000e+00
0.000000000000000000e+00
0.000000000000000000e+00
0.000000000000000000e+00
0.000000000000000000e+00
0.000000000000000000e+00
0.000000000000000000e+00
0.000000000000000000e+00
0.000000000000000000e+00
0.000000000000000000e+00
0.000000000000000000e+00
0.000000000000000000e+00
0.000000000000000000e+00
0.000000000000000000e+00
0.000000000000000000e+00
0.000000000000000000e+00
0.000000000000000000e+00
0.000000000000000000e+00
0.000000000000000000e+00
0.000000000000000000e+00
0.000000000000000000e+00
0.000000000000000000e+00
0.000000000000000000e+00
0.000000000000000000e+00
0.000000000000000000e+00
0.000000000000000000e+00
0.000000000000000000e+00
0.000000000000000000e+00
0.000000000000000000e+00
0.000000000000000000e+00
0.000000000000000000e+00
0.000000000000000000e+00
0.000000000000000000e+00
0.000000000000000000e+00
0.000000000000000000e+00
0.000000000000000000e+00
0.000000000000000000e+00
0.000000000000000000e+00
0.000000000000000000e+00
0.000000000000000000e+00
0.000000000000000000e+00
0.000000000000000000e+00
0.000000000000000000e+00
0.000000000000000000e+00
0.000000000000000000e+00
0.000000000000000000e+00
0.000000000000000000e+00
0.000000000000000000e+00
0.000000000000000000e+00
0.000000000000000000e+00
0.000000000000000000e+00
0.000000000000000000e+00
0.000000000000000000e+00
0.000000000000000000e+00
0.000000000000000000e+00
0.000000000000000000e+00
0.000000000000000000e+00
0.000000000000000000e+00
0.000000000000000000e+00
0.000000000000000000e+00
0.000000000000000000e+00
0.000000000000000000e+00
0.000000000000000000e+00
0.000000000000000000e+00
0.000000000000000000e+00
0.000000000000000000e+00
0.000000000000000000e+00
0.000000000000000000e+00
0.000000000000000000e+00
0.000000000000000000e+00
0.000000000000000000e+00
0.000000000000000000e+00
0.000000000000000000e+00
0.000000000000000000e+00
0.000000000000000000e+00
0.000000000000000000e+00
0.000000000000000000e+00
0.000000000000000000e+00
0.000000000000000000e+00
0.000000000000000000e+00
0.000000000000000000e+00
0.000000000000000000e+00
0.000000000000000000e+00
0.000000000000000000e+00
0.000000000000000000e+00
0.000000000000000000e+00
0.000000000000000000e+00
0.000000000000000000e+00
0.000000000000000000e+00
0.000000000000000000e+00
0.000000000000000000e+00
0.000000000000000000e+00
0.000000000000000000e+00
0.000000000000000000e+00
0.000000000000000000e+00
0.000000000000000000e+00
0.000000000000000000e+00
0.000000000000000000e+00
0.000000000000000000e+00
0.000000000000000000e+00
0.000000000000000000e+00
0.000000000000000000e+00
0.000000000000000000e+00
0.000000000000000000e+00
0.000000000000000000e+00
0.000000000000000000e+00
0.000000000000000000e+00
0.000000000000000000e+00
0.000000000000000000e+00
0.000000000000000000e+00
0.000000000000000000e+00
0.000000000000000000e+00
0.000000000000000000e+00
0.000000000000000000e+00
0.000000000000000000e+00
0.000000000000000000e+00
0.000000000000000000e+00
0.000000000000000000e+00
0.000000000000000000e+00
0.000000000000000000e+00
0.000000000000000000e+00
0.000000000000000000e+00
0.000000000000000000e+00
0.000000000000000000e+00
0.000000000000000000e+00
0.000000000000000000e+00
0.000000000000000000e+00
0.000000000000000000e+00
0.000000000000000000e+00
0.000000000000000000e+00
0.000000000000000000e+00
0.000000000000000000e+00
0.000000000000000000e+00
0.000000000000000000e+00
0.000000000000000000e+00
0.000000000000000000e+00
0.000000000000000000e+00
0.000000000000000000e+00
0.000000000000000000e+00
0.000000000000000000e+00
0.000000000000000000e+00
0.000000000000000000e+00
0.000000000000000000e+00
0.000000000000000000e+00
0.000000000000000000e+00
0.000000000000000000e+00
0.000000000000000000e+00
0.000000000000000000e+00
0.000000000000000000e+00
0.000000000000000000e+00
0.000000000000000000e+00
0.000000000000000000e+00
0.000000000000000000e+00
0.000000000000000000e+00
0.000000000000000000e+00
0.000000000000000000e+00
0.000000000000000000e+00
0.000000000000000000e+00
0.000000000000000000e+00
0.000000000000000000e+00
0.000000000000000000e+00
0.000000000000000000e+00
0.000000000000000000e+00
0.000000000000000000e+00
0.000000000000000000e+00
0.000000000000000000e+00
0.000000000000000000e+00
0.000000000000000000e+00
0.000000000000000000e+00
0.000000000000000000e+00
0.000000000000000000e+00
0.000000000000000000e+00
0.000000000000000000e+00
0.000000000000000000e+00
0.000000000000000000e+00
0.000000000000000000e+00
0.000000000000000000e+00
0.000000000000000000e+00
0.000000000000000000e+00
0.000000000000000000e+00
0.000000000000000000e+00
