2.139385173472306834e-01
2.757241425145079070e-02
8.904142050397944805e-03
5.386271230727429117e-03
4.827480296721802823e-03
4.945979442956067312e-03
5.203453447738471543e-03
5.470518208036801062e-03
5.720885404628115074e-03
5.952726511731800361e-03
6.168716908680572930e-03
6.371534089081732320e-03
6.563156686642873314e-03
6.744950094782790548e-03
6.917839652426716231e-03
7.082445168160277083e-03
7.239172632612991820e-03
7.388276315181670738e-03
7.529902032254187812e-03
7.664118404267472075e-03
7.790940190915513104e-03
7.910346171875247065e-03
8.022293100808625121e-03
8.126726710164927647e-03
8.223590415466181663e-03
8.312832167343044837e-03
8.394409775425097642e-03
8.468294950086018014e-03
8.534476257984195680e-03
8.592961154323931761e-03
8.643777231984237433e-03
8.686972810911863102e-03
8.722616977884905740e-03
8.750799175396666019e-03
8.771628428135653729e-03
8.785232285901042881e-03
8.791755552614769972e-03
8.791358862322093057e-03
8.784217154746644732e-03
8.770518095144201262e-03
8.750460475938217492e-03
8.724252630977808246e-03
8.692110887258606283e-03
8.654258073608518329e-03
8.610922101149609542e-03
8.562334626287027017e-03
8.508729803508620348e-03
8.450343132360347426e-03
8.387410400546919942e-03
8.320166723138101850e-03
8.248845676292809390e-03
8.173678522686772530e-03
8.094893524906063634e-03
8.012715342396479340e-03
7.927364507099063373e-03
7.839056972621136904e-03
7.748003731652607258e-03
7.654410496315461332e-03
7.558477436202050252e-03
7.460398968997522876e-03
7.360363598772749240e-03
7.258553797264206964e-03
7.155145923711935842e-03
7.050310179099343599e-03
6.944210590915906624e-03
6.837005024846729874e-03
6.728845220068418141e-03
6.619876845102047602e-03
6.510239571433925482e-03
6.400067162363429728e-03
6.289487574771880120e-03
6.178623071728393465e-03
6.067590344054852626e-03
5.956500639164391542e-03
5.845459895666953697e-03
5.734568882398581938e-03
5.623923340683098342e-03
5.513614128772936773e-03
5.403727367542676512e-03
5.294344586623575544e-03
5.185542870273002550e-03
5.077395002366950558e-03
4.969969609990288612e-03
4.863331305176952536e-03
4.757540824422058605e-03
4.652655165651063511e-03
4.548727722387159444e-03
4.445808414909057510e-03
4.343943818235421542e-03
4.243177286813277008e-03
4.143549075822209465e-03
4.045096459038385189e-03
3.947853843228801320e-03
3.851852879071616508e-03
3.757122568617973345e-03
3.663689369329803640e-03
3.571577294742619892e-03
3.480808011816200961e-03
3.391400935046087577e-03
3.303373317418337781e-03
3.216740338296681517e-03
3.131515188337021839e-03
3.047709151527973771e-03
2.965331684459287728e-03
2.884390492920924694e-03
2.804891605937097701e-03
2.726839447338120972e-03
2.650236904972743703e-03
2.575085397661064628e-03
2.501384939986114712e-03
2.429134205019102283e-03
2.358330585069855472e-03
2.288970250550501767e-03
2.221048207036242089e-03
2.154558350602942072e-03
2.089493521517082984e-03
2.025845556348944421e-03
1.963605338575690265e-03
1.902762847736479438e-03
1.843307207197256723e-03
1.785226730578781283e-03
1.728508966897055821e-03
1.673140744461424842e-03
1.619108213571572282e-03
1.566396888051169558e-03
1.514991685652180469e-03
1.464876967360707102e-03
1.416036575632118868e-03
1.368453871580384198e-03
1.322111771143810646e-03
1.276992780247186102e-03
1.233079028977889955e-03
1.190352304791829786e-03
1.148794084763118473e-03
1.108385566890057825e-03
1.069107700468512534e-03
1.030941215542716984e-03
9.938666514426089914e-04
9.578643844159512224e-04
9.229146543629233781e-04
8.889975906804270826e-04
8.560932372229811040e-04
8.241815763868816933e-04
7.932425523243233139e-04
7.632560932940566419e-04
7.342021331554253677e-04
7.060606320127395599e-04
6.788115960172817287e-04
6.524350963345567972e-04
6.269112872848304346e-04
6.022204236654209869e-04
5.783428772637377001e-04
5.552591525704826192e-04
5.329499017031339358e-04
5.113959385501917667e-04
4.905782521473400944e-04
4.704780192972669948e-04
4.510766164452911504e-04
4.323556308236918295e-04
4.142968708780086291e-04
3.968823759891998838e-04
3.800944255059752726e-04
3.639155471021767417e-04
3.483285244744230009e-04
3.333164043957705103e-04
3.188625031414283120e-04
3.049504123029896140e-04
2.915640040079372271e-04
2.786874355614655943e-04
2.663051535279582966e-04
2.544018972695830344e-04
2.429627019597789821e-04
2.319729010894343725e-04
2.214181284837502233e-04
2.112843198477902670e-04
2.015577138588566517e-04
1.922248528236940779e-04
1.832725829186589563e-04
1.746880540307938553e-04
1.664587192177580468e-04
1.585723338043726783e-04
1.510169541334508152e-04
1.437809359883454867e-04
1.368529327045212257e-04
1.302218929871371423e-04
1.238770584514715749e-04
1.178079609026759560e-04
1.120044193710885628e-04
1.064565369190145913e-04
1.011546972345678659e-04
9.608956102778006740e-05
9.125206224388841510e-05
8.663340410827326103e-05
8.222505501719405403e-05
7.801874428800496396e-05
7.400645778220939317e-05
7.018043341423326365e-05
6.653315655840200647e-05
6.305735536619742269e-05
5.974599600541712394e-05
5.659227783243187530e-05
5.358962850833401880e-05
5.073169906927861952e-05
4.801235896095006924e-05
4.542569104659435731e-05
4.296598659769010011e-05
4.062774027583731612e-05
3.840564511406708789e-05
3.629458750535481920e-05
3.428964220567469646e-05
3.238606735855233430e-05
3.057929954767986652e-05
2.886494888372528631e-05
2.723879413113162805e-05
2.569677788029409618e-05
2.423500177012638781e-05
2.284972176571741491e-05
2.153734349536038747e-05
2.029441765096093040e-05
1.911763545545223862e-05
1.800382420056711991e-05
1.694994285796617411e-05
1.595307776645354952e-05
1.501043839772004465e-05
1.411935320275551881e-05
1.327726554083884453e-05
1.248172969272114267e-05
1.173040695940931840e-05
1.102106184770188666e-05
1.035155834341207422e-05
9.719856272993980122e-06
9.124007754113018102e-06
8.562153735457158444e-06
8.032520625982704255e-06
7.533417013526686291e-06
7.063230472637225411e-06
6.620424461280045049e-06
6.203535305932720114e-06
5.811169274488662283e-06
5.441999736199502141e-06
5.094764407865393306e-06
4.768262685274681563e-06
4.461353058868448420e-06
4.172950612492759403e-06
3.902024604024804481e-06
3.647596126566563134e-06
3.408735848854666927e-06
3.184561833472189430e-06
2.974237431379264701e-06
2.776969251261893058e-06
2.592005202102568854e-06
2.418632607423682737e-06
2.256176389547449147e-06
2.103997322218521709e-06
1.961490349952180036e-06
1.828082972390049331e-06
1.703233691995306893e-06
1.586430523365176064e-06
1.477189562481502715e-06
1.375053614179270343e-06
1.279590876155284366e-06
1.190393677806858073e-06
1.107077272254393734e-06
1.029278679859289820e-06
9.566555816033273828e-07
8.888852607108009047e-07
8.256635908811895997e-07
7.667040695878042774e-07
7.117368948479241336e-07
6.605080839565517241e-07
6.127786326715637982e-07
5.683237133663896784e-07
5.269319107327890749e-07
4.884044935819700259e-07
4.525547213940823288e-07
4.192071842487130754e-07
3.881971748324020556e-07
3.593700912244006077e-07
3.325808692285535303e-07
3.076934430279269609e-07
2.845802329824654876e-07
2.631216594276714605e-07
2.432056813582807175e-07
2.247273589211434327e-07
2.075884386755241475e-07
1.916969606115469483e-07
1.769668859442654264e-07
1.633177447507573344e-07
1.506743025312321448e-07
1.389662448212133317e-07
1.281278790024462100e-07
1.180978525043825327e-07
1.088188866081879731e-07
1.002375250951674717e-07
9.230389701782780764e-08
8.497149289572360225e-08
7.819695366468947497e-08
7.193987174693223754e-08
6.616260360722280310e-08
6.083009323017129308e-08
5.590970593228327733e-08
5.137107198491337740e-08
4.718593952395073873e-08
4.332803625142769561e-08
3.977293946140065608e-08
3.649795394425500039e-08
3.348199733014366832e-08
3.070549246963763664e-08
2.815026646060394625e-08
2.579945595222507667e-08
2.363741836675801616e-08
2.164964870945508550e-08
1.982270164407708563e-08
1.814411853473295651e-08
1.660235915713536241e-08
1.518673781937202209e-08
1.388736361545310264e-08
1.269508458555319732e-08
1.160143553258404290e-08
1.059858929081575336e-08
9.679311214833140177e-09
8.836916726166995004e-09
8.065231689238754941e-09
7.358555476171863545e-09
6.711626534962452086e-09
6.119590304944113582e-09
5.577969340956484533e-09
5.082635491112823146e-09
4.629784012594396144e-09
4.215909490501568177e-09
3.837783441110559432e-09
3.492433503316903664e-09
3.177124096652592328e-09
2.889338460430657976e-09
2.626761985916690434e-09
2.387266732568462679e-09
2.168897081833803631e-09
1.969856422915500883e-09
1.788494820502986672e-09
1.623297578249143754e-09
1.472874655369686720e-09
1.335950868994480976e-09
1.211356815789486427e-09
1.098020491082864839e-09
9.949595230548044482e-10
9.012740052309619437e-10
8.161398706936781866e-10
7.388027687991712616e-10
6.685724186907015352e-10
6.048173967147033921e-10
5.469603177384362169e-10
4.944734113839191156e-10
4.468744242366394662e-10
4.037228573399848456e-10
3.646164946167631149e-10
3.291882078340526045e-10
2.971030176274593176e-10
2.680553891165146419e-10
2.417667436064229313e-10
2.179831700604887334e-10
1.964733297734830428e-10
1.770265198347746688e-10
1.594509070482515545e-10
1.435718979462675351e-10
1.292306481744304597e-10
1.162826951416986978e-10
1.045967000465464103e-10
9.405330354397192446e-11
8.454407133455984590e-11
7.597052648583259392e-11
6.824327025662243466e-11
6.128117656499337525e-11
5.501065091349222393e-11
4.936495280565094979e-11
4.428358619777967614e-11
3.971172911401528053e-11
3.559972215349763762e-11
3.190259939754206739e-11
2.857965785917934704e-11
2.559406801871300152e-11
2.291251666119501261e-11
2.050488308837434317e-11
1.834394193319545811e-11
1.640509521050198249e-11
1.466612585597298140e-11
1.310697528747497906e-11
1.170953906519657898e-11
1.045748333461974771e-11
9.336078997212235099e-12
8.332045353137840149e-12
7.433414651250980407e-12
6.629405175391472679e-12
5.910307288827897650e-12
5.267380367464071128e-12
4.692759767842640178e-12
4.179369632635196110e-12
3.720847953955280695e-12
3.311475301744828505e-12
2.946114081206169109e-12
2.620146680348238434e-12
2.329431364120852413e-12
2.070246009732942021e-12
1.839254204571918793e-12
1.633462130870047639e-12
1.450186418390941269e-12
1.287021414020216512e-12
1.141812632187451364e-12
1.012630034946000210e-12
8.977460716204726692e-13
7.956143416334159263e-13
7.048526644181506499e-13
6.242236818161124798e-13
5.526218784308612353e-13
4.890598493373754718e-13
4.326550262410653616e-13
3.826197679522638236e-13
3.382498972117189424e-13
2.989188473728884050e-13
2.640670236162077699e-13
2.331955921649619395e-13
2.058596162269708696e-13
1.816629637118493333e-13
1.602530641312217760e-13
1.413153543236992790e-13
1.245713269811018845e-13
1.097717781701480240e-13
9.669547770259917441e-14
8.514613688079186184e-14
7.494896272617657507e-14
6.594948623598465084e-14
5.800989336125237408e-14
5.100743922212322755e-14
4.483456454048763450e-14
3.939368165785379947e-14
3.460061964955070844e-14
3.038005676466343157e-14
2.666436181040551132e-14
2.339461423096325848e-14
2.051815304198479472e-14
1.798916318107422034e-14
1.576578405331956340e-14
1.381223696594817801e-14
1.209631757678536237e-14
1.058971679871210985e-14
9.267446641988106344e-15
8.107111384480637504e-15
7.089550948548869089e-15
6.197139083722078194e-15
5.415228472651186097e-15
4.729983211072273198e-15
4.130443701749455494e-15
3.605318020568817958e-15
3.145943963704497589e-15
2.743874197170193612e-15
2.392190438011185660e-15
2.084995939774723117e-15
1.816593443338781574e-15
1.581790500664050607e-15
1.377036655395436249e-15
1.198344113301456166e-15
1.042590554171198816e-15
9.064254499457903164e-16
7.879488200299195515e-16
6.846340855706293378e-16
5.946062104519901860e-16
5.162232925166583102e-16
4.479922794822946403e-16
3.883867838787464123e-16
3.369641108967868947e-16
2.920882116096098422e-16
2.530685795395425775e-16
2.192079638363361551e-16
1.897742138970790540e-16
1.641711952227010001e-16
1.420302560073825900e-16
1.225669387031910861e-16
1.059067964301350829e-16
9.147780053764642300e-17
7.899336684730772859e-17
6.793652072705566091e-17
5.868715015110765584e-17
5.056107760733003505e-17
4.362068456140436274e-17
3.762625553470121546e-17
3.249256930205281653e-17
2.791002270381755063e-17
2.414297822174242800e-17
2.077371172909674592e-17
1.776747634926893287e-17
1.543354233979608012e-17
1.333002653629638784e-17
1.153738438171743840e-17
9.933580569759669674e-18
8.465551929389172251e-18
7.473421556967707502e-18
6.288852171003372956e-18
5.376737363968942838e-18
4.639529773450480033e-18
3.879563792483457828e-18
3.356209846766643065e-18
2.924129959341132592e-18
2.541824894817270831e-18
2.078909210937965581e-18
1.903979524989186037e-18
1.799841908971788381e-18
1.494361119886824735e-18
1.310195796137474251e-18
1.008019147562071173e-18
8.881515809624228916e-19
7.692351072960002187e-19
7.598541538488533787e-19
5.986081753482501499e-19
5.076304475450601657e-19
4.866106106841029930e-19
3.003243676710728296e-19
5.016946648612815999e-20
4.980245809798246698e-19
2.576478520213504827e-19
1.402480439340809251e-19
2.006430023532617237e-19
2.301406050542751337e-19
1.753076704311181912e-19
2.453560526458609321e-19
2.034107401067803010e-19
8.850946416996249065e-20
6.508735174606217084e-20
5.415080883400073937e-20
0.000000000000000000e+00
0.000000000000000000e+00
1.259611401441855652e-19
8.831997256200449769e-20
7.698010573128233062e-20
2.481885121312366110e-20
1.336723937231313943e-19
7.899776054077977182e-20
6.517467563495476529e-20
8.392353034569982926e-20
1.572665422121748337e-19
9.583572329432729680e-20
1.732530766050312611e-20
3.085984385743408084e-19
1.524096317679214670e-19
1.209144669108677535e-19
1.847369502659318482e-19
1.746028561261458827e-19
7.912792394016322874e-20
5.995431804820876957e-20
7.909683865991746573e-20
6.001686290077021412e-20
5.495175750189934669e-20
1.236581118657325670e-19
1.142970128119812617e-19
1.821888071657478395e-19
7.932624828115738308e-20
1.524284560713285108e-19
1.202440944839316160e-19
6.733098843268979935e-20
5.683269949165258746e-20
5.438073039122534997e-20
5.344695468265759849e-20
1.932309757154790379e-19
1.505953239835793466e-19
7.319302663657615156e-20
2.449031298389413158e-19
9.161404571763637685e-20
8.583662181472518344e-20
2.259611284532586418e-19
1.358869412317940527e-19
1.894009637528698733e-19
1.538492110023074380e-19
0.000000000000000000e+00
1.025166375956958324e-19
1.609282751204535881e-19
2.773853524933293283e-20
1.499032546378524777e-19
2.402284017132391997e-19
4.766156432472284308e-20
1.403890197717708090e-20
7.862003806086281248e-20
6.390705143532890829e-20
2.003072989265197936e-19
2.730449673900919241e-19
5.393404622767042988e-20
0.000000000000000000e+00
1.025717060254341572e-19
9.160951418563995427e-20
1.838017124593330630e-19
1.304723649403458568e-19
7.032598914335311065e-20
8.582557323690631513e-20
6.571030039667940503e-20
1.310364709322986190e-19
7.318863189025776809e-20
1.512251942277212907e-20
1.013144009305636920e-19
1.361531069377460721e-19
0.000000000000000000e+00
7.481460171771548611e-21
9.860225925496462148e-20
1.656818453247795535e-20
1.452977263017670015e-19
7.085105785612566795e-20
0.000000000000000000e+00
2.601746645301278477e-20
9.143718991437872046e-22
0.000000000000000000e+00
0.000000000000000000e+00
9.101676304673081309e-20
5.501513473604200722e-20
4.797061713103677235e-20
1.395339195107209006e-19
6.183003480521774014e-20
0.000000000000000000e+00
1.114472879293193450e-19
5.582823773992164982e-20
4.522048788415763187e-20
1.128725669628275340e-19
1.482670064358703378e-19
6.066354084452517108e-20
0.000000000000000000e+00
3.876422199008713690e-20
1.570738643493497522e-19
1.309543510555490604e-19
0.000000000000000000e+00
8.607610261763473976e-20
4.803724364479896541e-20
2.751610547320395073e-19
8.080903647396683712e-20
2.123498232961395950e-19
2.463370530023646824e-20
0.000000000000000000e+00
1.793085288755020071e-19
0.000000000000000000e+00
4.120919906441792745e-20
1.119574497718827631e-19
1.007511516266095177e-19
9.871118466281288962e-20
1.452790380224247391e-19
2.938667898826739081e-19
2.265736263594009275e-19
7.674943702305817644e-20
0.000000000000000000e+00
1.992849068592323722e-20
2.292042795085770149e-19
1.470840940797205162e-19
1.118167820616849052e-19
2.462718041778007360e-19
3.525720601932853164e-20
1.674499304110885354e-19
9.346985168777724831e-20
1.759583473437274846e-19
0.000000000000000000e+00
9.644336938327003904e-20
8.250168938221115518e-20
5.749412076459047495e-20
5.708485109263419800e-21
4.712940227652032868e-20
2.369337663283501684e-19
1.743866133346982443e-19
2.516652934878944951e-20
3.737747049476716003e-21
1.407270351277616692e-19
0.000000000000000000e+00
0.000000000000000000e+00
1.860706365078558520e-19
1.378274221431870916e-19
0.000000000000000000e+00
9.400069537236646159e-20
1.496747733367373794e-19
1.117603143979525855e-19
1.244662277978844120e-20
0.000000000000000000e+00
4.413992520727116350e-20
2.336568977954027037e-19
7.635363930627007337e-20
1.227456743594993181e-19
5.971126945519984238e-20
4.932721254480672889e-20
7.045542300069363507e-20
5.051018614395336532e-20
6.979485205535681542e-20
7.292671045438143319e-20
1.199305375855841205e-19
1.034068178784975976e-19
6.896848210277470395e-21
0.000000000000000000e+00
3.998686190289233969e-20
4.168156611727212768e-20
8.804460651827439041e-20
1.882705679710409431e-19
1.101984599850084677e-19
4.911140957772401046e-20
1.357427919973507088e-19
1.719157588545972687e-19
1.439304815622543373e-20
4.058177970785454978e-20
6.381396780410074628e-20
1.141831475230297441e-19
7.466195667443792372e-20
9.249348126954562856e-20
9.425768319001187477e-20
0.000000000000000000e+00
0.000000000000000000e+00
8.229655707327224482e-20
1.142512736652414139e-19
4.921076163466793375e-20
6.257332708940441053e-20
4.115579037995356009e-20
2.476367413624544305e-19
6.756185344787611461e-20
0.000000000000000000e+00
1.286590617738048981e-19
1.669235798176795822e-19
5.638138720152638543e-20
4.047932784691830467e-20
2.012997098871132627e-19
1.412957419498211888e-20
0.000000000000000000e+00
2.451863494439784429e-19
9.046049209303636122e-20
4.680638000601266706e-20
1.564194359179407186e-19
1.721448592766843250e-19
1.520006024412902758e-19
5.607347991703941472e-20
4.258527492650885807e-20
1.102814833522769021e-19
1.903044410168876706e-19
2.020002458780825668e-19
2.282712299828872264e-19
2.332246056089328160e-19
2.460741860436632960e-20
4.497460916117591354e-20
1.616676233959042040e-19
1.434079490139124135e-20
2.542915231278905852e-19
2.766871546029447119e-20
1.399942367840870019e-19
0.000000000000000000e+00
1.844313825320532407e-19
2.288900651271270244e-19
1.661997109732136395e-19
4.152120344633299749e-20
1.405731892605668695e-19
1.074986579262461148e-19
1.502779544815363960e-19
2.498673924126246510e-19
1.472665609689672860e-19
1.583588579335199112e-19
6.596476374653866802e-20
5.360253978931167763e-20
5.126115621717048235e-20
5.042287730141233088e-20
1.434242189719058798e-19
0.000000000000000000e+00
1.170056325954973750e-19
5.792586701424035199e-20
1.900233079823733154e-19
0.000000000000000000e+00
0.000000000000000000e+00
1.141747610242521516e-19
5.535630732023877041e-20
9.395424105408668952e-20
0.000000000000000000e+00
8.917820139475318093e-20
4.691981147693758528e-20
4.332898832237516733e-20
6.542926178329658026e-20
4.474171522386730768e-20
2.047866550134640220e-19
1.468687562323598985e-20
4.010307463859449948e-20
0.000000000000000000e+00
2.233835244889336640e-19
1.488241964730217151e-20
6.185325976544802656e-20
1.113015969403859162e-19
1.873007618457558013e-19
9.750614758224618724e-21
1.541746306135965585e-19
1.456407628599321259e-19
1.918336678779349280e-19
0.000000000000000000e+00
1.078854464761897109e-19
4.681031352213629077e-20
6.221736525168818344e-20
0.000000000000000000e+00
3.468762029328024816e-20
2.929430403455671830e-19
6.788717852278133821e-20
8.843703005733090308e-20
4.316945062116111464e-20
0.000000000000000000e+00
5.711441895611136748e-20
0.000000000000000000e+00
1.966204876436291205e-19
5.419057562757859687e-20
8.432196253644982941e-20
1.808060529714631259e-19
2.161615054938220521e-19
5.784128799998265981e-20
6.253394063201178170e-20
8.613689891471568412e-20
3.908702863724444112e-20
0.000000000000000000e+00
3.239239093857346135e-20
3.330222123440342825e-20
1.498757797001411677e-19
7.014833607534548620e-20
1.317536296090867487e-19
9.144040306964183086e-20
1.103251550456417363e-19
4.251955073127306029e-20
1.979584126038209508e-19
1.693731878707889721e-19
5.033612763245878405e-20
1.065700537427786459e-19
2.064644705621790157e-19
0.000000000000000000e+00
5.797934120163532577e-20
8.430613130375225008e-20
3.988997266268095963e-20
2.452774930132110274e-19
1.166104353802324321e-20
0.000000000000000000e+00
3.220576499076603925e-20
3.304699610520797691e-20
0.000000000000000000e+00
1.472825026952264347e-19
1.385288442819641210e-19
0.000000000000000000e+00
7.815560921443262092e-20
0.000000000000000000e+00
2.973834628300271690e-20
0.000000000000000000e+00
5.131804765167865866e-20
0.000000000000000000e+00
9.722515245538985702e-20
3.566503252821427814e-20
0.000000000000000000e+00
9.572065035387056091e-20
3.412227590630278594e-20
2.705761665072173507e-20
4.891884551001570327e-20
0.000000000000000000e+00
9.357862392323450028e-20
3.168839698734927880e-20
1.183071082213324050e-19
0.000000000000000000e+00
0.000000000000000000e+00
1.853164767219809119e-19
4.013059271754059377e-20
9.550210911217036071e-20
1.245072039287163639e-19
1.043154588148328885e-19
0.000000000000000000e+00
1.399625869660241875e-19
3.580178883600625314e-20
0.000000000000000000e+00
6.886688895084013465e-20
2.754040294243081495e-20
0.000000000000000000e+00
2.103841540550438212e-20
2.141213707839546799e-20
1.380595545928193125e-19
1.269904925868788271e-19
1.265648738193642074e-19
0.000000000000000000e+00
1.623657488773283100e-19
0.000000000000000000e+00
0.000000000000000000e+00
2.083057971627558095e-20
1.383100146530300440e-19
3.355580129907547947e-20
0.000000000000000000e+00
0.000000000000000000e+00
0.000000000000000000e+00
1.127228578775530646e-19
0.000000000000000000e+00
1.981981202765535114e-20
1.949844505379183575e-20
1.900769758034737183e-20
1.355758528537492690e-19
3.036848779816769650e-20
6.708429006272955296e-20
1.872160197732181216e-19
1.529447263746778314e-19
5.724692606764445031e-20
7.169629320245121789e-20
2.558480111546082770e-20
9.120887017540843025e-20
1.211606529062860133e-19
3.082795754361536961e-20
1.158908266317978615e-19
7.711265933677685572e-20
2.514257045373077428e-20
2.323011622732378778e-19
3.229337872232635911e-19
1.935884799413844796e-19
0.000000000000000000e+00
2.595473184839269880e-20
7.230545579733923979e-20
1.702759150720934639e-19
6.325807023542203426e-20
1.479335839079391687e-19
1.088628997814118217e-19
5.922729965438189586e-20
2.185490048754216383e-19
0.000000000000000000e+00
9.898812428303279154e-20
0.000000000000000000e+00
5.100128328332007724e-20
3.053271467597250207e-20
0.000000000000000000e+00
1.195783616939346014e-19
0.000000000000000000e+00
1.433105920212446876e-19
1.779320163813422061e-19
1.818660063078478910e-19
2.064124915403022632e-19
2.797144111534399204e-19
6.658449397181125710e-21
3.133286270646812454e-20
2.410318170252813047e-19
2.859005410308552652e-21
1.483333366992087836e-19
4.179601118168003029e-20
3.251929822752145590e-20
7.773585734856112752e-20
1.966389314279448391e-19
1.157073171513157261e-19
0.000000000000000000e+00
1.003646042922884339e-19
0.000000000000000000e+00
1.697180589268903696e-19
1.123934668505386511e-19
2.253882754774792334e-19
4.805558274132483820e-20
0.000000000000000000e+00
0.000000000000000000e+00
1.219092868952963466e-19
3.723691214056505378e-20
1.237073310839279880e-19
8.380927361755874156e-20
5.718626695380940977e-20
0.000000000000000000e+00
7.375902847344069050e-20
5.283808604270839449e-20
1.931657478343971249e-19
4.103009520215905700e-20
1.690524284441183843e-19
2.260578077431264021e-19
1.382503193636923137e-19
1.082530122634042991e-19
2.930508697670994755e-19
0.000000000000000000e+00
1.472445905029169174e-19
2.032493923144995256e-19
1.385174930926011719e-19
1.338736884317256476e-19
6.332513801942270259e-20
1.280788044706912040e-19
1.093870777921157659e-19
0.000000000000000000e+00
2.643828282249386672e-19
1.905605963171444845e-19
0.000000000000000000e+00
1.721698830077902760e-19
3.474209777013091212e-19
5.873387604506505478e-20
1.773608824088467353e-19
1.390815332405234521e-19
1.367072437756588135e-19
1.366194528714695201e-19
4.314306927636720450e-20
2.228338320846101862e-19
9.632980007933456960e-20
4.046013291492122046e-20
1.991412055161262375e-19
0.000000000000000000e+00
0.000000000000000000e+00
2.429300311525991254e-19
4.966865473054844930e-20
2.461929927929768197e-19
0.000000000000000000e+00
2.443912459081708401e-19
4.980780020677124170e-20
1.760911879374664777e-19
6.790190496512716390e-20
3.879672038593321257e-19
8.455683869920984860e-20
0.000000000000000000e+00
0.000000000000000000e+00
0.000000000000000000e+00
3.134576558950396395e-20
3.167356273818457296e-20
3.096498354589823464e-20
2.173633472945378784e-19
0.000000000000000000e+00
5.319927357695165436e-20
0.000000000000000000e+00
0.000000000000000000e+00
2.602933845429345707e-20
9.619006083438540763e-20
7.753826430380873342e-20
2.903972618183453921e-20
2.486261839749571343e-20
2.362128069541552339e-20
2.274164731890165768e-20
1.623555461162026540e-19
1.018472444721228860e-19
1.450077321311862209e-19
0.000000000000000000e+00
1.384490034938030353e-19
9.964553781783908614e-20
2.144391443972977230e-19
1.757356875680811563e-19
5.693539380986693834e-20
1.191316668132508417e-19
9.932483084001550817e-20
2.818435972519564688e-20
1.164592825232506156e-19
2.853346833359523081e-20
2.800554353403107881e-19
2.740316933572934553e-19
4.152449552478046052e-20
4.949339516756901327e-20
4.923347900516018010e-20
7.235719396221004956e-20
1.436842658658307802e-19
0.000000000000000000e+00
0.000000000000000000e+00
2.324703316502130537e-19
0.000000000000000000e+00
0.000000000000000000e+00
9.168191335405813429e-20
0.000000000000000000e+00
4.189418312905614080e-19
4.817675371043408494e-20
4.932675706066366848e-20
2.480782987840924653e-20
2.247330268552469963e-20
1.153776026000684167e-19
2.755474692586003334e-20
1.389894722322702307e-19
2.882127260792484712e-20
0.000000000000000000e+00
1.981610910378133093e-20
0.000000000000000000e+00
1.848020104757332685e-20
1.119713497809415895e-19
1.162189409794595520e-19
7.115206380830743768e-20
2.149381300547084626e-20
6.466930420639123286e-20
1.999646854376910294e-20
0.000000000000000000e+00
1.326486501707002048e-19
2.309724924608150346e-20
8.672086313993071897e-20
0.000000000000000000e+00
3.846741295790684350e-20
1.567766830795528685e-19
1.390322452545972265e-19
2.293254594488091013e-20
0.000000000000000000e+00
1.311836884713160624e-19
1.384855163124924645e-19
2.332551167310381214e-19
1.927459554262090185e-19
0.000000000000000000e+00
1.340959059805857271e-19
2.109791131960987334e-19
1.461737149848277239e-19
1.667974803351144362e-19
2.785944784676311694e-20
9.019997154594008878e-20
9.352038711243240383e-20
1.174294425236808397e-19
0.000000000000000000e+00
1.912844043791698465e-20
1.358338289081385888e-19
0.000000000000000000e+00
1.860211085229317934e-20
6.493741091914355853e-20
1.608194069664447406e-19
2.132446073218519678e-19
2.974310706555722456e-20
0.000000000000000000e+00
8.788518941160093144e-20
2.177379173456152287e-20
1.794330118339417467e-20
2.043259596586366743e-19
2.735734871549595279e-20
1.352974207756487305e-19
0.000000000000000000e+00
0.000000000000000000e+00
3.933311869043686430e-20
8.753037068650967036e-20
1.973512332061653009e-20
2.966884427703296243e-19
3.076500512438059744e-20
1.773047368912288502e-20
1.593612913729353954e-20
3.870471718621369325e-20
1.099569214413349901e-19
0.000000000000000000e+00
1.459541624358340280e-20
1.406485921171914285e-20
6.035727137103941875e-20
6.241096321544947624e-20
3.796865296756980326e-20
3.756639761624705942e-20
3.723339508442083722e-20
0.000000000000000000e+00
1.140714996616821701e-20
1.046828831310644126e-19
1.558991115415650216e-20
5.801912857248247247e-20
2.000864274627062599e-19
1.841287865548224184e-19
9.079610150256121466e-20
1.640766925709874472e-20
5.909944356498420323e-20
1.401060063185557958e-20
1.755884316143962383e-19
8.994635036509996608e-20
6.324951925373275665e-20
6.169685421951687364e-20
1.468783991978222615e-20
1.225693351087019374e-20
1.170964694599704413e-20
8.155182339479231278e-20
1.462591386124960455e-20
1.136259061348245548e-20
0.000000000000000000e+00
3.340166640449184781e-20
0.000000000000000000e+00
7.964729502633682787e-20
5.951713892287022811e-20
1.288215271862756837e-19
1.510279528070085543e-20
0.000000000000000000e+00
8.948318273637507124e-21
8.735307332675596123e-21
1.488456808594371912e-19
1.478330151692148493e-20
1.262094348542089044e-19
2.714166308768052408e-19
9.156818702943577753e-20
1.453158010698116550e-20
1.042387001540049009e-19
1.080069496764992215e-19
1.504342218730066029e-20
0.000000000000000000e+00
3.356164071635774379e-20
0.000000000000000000e+00
5.657961740604190045e-20
1.053142870226898407e-19
1.300102120377772971e-20
1.035348433386274941e-19
1.351401717909144052e-20
8.006737703520758368e-20
8.266865448820299703e-20
1.277792983194070935e-20
9.669205076692542469e-21
9.073651178776681697e-21
8.714706979310379454e-21
3.178071749480304497e-20
9.237554831868530263e-21
1.015586436410455895e-19
1.064336925916804854e-20
0.000000000000000000e+00
7.731361820775016846e-20
1.504105293382052701e-19
1.292779094977406196e-19
0.000000000000000000e+00
5.475677953277773885e-20
9.439763109687284384e-21
7.629112474069550817e-21
3.063343832834005276e-20
1.953276145298433975e-19
1.550612420447230453e-19
1.401718673437715524e-20
8.710522357221617756e-21
1.952479110501529510e-19
6.210760711488135137e-20
1.026921860808910612e-20
7.884204329071822533e-20
1.281892712622884400e-19
1.537623233476887400e-19
8.408777484741493035e-20
0.000000000000000000e+00
3.276306526257985262e-20
1.012813275307790808e-20
7.922615153519609110e-20
0.000000000000000000e+00
7.892622896730416673e-20
1.115165188186454306e-20
0.000000000000000000e+00
7.942119640615059593e-21
7.709522015563594715e-21
5.418553593950254468e-20
0.000000000000000000e+00
6.904478958436970680e-21
6.555988267296334476e-21
1.466485521893510403e-19
1.021746332841445372e-20
1.001534994513976427e-19
9.322863004618045866e-21
0.000000000000000000e+00
5.255833528541384684e-20
3.061685433009948685e-20
1.002597491495349039e-19
0.000000000000000000e+00
5.758482165976257477e-21
1.458310425512367063e-19
5.685253404606691241e-20
1.948875321108177793e-19
1.229373353736363596e-20
0.000000000000000000e+00
7.638757915908195164e-20
2.659738347263664089e-19
1.789473940477424432e-19
0.000000000000000000e+00
8.225166971104209919e-21
1.248271542155228963e-19
1.987470054881590970e-19
1.442905076470615037e-20
1.496126193365043416e-19
1.301097125468838575e-19
1.310134127744418238e-20
1.266115370679577200e-19
1.282589534145880155e-20
2.670435524176414453e-19
8.740887550978512319e-20
0.000000000000000000e+00
0.000000000000000000e+00
5.627682243111352225e-20
1.069258876853373928e-20
0.000000000000000000e+00
5.537933165951644552e-20
1.267139018401069104e-19
0.000000000000000000e+00
0.000000000000000000e+00
7.676157314261222945e-21
0.000000000000000000e+00
1.706944112758607248e-19
1.050100538338887859e-19
1.036511443743191367e-19
5.679236832443399798e-20
5.551764836094924752e-20
2.191566195747232322e-19
1.309352799954299190e-20
5.488463930666258307e-20
8.704164612119169997e-21
1.243819647334585408e-19
0.000000000000000000e+00
1.476865745144422778e-19
1.511340487396703003e-19
5.806864139996036244e-20
5.585148426728669635e-20
1.960130421550452132e-19
1.528636994787363081e-19
1.757946157228036532e-19
3.625827211518358872e-20
9.696784195330315902e-21
1.255807112714537692e-19
1.123801578148071508e-20
0.000000000000000000e+00
2.185228245008088973e-19
1.767910367127709051e-19
1.296929280065558973e-19
1.177799697208202061e-20
7.909292199478476835e-20
1.012640310678734198e-20
3.176694252998386975e-20
5.535495722290906417e-20
1.257741793132306774e-19
3.369751416661888637e-20
7.852339083773079286e-20
0.000000000000000000e+00
7.084913944187990554e-21
6.658180034419863243e-21
0.000000000000000000e+00
5.259145081196477169e-20
0.000000000000000000e+00
5.240416614419466706e-21
2.857252516013421360e-19
1.081687120141782456e-20
0.000000000000000000e+00
1.220444921936932970e-19
2.882258658211706765e-19
1.751020161788044677e-19
0.000000000000000000e+00
6.450233997853526965e-21
1.230959169737429288e-19
0.000000000000000000e+00
5.287668370712881627e-20
0.000000000000000000e+00
1.225856417426031898e-19
3.107657362196657022e-20
7.631969864687366678e-20
1.237409515118412256e-19
7.642217594705647247e-21
1.225208349285858999e-19
1.010168567542543533e-19
7.176290483485624820e-21
0.000000000000000000e+00
4.942605170776191595e-21
5.148464945745552209e-20
5.206137853319931441e-20
1.690058834902324183e-19
1.008516959500279672e-19
1.467976491823582598e-19
7.223189772388642548e-21
1.220203296172791805e-19
0.000000000000000000e+00
4.829786397570623687e-21
2.853691669611871959e-19
7.931739164340444718e-20
2.171714839769572917e-19
3.209744003173066622e-20
6.198907204055776256e-21
0.000000000000000000e+00
5.038747059816463204e-21
4.765623126171952739e-21
4.442058303031408039e-21
2.751344780323411267e-20
1.212481178496404417e-19
0.000000000000000000e+00
9.734257039983966888e-20
2.821629986851015304e-20
0.000000000000000000e+00
3.250315884350857710e-21
0.000000000000000000e+00
7.293589686138111833e-20
2.376156162305744179e-19
1.697877655469463264e-19
0.000000000000000000e+00
3.560556536295430385e-21
0.000000000000000000e+00
7.328013271195251697e-20
5.067873714034640596e-20
5.012515191149262293e-20
3.399624119082974224e-21
0.000000000000000000e+00
2.586156165786973043e-20
2.132641161276445085e-19
4.824122285708373788e-21
2.133943596358126989e-19
5.054100153736153869e-21
0.000000000000000000e+00
7.296245034715353147e-20
7.364689394230474656e-20
3.483355516699236359e-21
2.651095287368966923e-21
7.262550025737309277e-20
3.018004520467997552e-21
2.245682876270094180e-21
0.000000000000000000e+00
2.520308962070088428e-20
0.000000000000000000e+00
1.512228001726811162e-21
4.814837819077516322e-20
2.505683555628595081e-20
2.121183477960354077e-19
3.542901764165590636e-19
2.848128449450294622e-20
2.631632856283856104e-20
4.957969278455445724e-20
2.859565978454096412e-21
0.000000000000000000e+00
0.000000000000000000e+00
1.945722162656778298e-21
4.854724299352766068e-20
1.916274219458390920e-21
4.827639314039127256e-20
1.644736845138776169e-21
1.233402026285411196e-21
4.787650777039098482e-20
2.353337827168376321e-19
1.196850536412991435e-19
0.000000000000000000e+00
1.186106713815606459e-19
1.192875056561303310e-19
0.000000000000000000e+00
9.535364987790818134e-20
2.143747468661909340e-21
4.840869276121388390e-20
4.849426941567450676e-20
2.489735013517818565e-20
2.477863136735541515e-20
1.267217819214000695e-21
9.914430345667508117e-22
0.000000000000000000e+00
1.177123577221676120e-19
1.153062537050861175e-21
7.078523722559177572e-22
2.399854628747200896e-20
0.000000000000000000e+00
4.607593924534859532e-22
2.378109535522493775e-20
0.000000000000000000e+00
1.407212797241768128e-19
1.177853190145820496e-19
8.602241815094320111e-22
1.176055805418773663e-19
0.000000000000000000e+00
5.926087744908665699e-22
0.000000000000000000e+00
0.000000000000000000e+00
1.641199793091589883e-19
9.423077227038145486e-20
4.738936630064310238e-20
1.175248283211766337e-19
0.000000000000000000e+00
0.000000000000000000e+00
1.172783208094264675e-19
3.192809512963960621e-22
1.695936338083709559e-22
8.795009022566933441e-23
3.576885955409824981e-23
1.036051031621081725e-23
1.831704210963240565e-24
2.182068354419262586e-25
2.337048115431514298e-26
2.157792579421296939e-27
2.198229441079595290e-28
2.385236211294757188e-29
2.365395522849423643e-30
2.298475404783112413e-31
2.542091251812507813e-32
3.198758317369991107e-33
4.187543233181659771e-34
5.399749060533923749e-35
6.674410347728289911e-36
7.784438895687323887e-37
8.569814759536700826e-38
9.119580592726396301e-39
9.677950670593142700e-40
1.053907914379160937e-40
1.182276744035936184e-41
1.339385506408070729e-42
1.498021584004453190e-43
1.640208096772570314e-44
1.773494075519897132e-45
1.928510333502073449e-46
2.140489806704723298e-47
2.429008716886631949e-48
2.790097674922875886e-49
3.204265488485112622e-50
3.652402244572554624e-51
4.128272304129424111e-52
4.641978053350230071e-53
5.216376079362306656e-54
5.881564273217763989e-55
6.670542018380037121e-56
7.615508256092571299e-57
8.742694433024291261e-58
1.006540301164348605e-58
1.157829630203223618e-59
1.325768154874216886e-60
1.507047307023375896e-61
1.698962662950251028e-62
1.900944648667371272e-63
2.115337258052300349e-64
2.347036769114387704e-65
2.602186885813692832e-66
2.886624249312343583e-67
3.204924535863223861e-68
3.560645226868285520e-69
3.957820995945405422e-70
4.403179133788295401e-71
4.908144238321487865e-72
5.489645896962265486e-73
6.169059235977148948e-74
6.969205825890567197e-75
7.910039125747846866e-76
9.004204962979139953e-77
1.025389467547708545e-77
1.165018783096987264e-78
1.317545998054996044e-79
1.480860413485903352e-80
1.653204778572782419e-81
1.833906325243841684e-82
2.023976502325825845e-83
2.226442388088366252e-84
2.446318488041676185e-85
2.690183633581756623e-86
2.965387227140337077e-87
3.278970030798893744e-88
3.636445240820388446e-89
4.040639502969137803e-90
4.490828531348546229e-91
4.982402406718349492e-92
5.507248215005615060e-93
6.054938344781884187e-94
6.614671236080659599e-95
7.177751806787460272e-96
7.740255323046451188e-97
8.305426866541356171e-98
8.885356290149254806e-99
9.501546988084906834e-100
1.018415775165499295e-100
1.096991474067062239e-101
1.189892809185044955e-102
1.301086412991022465e-103
1.434108191623673563e-104
1.591741235007807410e-105
1.775822078803589185e-106
1.987224533283506786e-107
2.226045362882881909e-108
2.491983987449728815e-109
2.784873682398710829e-110
3.105290415154242190e-111
3.455143886837635582e-112
3.838149205292257702e-113
4.260090382888082946e-114
4.728818632749558210e-115
5.253975312121240436e-116
5.846483615821821301e-117
6.517904422803105329e-118
7.279789083903753297e-119
8.143176246101646877e-120
9.118366006016247530e-121
1.021506354451915648e-121
1.144292301655621171e-122
1.281245337924886735e-123
1.433618663601508860e-124
1.602997087615648992e-125
1.791424644675023252e-126
2.001519685864247218e-127
2.236573018657367359e-128
2.500632597844653288e-129
2.798585473309051823e-130
3.136251813917197056e-131
3.520504970082113055e-132
3.959424912609111191e-133
4.462480651265329743e-134
5.040722539746498844e-135
5.706950987238679325e-136
6.475817733061303685e-137
7.363812808459814520e-138
8.389096736667933345e-139
9.571153857185917862e-140
1.093026757428228596e-140
1.248684902084779964e-141
1.426068339465624413e-142
1.627018909736683051e-143
1.853181004325839968e-144
2.105967780411939211e-145
2.386568472920378576e-146
2.696009921529356529e-147
3.035282757726179454e-148
3.405538179587222047e-149
3.808354852575491541e-150
4.246067437390104723e-151
4.722139145427097824e-152
5.241551568515011965e-153
5.811177233427243206e-154
6.440095566110809118e-155
7.139812895750928551e-156
7.924353137587976988e-157
8.810198540160480816e-158
9.816079073463296102e-159
1.096263325302071237e-159
1.227198993383311151e-160
1.376734649995443443e-161
1.547264009361416960e-162
1.741242129698753198e-163
1.961204081273809698e-164
2.209824706926042311e-165
2.490026561806339603e-166
2.805139064393768889e-167
3.159106749168510424e-168
3.556738698543398685e-169
4.003985290830861582e-170
4.508222962805390643e-171
5.078523417253251862e-172
5.725881250953618867e-173
6.463373886585250131e-174
7.306230346804973627e-175
8.271790959270402799e-176
9.379348388322866423e-177
1.064987099752188209e-177
1.210562169683524126e-178
1.376969810579459167e-179
1.566553189649712689e-180
1.781639535838735351e-181
2.024497043780683118e-182
2.297303885612749544e-183
2.602135081596860184e-184
2.940972403074069146e-185
3.315741446544810319e-186
3.728378565668558667e-187
4.180928541362435411e-188
4.675671788178403702e-189
5.215277630431077894e-190
5.802977841196399597e-191
6.442752347172801991e-192
7.139516912774014534e-193
7.899300905583338817e-194
8.729402114788695294e-195
9.638505258776951715e-196
1.063675148132187484e-196
1.173574795959895447e-197
1.294850981693519801e-198
1.428933082607670420e-199
1.577358475322111703e-200
1.741746534460609809e-201
1.923767949490939265e-202
2.125111457814733252e-203
2.347450675481286116e-204
2.592414180765722128e-205
2.861562329611702512e-206
3.156374426901102337e-207
3.478249829143498696e-208
3.828526312324422464e-209
4.208518616189949737e-210
4.619579496973264260e-211
5.063184917257802381e-212
5.541044215082697720e-213
6.055235273531439973e-214
6.608363915240839541e-215
7.203746042037712497e-216
7.845610505919429452e-217
8.539320416129001736e-218
9.291610635834661513e-219
1.011083966002206709e-219
1.100725491676446984e-220
1.199327176625940258e-221
1.308376798702120723e-222
1.429639716371347882e-223
1.565192588700958260e-224
1.717460075954254535e-225
1.889255158536653085e-226
2.083823656180248254e-227
2.304893365487744419e-228
2.556727964521508501e-229
2.844185480424294589e-230
3.172780724523167571e-231
3.548750734193170644e-232
3.979122003172664725e-233
4.471778221261565770e-234
5.035527467073127942e-235
5.680168376045178692e-236
6.416555786700316271e-237
7.256667762364572077e-238
8.213677663245887152e-239
9.302037032415466557e-240
1.053757734707514652e-240
1.193764103001444215e-241
1.352125435030149256e-242
1.530935679149337604e-243
1.732510295385544490e-244
1.959425391429705616e-245
2.214567503297490536e-246
2.501195631564531114e-247
2.823016946716488535e-248
3.184277255698267895e-249
3.589866861830012653e-250
4.045441838876198184e-251
4.557559967836268788e-252
5.133829649903728221e-253
5.783069021276491156e-254
6.515471283640361939e-255
7.342770981180448593e-256
8.278404683623242215e-257
9.337658390682191746e-258
1.053779310460287857e-258
1.189813960031933960e-259
1.344015365084943043e-260
1.518742403515865452e-261
1.716562774535335457e-262
1.940243005741448990e-263
2.192733160748797202e-264
2.477147030950439766e-265
2.796739274050177221e-266
3.154881727408306070e-267
3.555041941268116618e-268
4.000767800621080703e-269
4.495682881952761974e-270
5.043497864889914314e-271
5.648043830730298144e-272
6.313333575601654194e-273
7.043657099145179473e-274
7.843717165327676361e-275
8.718810249686646761e-276
9.675057282072255808e-277
1.071968737649176860e-277
1.186137623507842212e-278
1.311063915872874221e-279
1.448027663918551748e-280
1.598586839967236361e-281
1.764630955192097517e-282
1.948438030938214771e-283
2.152733850830657297e-284
2.380752211832559235e-285
2.636294706508446598e-286
2.923788415392565895e-287
3.248339781914125949e-288
3.615782900706139122e-289
4.032720495226648829e-290
4.506556018379074977e-291
5.045515609638091451e-292
5.658659115701712542e-293
6.355880060665924542e-294
7.147895365115011647e-295
8.046226783709484134e-296
9.063177469170138387e-297
1.021180877242124070e-297
1.150592432864366553e-298
1.296007060631104780e-299
1.458956533124957231e-300
1.641056742981195855e-301
1.844020422318983581e-302
2.069677337984343018e-303
2.320003840466029343e-304
2.597163700958440653e-305
2.903562137018369159e-306
3.241914784265474965e-307
3.615333104928278876e-308
4.027427324752831770e-309
4.482427456650062322e-310
4.985322310943137169e-311
5.542015627987499479e-312
6.159497631467180230e-313
6.846029434742223256e-314
7.611336893868248357e-315
8.466809741480790053e-316
9.425701388330800240e-317
1.050332180231322663e-317
1.171721145020641892e-318
1.308681082704293846e-319
1.463422442981772264e-320
1.635357287734526061e-321
1.778636325028487559e-322
9.881312916824930884e-324
0.000000000000000000e+00
0.000000000000000000e+00
0.000000000000000000e+00
0.000000000000000000e+00
0.000000000000000000e+00
0.000000000000000000e+00
0.000000000000000000e+00
0.000000000000000000e+00
0.000000000000000000e+00
0.000000000000000000e+00
0.000000000000000000e+00
0.000000000000000000e+00
0.000000000000000000e+00
0.000000000000000000e+00
0.000000000000000000e+00
0.000000000000000000e+00
0.000000000000000000e+00
0.000000000000000000e+00
0.000000000000000000e+00
0.000000000000000000e+00
0.000000000000000000e+00
0.000000000000000000e+00
0.000000000000000000e+00
0.000000000000000000e+00
0.000000000000000000e+00
0.000000000000000000e+00
0.000000000000000000e+00
0.000000000000000000e+00
0.000000000000000000e+00
0.000000000000000000e+00
0.000000000000000000e+00
0.000000000000000000e+00
0.000000000000000000e+00
0.000000000000000000e+00
0.000000000000000000e+00
0.000000000000000000e+00
0.000000000000000000e+00
0.000000000000000000e+00
0.000000000000000000e+00
0.000000000000000000e+00
0.000000000000000000e+00
0.000000000000000000e+00
0.000000000000000000e+00
0.000000000000000000e+00
0.000000000000000000e+00
0.000000000000000000e+00
0.000000000000000000e+00
0.000000000000000000e+00
0.000000000000000000e+00
0.000000000000000000e+00
0.000000000000000000e+00
0.000000000000000000e+00
0.000000000000000000e+00
0.000000000000000000e+00
0.000000000000000000e+00
0.000000000000000000e+00
0.000000000000000000e+00
0.000000000000000000e+00
0.000000000000000000e+00
0.000000000000000000e+00
0.000000000000000000e+00
0.000000000000000000e+00
0.000000000000000000e+00
0.000000000000000000e+00
0.000000000000000000e+00
0.000000000000000000e+00
0.000000000000000000e+00
0.000000000000000000e+00
0.000000000000000000e+00
0.000000000000000000e+00
0.000000000000000000e+00
0.000000000000000000e+00
0.000000000000000000e+00
0.000000000000000000e+00
0.000000000000000000e+00
0.000000000000000000e+00
0.000000000000000000e+00
0.000000000000000000e+00
0.000000000000000000e+00
0.000000000000000000e+00
0.000000000000000000e+00
0.000000000000000000e+00
0.000000000000000000e+00
0.000000000000000000e+00
0.000000000000000000e+00
0.000000000000000000e+00
0.000000000000000000e+00
0.000000000000000000e+00
0.000000000000000000e+00
0.000000000000000000e+00
0.000000000000000000e+00
0.000000000000000000e+00
0.000000000000000000e+00
0.000000000000000000e+00
0.000000000000000000e+00
0.000000000000000000e+00
0.000000000000000000e+00
0.000000000000000000e+00
0.000000000000000000e+00
0.000000000000000000e+00
0.000000000000000000e+00
0.000000000000000000e+00
0.000000000000000000e+00
0.000000000000000000e+00
0.000000000000000000e+00
0.000000000000000000e+00
0.000000000000000000e+00
0.000000000000000000e+00
0.000000000000000000e+00
0.000000000000000000e+00
0.000000000000000000e+00
0.000000000000000000e+00
0.000000000000000000e+00
0.000000000000000000e+00
0.000000000000000000e+00
0.000000000000000000e+00
0.000000000000000000e+00
0.000000000000000000e+00
0.000000000000000000e+00
0.000000000000000000e+00
0.000000000000000000e+00
0.000000000000000000e+00
0.000000000000000000e+00
0.000000000000000000e+00
0.000000000000000000e+00
0.000000000000000000e+00
0.000000000000000000e+00
0.000000000000000000e+00
0.000000000000000000e+00
0.000000000000000000e+00
0.000000000000000000e+00
0.000000000000000000e+00
0.000000000000000000e+00
0.000000000000000000e+00
0.000000000000000000e+00
0.000000000000000000e+00
0.000000000000000000e+00
0.000000000000000000e+00
0.000000000000000000e+00
0.000000000000000000e+00
0.000000000000000000e+00
0.000000000000000000e+00
0.000000000000000000e+00
0.000000000000000000e+00
0.000000000000000000e+00
0.000000000000000000e+00
0.000000000000000000e+00
0.000000000000000000e+00
0.000000000000000000e+00
0.000000000000000000e+00
0.000000000000000000e+00
0.000000000000000000e+00
0.000000000000000000e+00
0.000000000000000000e+00
0.000000000000000000e+00
0.000000000000000000e+00
0.000000000000000000e+00
0.000000000000000000e+00
0.000000000000000000e+00
0.000000000000000000e+00
0.000000000000000000e+00
0.000000000000000000e+00
0.000000000000000000e+00
0.000000000000000000e+00
0.000000000000000000e+00
0.000000000000000000e+00
0.000000000000000000e+00
0.000000000000000000e+00
0.000000000000000000e+00
0.000000000000000000e+00
0.000000000000000000e+00
0.000000000000000000e+00
0.000000000000000000e+00
0.000000000000000000e+00
0.000000000000000000e+00
0.000000000000000000e+00
0.000000000000000000e+00
0.000000000000000000e+00
0.000000000000000000e+00
0.000000000000000000e+00
0.000000000000000000e+00
0.000000000000000000e+00
0.000000000000000000e+00
0.000000000000000000e+00
0.000000000000000000e+00
0.000000000000000000e+00
0.000000000000000000e+00
0.000000000000000000e+00
0.000000000000000000e+00
0.000000000000000000e+00
0.000000000000000000e+00
0.000000000000000000e+00
0.000000000000000000e+00
0.000000000000000000e+00
0.000000000000000000e+00
0.000000000000000000e+00
0.000000000000000000e+00
0.000000000000000000e+00
0.000000000000000000e+00
0.000000000000000000e+00
0.000000000000000000e+00
0.000000000000000000e+00
0.000000000000000000e+00
0.000000000000000000e+00
0.000000000000000000e+00
0.000000000000000000e+00
0.000000000000000000e+00
0.000000000000000000e+00
0.000000000000000000e+00
0.000000000000000000e+00
0.000000000000000000e+00
0.000000000000000000e+00
0.000000000000000000e+00
0.000000000000000000e+00
0.000000000000000000e+00
0.000000000000000000e+00
0.000000000000000000e+00
0.000000000000000000e+00
0.000000000000000000e+00
0.000000000000000000e+00
0.000000000000000000e+00
0.000000000000000000e+00
0.000000000000000000e+00
0.000000000000000000e+00
0.000000000000000000e+00
0.000000000000000000e+00
0.000000000000000000e+00
0.000000000000000000e+00
0.000000000000000000e+00
0.000000000000000000e+00
0.000000000000000000e+00
0.000000000000000000e+00
0.000000000000000000e+00
0.000000000000000000e+00
0.000000000000000000e+00
0.000000000000000000e+00
0.000000000000000000e+00
0.000000000000000000e+00
0.000000000000000000e+00
0.000000000000000000e+00
0.000000000000000000e+00
0.000000000000000000e+00
0.000000000000000000e+00
0.000000000000000000e+00
0.000000000000000000e+00
0.000000000000000000e+00
0.000000000000000000e+00
0.000000000000000000e+00
0.000000000000000000e+00
0.000000000000000000e+00
0.000000000000000000e+00
0.000000000000000000e+00
0.000000000000000000e+00
0.000000000000000000e+00
0.000000000000000000e+00
0.000000000000000000e+00
0.000000000000000000e+00
0.000000000000000000e+00
0.000000000000000000e+00
0.000000000000000000e+00
0.000000000000000000e+00
0.000000000000000000e+00
0.000000000000000000e+00
0.000000000000000000e+00
0.000000000000000000e+00
0.000000000000000000e+00
0.000000000000000000e+00
0.000000000000000000e+00
0.000000000000000000e+00
0.000000000000000000e+00
0.000000000000000000e+00
0.000000000000000000e+00
0.000000000000000000e+00
0.000000000000000000e+00
0.000000000000000000e+00
0.000000000000000000e+00
0.000000000000000000e+00
0.000000000000000000e+00
0.000000000000000000e+00
0.000000000000000000e+00
0.000000000000000000e+00
0.000000000000000000e+00
0.000000000000000000e+00
0.000000000000000000e+00
0.000000000000000000e+00
0.000000000000000000e+00
0.000000000000000000e+00
0.000000000000000000e+00
0.000000000000000000e+00
0.000000000000000000e+00
0.000000000000000000e+00
0.000000000000000000e+00
0.000000000000000000e+00
0.000000000000000000e+00
0.000000000000000000e+00
0.000000000000000000e+00
0.000000000000000000e+00
0.000000000000000000e+00
0.000000000000000000e+00
0.000000000000000000e+00
0.000000000000000000e+00
0.000000000000000000e+00
0.000000000000000000e+00
0.000000000000000000e+00
0.000000000000000000e+00
0.000000000000000000e+00
0.000000000000000000e+00
0.000000000000000000e+00
0.000000000000000000e+00
0.000000000000000000e+00
0.000000000000000000e+00
0.000000000000000000e+00
0.000000000000000000e+00
0.000000000000000000e+00
0.000000000000000000e+00
0.000000000000000000e+00
0.000000000000000000e+00
0.000000000000000000e+00
0.000000000000000000e+00
0.000000000000000000e+00
0.000000000000000000e+00
0.000000000000000000e+00
0.000000000000000000e+00
0.000000000000000000e+00
0.000000000000000000e+00
0.000000000000000000e+00
0.000000000000000000e+00
0.000000000000000000e+00
0.000000000000000000e+00
0.000000000000000000e+00
0.000000000000000000e+00
0.000000000000000000e+00
0.000000000000000000e+00
0.000000000000000000e+00
0.000000000000000000e+00
0.000000000000000000e+00
0.000000000000000000e+00
0.000000000000000000e+00
0.000000000000000000e+00
0.000000000000000000e+00
0.000000000000000000e+00
0.000000000000000000e+00
0.000000000000000000e+00
0.000000000000000000e+00
0.000000000000000000e+00
0.000000000000000000e+00
0.000000000000000000e+00
0.000000000000000000e+00
0.000000000000000000e+00
0.000000000000000000e+00
0.000000000000000000e+00
0.000000000000000000e+00
0.000000000000000000e+00
0.000000000000000000e+00
0.000000000000000000e+00
0.000000000000000000e+00
0.000000000000000000e+00
0.000000000000000000e+00
0.000000000000000000e+00
0.000000000000000000e+00
0.000000000000000000e+00
0.000000000000000000e+00
0.000000000000000000e+00
0.000000000000000000e+00
0.000000000000000000e+00
0.000000000000000000e+00
0.000000000000000000e+00
0.000000000000000000e+00
0.000000000000000000e+00
0.000000000000000000e+00
0.000000000000000000e+00
0.000000000000000000e+00
0.000000000000000000e+00
0.000000000000000000e+00
0.000000000000000000e+00
0.000000000000000000e+00
0.000000000000000000e+00
0.000000000000000000e+00
0.000000000000000000e+00
0.000000000000000000e+00
0.000000000000000000e+00
0.000000000000000000e+00
0.000000000000000000e+00
0.000000000000000000e+00
0.000000000000000000e+00
0.000000000000000000e+00
0.000000000000000000e+00
0.000000000000000000e+00
0.000000000000000000e+00
0.000000000000000000e+00
0.000000000000000000e+00
0.000000000000000000e+00
0.000000000000000000e+00
0.000000000000000000e+00
0.000000000000000000e+00
0.000000000000000000e+00
0.000000000000000000e+00
0.000000000000000000e+00
0.000000000000000000e+00
0.000000000000000000e+00
0.000000000000000000e+00
0.000000000000000000e+00
0.000000000000000000e+00
0.000000000000000000e+00
0.000000000000000000e+00
0.000000000000000000e+00
0.000000000000000000e+00
0.000000000000000000e+00
0.000000000000000000e+00
0.000000000000000000e+00
0.000000000000000000e+00
0.000000000000000000e+00
0.000000000000000000e+00
0.000000000000000000e+00
0.000000000000000000e+00
0.000000000000000000e+00
0.000000000000000000e+00
0.000000000000000000e+00
0.000000000000000000e+00
0.000000000000000000e+00
0.000000000000000000e+00
0.000000000000000000e+00
0.000000000000000000e+00
0.000000000000000000e+00
0.000000000000000000e+00
0.000000000000000000e+00
0.000000000000000000e+00
0.000000000000000000e+00
0.000000000000000000e+00
0.000000000000000000e+00
0.000000000000000000e+00
0.000000000000000000e+00
0.000000000000000000e+00
0.000000000000000000e+00
0.000000000000000000e+00
0.000000000000000000e+00
0.000000000000000000e+00
0.000000000000000000e+00
0.000000000000000000e+00
0.000000000000000000e+00
0.000000000000000000e+00
0.000000000000000000e+00
0.000000000000000000e+00
0.000000000000000000e+00
0.000000000000000000e+00
0.000000000000000000e+00
0.000000000000000000e+00
0.000000000000000000e+00
0.000000000000000000e+00
0.000000000000000000e+00
0.000000000000000000e+00
0.000000000000000000e+00
0.000000000000000000e+00
0.000000000000000000e+00
0.000000000000000000e+00
0.000000000000000000e+00
0.000000000000000000e+00
0.000000000000000000e+00
0.000000000000000000e+00
0.000000000000000000e+00
0.000000000000000000e+00
0.000000000000000000e+00
0.000000000000000000e+00
0.000000000000000000e+00
0.000000000000000000e+00
0.000000000000000000e+00
0.000000000000000000e+00
0.000000000000000000e+00
0.000000000000000000e+00
0.000000000000000000e+00
0.000000000000000000e+00
0.000000000000000000e+00
0.000000000000000000e+00
0.000000000000000000e+00
0.000000000000000000e+00
0.000000000000000000e+00
0.000000000000000000e+00
0.000000000000000000e+00
0.000000000000000000e+00
0.000000000000000000e+00
0.000000000000000000e+00
0.000000000000000000e+00
0.000000000000000000e+00
0.000000000000000000e+00
0.000000000000000000e+00
0.000000000000000000e+00
0.000000000000000000e+00
0.000000000000000000e+00
0.000000000000000000e+00
0.000000000000000000e+00
0.000000000000000000e+00
0.000000000000000000e+00
0.000000000000000000e+00
0.000000000000000000e+00
0.000000000000000000e+00
0.000000000000000000e+00
0.000000000000000000e+00
0.000000000000000000e+00
0.000000000000000000e+00
0.000000000000000000e+00
0.000000000000000000e+00
0.000000000000000000e+00
0.000000000000000000e+00
0.000000000000000000e+00
0.000000000000000000e+00
0.000000000000000000e+00
0.000000000000000000e+00
0.000000000000000000e+00
0.000000000000000000e+00
0.000000000000000000e+00
0.000000000000000000e+00
0.000000000000000000e+00
0.000000000000000000e+00
0.000000000000000000e+00
0.000000000000000000e+00
0.000000000000000000e+00
0.000000000000000000e+00
0.000000000000000000e+00
0.000000000000000000e+00
0.000000000000000000e+00
0.000000000000000000e+00
0.000000000000000000e+00
0.000000000000000000e+00
0.000000000000000000e+00
0.000000000000000000e+00
0.000000000000000000e+00
0.000000000000000000e+00
0.000000000000000000e+00
0.000000000000000000e+00
0.000000000000000000e+00
0.000000000000000000e+00
0.000000000000000000e+00
0.000000000000000000e+00
0.000000000000000000e+00
0.000000000000000000e+00
0.000000000000000000e+00
0.000000000000000000e+00
0.000000000000000000e+00
0.000000000000000000e+00
0.000000000000000000e+00
0.000000000000000000e+00
0.000000000000000000e+00
0.000000000000000000e+00
0.000000000000000000e+00
0.000000000000000000e+00
0.000000000000000000e+00
0.000000000000000000e+00
0.000000000000000000e+00
0.000000000000000000e+00
0.000000000000000000e+00
0.000000000000000000e+00
0.000000000000000000e+00
0.000000000000000000e+00
0.000000000000000000e+00
0.000000000000000000e+00
0.000000000000000000e+00
0.000000000000000000e+00
0.000000000000000000e+00
0.000000000000000000e+00
0.000000000000000000e+00
0.000000000000000000e+00
0.000000000000000000e+00
0.000000000000000000e+00
0.000000000000000000e+00
0.000000000000000000e+00
0.000000000000000000e+00
0.000000000000000000e+00
0.000000000000000000e+00
0.000000000000000000e+00
0.000000000000000000e+00
0.000000000000000000e+00
0.000000000000000000e+00
0.000000000000000000e+00
0.000000000000000000e+00
0.000000000000000000e+00
0.000000000000000000e+00
0.000000000000000000e+00
0.000000000000000000e+00
0.000000000000000000e+00
0.000000000000000000e+00
0.000000000000000000e+00
0.000000000000000000e+00
0.000000000000000000e+00
0.000000000000000000e+00
0.000000000000000000e+00
0.000000000000000000e+00
0.000000000000000000e+00
0.000000000000000000e+00
0.000000000000000000e+00
0.000000000000000000e+00
0.000000000000000000e+00
0.000000000000000000e+00
0.000000000000000000e+00
0.000000000000000000e+00
0.000000000000000000e+00
0.000000000000000000e+00
0.000000000000000000e+00
0.000000000000000000e+00
0.000000000000000000e+00
0.000000000000000000e+00
0.000000000000000000e+00
0.000000000000000000e+00
0.000000000000000000e+00
0.000000000000000000e+00
0.000000000000000000e+00
0.000000000000000000e+00
0.000000000000000000e+00
0.000000000000000000e+00
0.000000000000000000e+00
0.000000000000000000e+00
0.000000000000000000e+00
0.000000000000000000e+00
0.000000000000000000e+00
0.000000000000000000e+00
0.000000000000000000e+00
0.000000000000000000e+00
0.000000000000000000e+00
0.000000000000000000e+00
0.000000000000000000e+00
0.000000000000000000e+00
0.000000000000000000e+00
0.000000000000000000e+00
0.000000000000000000e+00
0.000000000000000000e+00
0.000000000000000000e+00
0.000000000000000000e+00
0.000000000000000000e+00
0.000000000000000000e+00
0.000000000000000000e+00
0.000000000000000000e+00
0.000000000000000000e+00
0.000000000000000000e+00
0.000000000000000000e+00
0.000000000000000000e+00
0.000000000000000000e+00
0.000000000000000000e+00
0.000000000000000000e+00
0.000000000000000000e+00
0.000000000000000000e+00
0.000000000000000000e+00
0.000000000000000000e+00
0.000000000000000000e+00
0.000000000000000000e+00
0.000000000000000000e+00
0.000000000000000000e+00
0.000000000000000000e+00
0.000000000000000000e+00
0.000000000000000000e+00
0.000000000000000000e+00
0.000000000000000000e+00
0.000000000000000000e+00
0.000000000000000000e+00
0.000000000000000000e+00
0.000000000000000000e+00
0.000000000000000000e+00
0.000000000000000000e+00
0.000000000000000000e+00
0.000000000000000000e+00
0.000000000000000000e+00
0.000000000000000000e+00
0.000000000000000000e+00
0.000000000000000000e+00
0.000000000000000000e+00
0.000000000000000000e+00
0.000000000000000000e+00
0.000000000000000000e+00
0.000000000000000000e+00
0.000000000000000000e+00
0.000000000000000000e+00
0.000000000000000000e+00
0.000000000000000000e+00
0.000000000000000000e+00
0.000000000000000000e+00
0.000000000000000000e+00
0.000000000000000000e+00
0.000000000000000000e+00
0.000000000000000000e+00
0.000000000000000000e+00
0.000000000000000000e+00
0.000000000000000000e+00
0.000000000000000000e+00
0.000000000000000000e+00
0.000000000000000000e+00
0.000000000000000000e+00
0.000000000000000000e+00
0.000000000000000000e+00
0.000000000000000000e+00
0.000000000000000000e+00
0.000000000000000000e+00
0.000000000000000000e+00
0.000000000000000000e+00
0.000000000000000000e+00
0.000000000000000000e+00
0.000000000000000000e+00
0.000000000000000000e+00
0.000000000000000000e+00
0.000000000000000000e+00
0.000000000000000000e+00
0.000000000000000000e+00
0.000000000000000000e+00
0.000000000000000000e+00
0.000000000000000000e+00
0.000000000000000000e+00
0.000000000000000000e+00
0.000000000000000000e+00
0.000000000000000000e+00
0.000000000000000000e+00
0.000000000000000000e+00
0.000000000000000000e+00
0.000000000000000000e+00
0.000000000000000000e+00
0.000000000000000000e+00
0.000000000000000000e+00
0.000000000000000000e+00
0.000000000000000000e+00
0.000000000000000000e+00
0.000000000000000000e+00
0.000000000000000000e+00
0.000000000000000000e+00
0.000000000000000000e+00
0.000000000000000000e+00
0.000000000000000000e+00
0.000000000000000000e+00
0.000000000000000000e+00
0.000000000000000000e+00
0.000000000000000000e+00
0.000000000000000000e+00
0.000000000000000000e+00
0.000000000000000000e+00
0.000000000000000000e+00
0.000000000000000000e+00
0.000000000000000000e+00
0.000000000000000000e+00
0.000000000000000000e+00
0.000000000000000000e+00
0.000000000000000000e+00
0.000000000000000000e+00
0.000000000000000000e+00
0.000000000000000000e+00
0.000000000000000000e+00
0.000000000000000000e+00
0.000000000000000000e+00
0.000000000000000000e+00
0.000000000000000000e+00
0.000000000000000000e+00
0.000000000000000000e+00
0.000000000000000000e+00
0.000000000000000000e+00
0.000000000000000000e+00
0.000000000000000000e+00
0.000000000000000000e+00
0.000000000000000000e+00
0.000000000000000000e+00
0.000000000000000000e+00
0.000000000000000000e+00
0.000000000000000000e+00
0.000000000000000000e+00
0.000000000000000000e+00
0.000000000000000000e+00
0.000000000000000000e+00
0.000000000000000000e+00
0.000000000000000000e+00
0.000000000000000000e+00
0.000000000000000000e+00
0.000000000000000000e+00
0.000000000000000000e+00
0.000000000000000000e+00
0.000000000000000000e+00
0.000000000000000000e+00
0.000000000000000000e+00
0.000000000000000000e+00
0.000000000000000000e+00
0.000000000000000000e+00
0.000000000000000000e+00
0.000000000000000000e+00
0.000000000000000000e+00
0.000000000000000000e+00
0.000000000000000000e+00
0.000000000000000000e+00
0.000000000000000000e+00
0.000000000000000000e+00
0.000000000000000000e+00
0.000000000000000000e+00
0.000000000000000000e+00
0.000000000000000000e+00
0.000000000000000000e+00
0.000000000000000000e+00
0.000000000000000000e+00
0.000000000000000000e+00
0.000000000000000000e+00
0.000000000000000000e+00
0.000000000000000000e+00
0.000000000000000000e+00
0.000000000000000000e+00
0.000000000000000000e+00
0.000000000000000000e+00
0.000000000000000000e+00
0.000000000000000000e+00
0.000000000000000000e+00
0.000000000000000000e+00
0.000000000000000000e+00
0.000000000000000000e+00
0.000000000000000000e+00
0.000000000000000000e+00
0.000000000000000000e+00
0.000000000000000000e+00
0.000000000000000000e+00
0.000000000000000000e+00
0.000000000000000000e+00
0.000000000000000000e+00
0.000000000000000000e+00
0.000000000000000000e+00
0.000000000000000000e+00
0.000000000000000000e+00
0.000000000000000000e+00
0.000000000000000000e+00
0.000000000000000000e+00
0.000000000000000000e+00
0.000000000000000000e+00
0.000000000000000000e+00
0.000000000000000000e+00
0.000000000000000000e+00
0.000000000000000000e+00
0.000000000000000000e+00
0.000000000000000000e+00
0.000000000000000000e+00
0.000000000000000000e+00
0.000000000000000000e+00
0.000000000000000000e+00
0.000000000000000000e+00
0.000000000000000000e+00
0.000000000000000000e+00
0.000000000000000000e+00
0.000000000000000000e+00
0.000000000000000000e+00
0.000000000000000000e+00
0.000000000000000000e+00
0.000000000000000000e+00
0.000000000000000000e+00
0.000000000000000000e+00
0.000000000000000000e+00
0.000000000000000000e+00
0.000000000000000000e+00
0.000000000000000000e+00
0.000000000000000000e+00
0.000000000000000000e+00
0.000000000000000000e+00
0.000000000000000000e+00
0.000000000000000000e+00
0.000000000000000000e+00
0.000000000000000000e+00
0.000000000000000000e+00
0.000000000000000000e+00
0.000000000000000000e+00
0.000000000000000000e+00
0.000000000000000000e+00
0.000000000000000000e+00
0.000000000000000000e+00
0.000000000000000000e+00
0.000000000000000000e+00
0.000000000000000000e+00
0.000000000000000000e+00
0.000000000000000000e+00
0.000000000000000000e+00
0.000000000000000000e+00
0.000000000000000000e+00
0.000000000000000000e+00
0.000000000000000000e+00
0.000000000000000000e+00
0.000000000000000000e+00
0.000000000000000000e+00
0.000000000000000000e+00
0.000000000000000000e+00
0.000000000000000000e+00
0.000000000000000000e+00
0.000000000000000000e+00
0.000000000000000000e+00
0.000000000000000000e+00
0.000000000000000000e+00
0.000000000000000000e+00
0.000000000000000000e+00
0.000000000000000000e+00
0.000000000000000000e+00
0.000000000000000000e+00
0.000000000000000000e+00
0.000000000000000000e+00
0.000000000000000000e+00
0.000000000000000000e+00
0.000000000000000000e+00
0.000000000000000000e+00
0.000000000000000000e+00
0.000000000000000000e+00
0.000000000000000000e+00
0.000000000000000000e+00
0.000000000000000000e+00
0.000000000000000000e+00
0.000000000000000000e+00
0.000000000000000000e+00
0.000000000000000000e+00
0.000000000000000000e+00
0.000000000000000000e+00
0.000000000000000000e+00
0.000000000000000000e+00
0.000000000000000000e+00
0.000000000000000000e+00
0.000000000000000000e+00
0.000000000000000000e+00
0.000000000000000000e+00
0.000000000000000000e+00
0.000000000000000000e+00
0.000000000000000000e+00
0.000000000000000000e+00
0.000000000000000000e+00
0.000000000000000000e+00
0.000000000000000000e+00
0.000000000000000000e+00
0.000000000000000000e+00
0.000000000000000000e+00
0.000000000000000000e+00
0.000000000000000000e+00
0.000000000000000000e+00
0.000000000000000000e+00
0.000000000000000000e+00
0.000000000000000000e+00
0.000000000000000000e+00
0.000000000000000000e+00
0.000000000000000000e+00
0.000000000000000000e+00
0.000000000000000000e+00
0.000000000000000000e+00
0.000000000000000000e+00
0.000000000000000000e+00
0.000000000000000000e+00
0.000000000000000000e+00
0.000000000000000000e+00
0.000000000000000000e+00
0.000000000000000000e+00
0.000000000000000000e+00
0.000000000000000000e+00
0.000000000000000000e+00
0.000000000000000000e+00
0.000000000000000000e+00
0.000000000000000000e+00
0.000000000000000000e+00
0.000000000000000000e+00
0.000000000000000000e+00
0.000000000000000000e+00
0.000000000000000000e+00
0.000000000000000000e+00
0.000000000000000000e+00
0.000000000000000000e+00
0.000000000000000000e+00
0.000000000000000000e+00
0.000000000000000000e+00
0.000000000000000000e+00
0.000000000000000000e+00
0.000000000000000000e+00
0.000000000000000000e+00
0.000000000000000000e+00
0.000000000000000000e+00
0.000000000000000000e+00
0.000000000000000000e+00
0.000000000000000000e+00
0.000000000000000000e+00
0.000000000000000000e+00
0.000000000000000000e+00
0.000000000000000000e+00
0.000000000000000000e+00
0.000000000000000000e+00
0.000000000000000000e+00
0.000000000000000000e+00
0.000000000000000000e+00
0.000000000000000000e+00
0.000000000000000000e+00
0.000000000000000000e+00
0.000000000000000000e+00
0.000000000000000000e+00
0.000000000000000000e+00
0.000000000000000000e+00
0.000000000000000000e+00
0.000000000000000000e+00
0.000000000000000000e+00
0.000000000000000000e+00
0.000000000000000000e+00
0.000000000000000000e+00
0.000000000000000000e+00
0.000000000000000000e+00
0.000000000000000000e+00
0.000000000000000000e+00
0.000000000000000000e+00
0.000000000000000000e+00
0.000000000000000000e+00
0.000000000000000000e+00
0.000000000000000000e+00
0.000000000000000000e+00
0.000000000000000000e+00
0.000000000000000000e+00
0.000000000000000000e+00
0.000000000000000000e+00
0.000000000000000000e+00
0.000000000000000000e+00
0.000000000000000000e+00
0.000000000000000000e+00
0.000000000000000000e+00
0.000000000000000000e+00
0.000000000000000000e+00
0.000000000000000000e+00
0.000000000000000000e+00
0.000000000000000000e+00
0.000000000000000000e+00
0.000000000000000000e+00
0.000000000000000000e+00
0.000000000000000000e+00
0.000000000000000000e+00
0.000000000000000000e+00
0.000000000000000000e+00
0.000000000000000000e+00
0.000000000000000000e+00
0.000000000000000000e+00
0.000000000000000000e+00
0.000000000000000000e+00
0.000000000000000000e+00
0.000000000000000000e+00
0.000000000000000000e+00
0.000000000000000000e+00
0.000000000000000000e+00
0.000000000000000000e+00
0.000000000000000000e+00
0.000000000000000000e+00
0.000000000000000000e+00
0.000000000000000000e+00
0.000000000000000000e+00
0.000000000000000000e+00
0.000000000000000000e+00
0.000000000000000000e+00
0.000000000000000000e+00
0.000000000000000000e+00
0.000000000000000000e+00
0.000000000000000000e+00
0.000000000000000000e+00
0.000000000000000000e+00
0.000000000000000000e+00
0.000000000000000000e+00
0.000000000000000000e+00
0.000000000000000000e+00
0.000000000000000000e+00
0.000000000000000000e+00
0.000000000000000000e+00
0.000000000000000000e+00
0.000000000000000000e+00
0.000000000000000000e+00
0.000000000000000000e+00
0.000000000000000000e+00
0.000000000000000000e+00
0.000000000000000000e+00
0.000000000000000000e+00
0.000000000000000000e+00
0.000000000000000000e+00
0.000000000000000000e+00
0.000000000000000000e+00
0.000000000000000000e+00
0.000000000000000000e+00
0.000000000000000000e+00
0.000000000000000000e+00
0.000000000000000000e+00
0.000000000000000000e+00
0.000000000000000000e+00
0.000000000000000000e+00
0.000000000000000000e+00
0.000000000000000000e+00
0.000000000000000000e+00
0.000000000000000000e+00
0.000000000000000000e+00
0.000000000000000000e+00
0.000000000000000000e+00
0.000000000000000000e+00
0.000000000000000000e+00
0.000000000000000000e+00
0.000000000000000000e+00
0.000000000000000000e+00
0.000000000000000000e+00
0.000000000000000000e+00
0.000000000000000000e+00
0.000000000000000000e+00
0.000000000000000000e+00
0.000000000000000000e+00
0.000000000000000000e+00
0.000000000000000000e+00
0.000000000000000000e+00
0.000000000000000000e+00
0.000000000000000000e+00
0.000000000000000000e+00
0.000000000000000000e+00
0.000000000000000000e+00
0.000000000000000000e+00
0.000000000000000000e+00
0.000000000000000000e+00
0.000000000000000000e+00
0.000000000000000000e+00
0.000000000000000000e+00
0.000000000000000000e+00
0.000000000000000000e+00
0.000000000000000000e+00
0.000000000000000000e+00
0.000000000000000000e+00
0.000000000000000000e+00
0.000000000000000000e+00
