2.140749233850443023e-01
2.816848674959732124e-02
9.986145601966742169e-03
6.843277675841029015e-03
6.547287797435721347e-03
6.853226197788828307e-03
7.255965204511868882e-03
7.646107833459228793e-03
8.007017185043548146e-03
8.340879323658416736e-03
8.651835295671593193e-03
8.942968548427590592e-03
9.216219455856797943e-03
9.472715279185774800e-03
9.713049334307432073e-03
9.937471703387453989e-03
1.014601753296626857e-02
1.033859592353987382e-02
1.051505345699695580e-02
1.067522042614931811e-02
1.081894451015686688e-02
1.094611486891510985e-02
1.105667867948281237e-02
1.115065161235904122e-02
1.122812343788691380e-02
1.128925975543696586e-02
1.133430069454038729e-02
1.136355731985958829e-02
1.137740636779363025e-02
1.137628384645566169e-02
1.136067794142242224e-02
1.133112158737538053e-02
1.128818499132227746e-02
1.123246832716337518e-02
1.116459476427067270e-02
1.108520394439277586e-02
1.099494598116843198e-02
1.089447602416652831e-02
1.078444940384496592e-02
1.066551735425612379e-02
1.053832329581978582e-02
1.040349965019019864e-02
1.026166515237381983e-02
1.011342262111569398e-02
9.959357146561147178e-03
9.800034653804631096e-03
9.636000801736077301e-03
9.467780178240665576e-03
9.295875755025502507e-03
9.120768567917689890e-03
8.942917591238296049e-03
8.762759777677795597e-03
8.580710237890571898e-03
8.397162536723005999e-03
8.212489085547428416e-03
8.027041612567210882e-03
7.841151695168462055e-03
7.655131340418501462e-03
7.469273601649565469e-03
7.283853220724991959e-03
7.099127287072926409e-03
6.915335905899987722e-03
6.732702869177854821e-03
6.551436324039089723e-03
6.371729434140052488e-03
6.193761030357220962e-03
6.017696247892785621e-03
5.843687147483203788e-03
5.671873318942770650e-03
5.502382465739895541e-03
5.335330969705716006e-03
5.170824435318068998e-03
5.008958213297602657e-03
4.849817903499873198e-03
4.693479837293884800e-03
4.540011539788345145e-03
4.389472172404650617e-03
4.241912956405822187e-03
4.097377578073834598e-03
3.955902576290286181e-03
3.817517713316301298e-03
3.682246329592844900e-03
3.550105683391362611e-03
3.421107276141914944e-03
3.295257164250924714e-03
3.172556258197667661e-03
3.053000609667346280e-03
2.936581687441656291e-03
2.823286642726172135e-03
2.713098564549306334e-03
2.605996725820346280e-03
2.501956820586126017e-03
2.400951192977636168e-03
2.302949058289917479e-03
2.207916716592313137e-03
2.115817759221078238e-03
2.026613268464053531e-03
1.940262010707076608e-03
1.856720623274828305e-03
1.775943795164737970e-03
1.697884441841959920e-03
1.622493874235789689e-03
1.549721962053736152e-03
1.479517291508381524e-03
1.411827317534286022e-03
1.346598510557247370e-03
1.283776497866147975e-03
1.223306199628225802e-03
1.165131959581637913e-03
1.109197670434556313e-03
1.055446893997274895e-03
1.003822976073262714e-03
9.542691561356454223e-04
9.067286718181595713e-04
8.611448582528612433e-04
8.174612422915038213e-04
7.756216316528763725e-04
7.355701990442417614e-04
6.972515613116889383e-04
6.606108536809973718e-04
6.255937991577219031e-04
5.921467731623385059e-04
5.602168634835456157e-04
5.297519256397812586e-04
5.007006337458878810e-04
4.730125269884988769e-04
4.466380518198325659e-04
4.215285999855628669e-04
3.976365425077494839e-04
3.749152597487935708e-04
3.533191676867993383e-04
3.328037405366998918e-04
3.133255298548164752e-04
2.948421802674348977e-04
2.773124419663027386e-04
2.606961801156717118e-04
2.449543813168216237e-04
2.300491572767325099e-04
2.159437458277676982e-04
2.026025094450375835e-04
1.899909314073767509e-04
1.780756097467108912e-04
1.668242491290506822e-04
1.562056508083997652e-04
1.461897007924879157e-04
1.367473563566457679e-04
1.278506310391472507e-04
1.194725782480714931e-04
1.115872736062439174e-04
1.041697961570891878e-04
9.719620855026712568e-05
9.064353632185324038e-05
8.448974637957096538e-05
7.871372479918302325e-05
7.329525403367770158e-05
6.821498963226179377e-05
6.345443656167224866e-05
5.899592521750223536e-05
5.482258720870934884e-05
5.091833099376821072e-05
4.726781744223204081e-05
4.385643539097092483e-05
4.067027725974658992e-05
3.769611478633858942e-05
3.492137493702628424e-05
3.233411604399057115e-05
2.992300421693082536e-05
2.767729007220612260e-05
2.558678581880098271e-05
2.364184273662749765e-05
2.183332907898100694e-05
2.015260842744310426e-05
1.859151852412663954e-05
1.714235060290173152e-05
1.579782923817999211e-05
1.455109272688607734e-05
1.339567401644396904e-05
1.232548218902692004e-05
1.133478450978436343e-05
1.041818904452205532e-05
9.570627850044029111e-06
8.787340738430303636e-06
8.063859614624223712e-06
7.395993384940983018e-06
6.779813432539975346e-06
6.211639654490051775e-06
5.688027053639482972e-06
5.205752877354447123e-06
4.761804294132055397e-06
4.353366598078908602e-06
3.977811930399810697e-06
3.632688506346961199e-06
3.315710335361870455e-06
3.024747421639482762e-06
2.757816431847374386e-06
2.513071816401560069e-06
2.288797370347544391e-06
2.083398219706425299e-06
1.895393218992364379e-06
1.723407745489558704e-06
1.566166875867310857e-06
1.422488930741252095e-06
1.291279372824916445e-06
1.171525044474773327e-06
1.062288730564919483e-06
9.627040328313695340e-07
8.719705420477077009e-07
7.893492946636647045e-07
7.141585008099263351e-07
6.457695308831363839e-07
5.836031482451046491e-07
5.271259759234212306e-07
4.758471855330049271e-07
4.293153970236695026e-07
3.871157782272304308e-07
3.488673335430439795e-07
3.142203715021199000e-07
2.828541413252561600e-07
2.544746289772988667e-07
2.288125036021007669e-07
2.056212056146533637e-07
1.846751680861587404e-07
1.657681634364599459e-07
1.487117678387778075e-07
1.333339360484114542e-07
1.194776797720179159e-07
1.069998429991224919e-07
9.576996806094130046e-08
8.566924652572515015e-08
7.658954930892499080e-08
6.843253072150921952e-08
6.110880145303499039e-08
5.453716576028610968e-08
4.864391842754442865e-08
4.336219728913316928e-08
3.863138739672117322e-08
3.439657310324191418e-08
3.060803461672602175e-08
2.722078572752144599e-08
2.419414970464941798e-08
2.149137046032861733e-08
1.907925634021204441e-08
1.692785404269527892e-08
1.501015032365387813e-08
1.330179935671073962e-08
1.178087369003249597e-08
1.042763694671409620e-08
9.224336522146933861e-09
8.155014653343723544e-09
7.205336370778995707e-09
6.362432911168109572e-09
5.614759349710636873e-09
4.951965219497053114e-09
4.364777027440599892e-09
3.844891675502264546e-09
3.384879802733399245e-09
2.978098233200470624e-09
2.618610693343544986e-09
2.301116100116002163e-09
2.020883714674377312e-09
1.773694581818407514e-09
1.555788645534731862e-09
1.363817061404159650e-09
1.194799197788966285e-09
1.046083916211851793e-09
9.153147136382431939e-10
8.003983641954066943e-10
6.994767537632882296e-10
6.109015614231040155e-10
5.332115550063538448e-10
4.651122182932466273e-10
4.054574921250700071e-10
3.532334358133557654e-10
3.075435914956376957e-10
2.675959047074393424e-10
2.326910346883590672e-10
2.022119181113498593e-10
1.756144543494432518e-10
1.524192005453551169e-10
1.322039737384644893e-10
1.145972628575379923e-10
9.927236810546629739e-11
8.594218989593490176e-11
7.435459958506164767e-11
6.428832965779876420e-11
5.554932829924688575e-11
4.796752972218797843e-11
4.139398426031241194e-11
3.569833386867504628e-11
3.076656305157379418e-11
2.649902138775515766e-11
2.280866935635637815e-11
1.961954088927768013e-11
1.686537391435841503e-11
1.448841362719134617e-11
1.243835405034042291e-11
1.067140566480998141e-11
9.149482386339972159e-12
7.839476532516861289e-12
6.712629348916089942e-12
5.743978611920454093e-12
4.911871786938538207e-12
4.197538651007870233e-12
3.584721087718999620e-12
3.059344861001385967e-12
2.609236263526584213e-12
2.223871835577163479e-12
1.894161122474512902e-12
1.612257149103416399e-12
1.371391598690823093e-12
1.165729441662223401e-12
9.902456201358446269e-13
8.406127679911985803e-13
7.131100056055355081e-13
6.045383186178627497e-13
5.121512403125038500e-13
4.335889264233538822e-13
3.668290764428350110e-13
3.101364519115727435e-13
2.620277050436845908e-13
2.212303814847259540e-13
1.866577120529763060e-13
1.573796544706471954e-13
1.326030964204488860e-13
1.116504567792081912e-13
9.394383246359563695e-14
7.899082898423124667e-14
6.637167225333482978e-14
5.572973013100018337e-14
4.676214286403426316e-14
3.921003199208097710e-14
3.285456476784048092e-14
2.751057056343968515e-14
2.301817595540107619e-14
1.924683548180406672e-14
1.608181375308904936e-14
1.342808289371104520e-14
1.120450954940647643e-14
9.342415399606331685e-15
7.784062546126113981e-15
6.480910382244911731e-15
5.392139992211383103e-15
4.483307699088231700e-15
3.724733357902753594e-15
3.092346605052665604e-15
2.565331362552986177e-15
2.127027535411153735e-15
1.761938678057403034e-15
1.458641757748671294e-15
1.206715661676062203e-15
9.972610913007947127e-16
8.239686460348734928e-16
6.796319854214129459e-16
5.606388807719626952e-16
4.620427373914174478e-16
3.804579109548720532e-16
3.131082580946636555e-16
2.575270763644072148e-16
2.114688228970506322e-16
1.736967463995458276e-16
1.421721893128390929e-16
1.165666900313428176e-16
9.543909405392857676e-17
7.792178618955990900e-17
6.361271787886886820e-17
5.213388322797434608e-17
4.252832265763566287e-17
3.457810535403119240e-17
2.850032583561756405e-17
2.309903260842228200e-17
1.888397310285743941e-17
1.529140381345659778e-17
1.270224909482557907e-17
1.007332963862411755e-17
8.255318414986123205e-18
6.756155309839205168e-18
5.548150777498645028e-18
4.297798762216877562e-18
3.524273900918367127e-18
2.926429454276644649e-18
2.462283532996694223e-18
2.149574473721715736e-18
1.616231883816248577e-18
1.296305066849015711e-18
1.054835928205537050e-18
8.622533809344618888e-19
1.021501956390289180e-18
6.348959609378503487e-19
5.325122484651633023e-19
4.126008438460207005e-19
2.604567537212715895e-19
3.965798750554154325e-19
2.204632311995606671e-19
4.783275065497873415e-19
3.803133066506778176e-19
2.252055557128836732e-19
1.541827600916977800e-19
1.296144903960917443e-19
1.156726968000899682e-19
0.000000000000000000e+00
0.000000000000000000e+00
0.000000000000000000e+00
7.687701362878382331e-20
7.555074143317560795e-20
7.148471877906997404e-20
1.068849005768054599e-19
7.166274203288017891e-20
1.414308120352808118e-19
1.452665476274480158e-19
0.000000000000000000e+00
5.364070718130748781e-20
2.498309400736103407e-19
1.611522530102235340e-19
0.000000000000000000e+00
8.976614548300732679e-20
1.755687896816985518e-19
2.268852501454103108e-19
7.737777794693640791e-20
0.000000000000000000e+00
1.260347771942910778e-19
1.391469680863468664e-19
6.254231127904236711e-20
2.083195126897753819e-19
1.900718254424422224e-19
2.678571815637585082e-19
1.226798596319039751e-19
1.430934112817490924e-19
6.612840253037049164e-20
0.000000000000000000e+00
8.812859389129307331e-20
1.756366298230493147e-19
1.090896690609187923e-19
2.973504896123185014e-19
2.841075643139845540e-19
9.596164647254688651e-21
2.519251836518253444e-19
2.412599680837626818e-19
1.970424122845246657e-19
7.934418524036146078e-20
2.594213904557206989e-19
2.060471988942891765e-19
2.402153476294212963e-19
8.807443391342532988e-20
6.795601515686672928e-20
2.216048896854093993e-19
1.637721551043837923e-19
2.750521961647692903e-19
1.730465512308730988e-19
1.954493232917442096e-19
0.000000000000000000e+00
2.213935764114674968e-19
8.231381437585597987e-20
3.832482134693999745e-19
1.872931563955538423e-19
6.625122696826607263e-21
0.000000000000000000e+00
1.803318109418338539e-19
0.000000000000000000e+00
1.018017340165956970e-19
1.484339646387845097e-19
2.314754612982234129e-19
6.323877632203519057e-21
6.112412223321385752e-20
6.119285403237711192e-20
1.384464544131200821e-19
3.045432099534725076e-19
2.079983696553721005e-19
0.000000000000000000e+00
2.546049739747247759e-19
2.409598118619228291e-19
7.863807210129553207e-20
1.019618701387263377e-19
2.226555312501157210e-19
3.150552761983657626e-19
2.097816381943000097e-19
2.325471652207121088e-21
0.000000000000000000e+00
1.349537617942611766e-19
1.464019479497962419e-19
0.000000000000000000e+00
1.731160068155844118e-19
7.078208059406193098e-20
5.799453744776478246e-20
5.497971629880901808e-20
1.319268238997971916e-19
0.000000000000000000e+00
1.277421081143547776e-19
5.867348646299308882e-20
0.000000000000000000e+00
1.235056293617057675e-19
1.725679201982405526e-19
2.572816254479239134e-19
2.280032435065295078e-19
6.829143442369281211e-20
4.040234927000390746e-19
8.829022906321207129e-20
5.505216895717861160e-20
1.283610381498127443e-19
0.000000000000000000e+00
0.000000000000000000e+00
4.331740667896708866e-20
1.228046910749362548e-19
0.000000000000000000e+00
1.191847576048635900e-19
3.641107775505789458e-19
1.950924335612692450e-19
2.188061127942555987e-19
2.447894576903067326e-20
4.388712606102431821e-20
4.347767548784172153e-20
1.997781947746451156e-19
5.886762115699707164e-20
4.446038777535530308e-20
1.202716395450569073e-19
0.000000000000000000e+00
0.000000000000000000e+00
3.904066596829208069e-19
0.000000000000000000e+00
0.000000000000000000e+00
3.695889129233828662e-20
1.159239677234721119e-19
4.474234325099717193e-20
1.945539015629553924e-19
9.130812155813747367e-20
0.000000000000000000e+00
0.000000000000000000e+00
0.000000000000000000e+00
0.000000000000000000e+00
0.000000000000000000e+00
1.074024312731463220e-19
3.692208308489024784e-20
2.972140169402488100e-20
0.000000000000000000e+00
1.434118342488389006e-19
3.766876508148967505e-20
2.726555326877485638e-20
6.443104577220128851e-20
1.860657018453374218e-19
7.565337330886254352e-20
0.000000000000000000e+00
4.558844248397245461e-19
1.442268043621840901e-19
1.185868971006929283e-19
2.337150292062240262e-19
2.060242106499480571e-19
4.783465850069051643e-20
3.379981170447559171e-20
7.100312641199539516e-20
3.553911147918110113e-20
3.145582763083218210e-20
1.483497507617984271e-19
1.198251004995990930e-19
2.355505814361573702e-19
5.003267622144372777e-20
1.914688761789961307e-19
1.248981495206177778e-19
4.135955570668799541e-20
3.369585496068306671e-20
3.211378391841582396e-20
3.122550611573516597e-20
2.663113495726077922e-19
1.688426054786856448e-19
4.458750696163979457e-20
3.478739885046811647e-19
5.936288357291030003e-20
7.611976138432993434e-20
3.129992829846367647e-19
1.363985178694007376e-19
2.414020528241650109e-19
1.718655167907053627e-19
0.000000000000000000e+00
1.153998027903605318e-19
1.613003484371166981e-19
0.000000000000000000e+00
1.934779059274374014e-19
3.245405124469986568e-19
0.000000000000000000e+00
0.000000000000000000e+00
7.516918713510831817e-20
4.012514845850818397e-20
2.720350626164321926e-19
3.688887568357596015e-19
2.484671903890422037e-20
0.000000000000000000e+00
1.142632345037263450e-19
8.149780357182275594e-20
2.368711069871070029e-19
1.303310469915838603e-19
4.173743897932480549e-20
7.556884116490864088e-20
3.849510063895789712e-20
1.523416896904164990e-19
4.258633134088101158e-20
0.000000000000000000e+00
1.092919095785553248e-19
1.544053891335985045e-19
0.000000000000000000e+00
0.000000000000000000e+00
1.062561521647880156e-19
0.000000000000000000e+00
1.836716298903512804e-19
3.756446267780531434e-20
0.000000000000000000e+00
0.000000000000000000e+00
0.000000000000000000e+00
0.000000000000000000e+00
0.000000000000000000e+00
9.816580750634365289e-20
2.480189598076452051e-20
1.941612314603804952e-20
1.752680978828576357e-19
2.837450775220612960e-20
0.000000000000000000e+00
1.343978196219827601e-19
2.468907155452172661e-20
1.729075763666342724e-20
1.338348709115558505e-19
1.809712360167846422e-19
2.741908554858236531e-20
0.000000000000000000e+00
1.553057132191158226e-20
2.118915152675279807e-19
1.463224919446698484e-19
0.000000000000000000e+00
9.544686062844698668e-20
2.145532663578847778e-20
4.100906403661695637e-19
4.219775695648869836e-20
2.968455446868559612e-19
0.000000000000000000e+00
0.000000000000000000e+00
2.556764102366680287e-19
0.000000000000000000e+00
2.176154617231652346e-20
1.389272980075265407e-19
1.068261188419336381e-19
1.052476077997860781e-19
1.838065661956264867e-19
4.247627838460133701e-19
2.835015215299757720e-19
4.206372492888886126e-20
0.000000000000000000e+00
0.000000000000000000e+00
3.391807755295652147e-19
1.618052934875542046e-19
1.145914182403724900e-19
3.474031120511858487e-19
0.000000000000000000e+00
2.261393000443749772e-19
7.950944972786982783e-20
2.297651008322722764e-19
0.000000000000000000e+00
1.082158015225089596e-19
7.256746094293831966e-20
3.153067210367180010e-20
0.000000000000000000e+00
2.587476170006733332e-20
3.398962311255415810e-19
1.992323840746630884e-19
0.000000000000000000e+00
0.000000000000000000e+00
1.814619208100335037e-19
0.000000000000000000e+00
0.000000000000000000e+00
2.187165867865854265e-19
1.501981056293893681e-19
0.000000000000000000e+00
1.006772710602323388e-19
1.825354289119705672e-19
1.080484627225359804e-19
0.000000000000000000e+00
0.000000000000000000e+00
1.926931680574937889e-20
3.333062898894340986e-19
3.392358324022690859e-20
1.387652620279922522e-19
2.496718627163216435e-20
1.932327196793629457e-20
5.737356491892906469e-20
1.952981019175254580e-20
5.619748165924334495e-20
9.683386446955713022e-20
1.358060499666329791e-19
9.964209195980067243e-20
0.000000000000000000e+00
0.000000000000000000e+00
1.372323766253497312e-20
1.320246951724180028e-20
9.110092013244906247e-20
2.512915569994298143e-19
6.208912426282206675e-20
1.586401587566384812e-20
1.701153769186965314e-19
2.157416264933733817e-19
0.000000000000000000e+00
1.386682653098881486e-20
5.238762157238432545e-20
1.325625718187386907e-19
5.713123490941742532e-20
9.381889917521084474e-20
9.467783918065490128e-20
0.000000000000000000e+00
0.000000000000000000e+00
9.020356490496509450e-20
1.324111934170997539e-19
1.646866928423702969e-20
5.118870369789981888e-20
1.289488179310376366e-20
3.647349985202788738e-19
2.442173983808472583e-20
0.000000000000000000e+00
1.688074364980070673e-19
2.139412045225739928e-19
2.000093388687326700e-20
1.330109762708390846e-20
2.875347345824664961e-19
0.000000000000000000e+00
0.000000000000000000e+00
3.661583734451309632e-19
6.439248188476002033e-20
1.647353044616802889e-20
2.104183686648085940e-19
2.169098123694236859e-19
1.788099405715060579e-19
2.081528186326385856e-20
1.558790577134107481e-20
1.325574796729176097e-19
2.540999122379377344e-19
2.583961154590498220e-19
2.988324393199114551e-19
3.010754167040304071e-19
0.000000000000000000e+00
1.845103113058373465e-20
2.141350695841010789e-19
0.000000000000000000e+00
3.711124863522315078e-19
0.000000000000000000e+00
1.752040105657751868e-19
0.000000000000000000e+00
2.526448531728572061e-19
2.983445495673249490e-19
1.825811788237359466e-19
0.000000000000000000e+00
1.745856815295293020e-19
9.968504969794803502e-20
1.762890781628347877e-19
3.352794742345385126e-19
1.433430297456375832e-19
1.783923125242174833e-19
2.154979791013612948e-20
1.714012922397004173e-20
1.590441293634909174e-20
1.485713670379205155e-20
1.317626117816258320e-19
0.000000000000000000e+00
1.303545753230136811e-19
1.460383836232880986e-20
2.472431865117953090e-19
0.000000000000000000e+00
0.000000000000000000e+00
1.277179594525135068e-19
1.213480277282315340e-20
8.780648727271138041e-20
0.000000000000000000e+00
4.730897819560732324e-20
8.439560907315513381e-21
6.971002097862296230e-21
4.560868826419088521e-20
6.809107876176016852e-21
2.806961990609355424e-19
0.000000000000000000e+00
6.100583554380445571e-21
0.000000000000000000e+00
3.195400372027490805e-19
0.000000000000000000e+00
4.541884566157693896e-20
1.244703345424495086e-19
2.439175085926037450e-19
0.000000000000000000e+00
2.032501826659999660e-19
1.673239973245441273e-19
2.459058181488651269e-19
0.000000000000000000e+00
1.653022484445339788e-19
9.720026755898533956e-21
8.626745028334283688e-20
0.000000000000000000e+00
6.564334549246003217e-21
4.385339045667971998e-19
1.284133169512669264e-20
8.593642572905879204e-20
7.774571618788211974e-21
0.000000000000000000e+00
4.500767654347804816e-20
0.000000000000000000e+00
2.800431980462547757e-19
8.464105184339741122e-21
8.385063747403720285e-20
2.416796936461070159e-19
2.832020665844474835e-19
9.156384202616124332e-21
4.538990901689990056e-20
4.544767559259635217e-20
5.842839565728000246e-21
0.000000000000000000e+00
4.289286115450745712e-21
3.782389410092952123e-21
1.998907508824760802e-19
4.451448631793076335e-20
1.611638674889470487e-19
8.350929997716138751e-20
1.222237504296751125e-19
4.664824709859579087e-21
2.787074405684748718e-19
2.025042189179970079e-19
5.821864277301512386e-21
1.221012565660468636e-19
2.801320108917950875e-19
0.000000000000000000e+00
8.286949658742952427e-20
8.276987763914447592e-20
4.033666927054355941e-21
3.570362824545884972e-19
0.000000000000000000e+00
0.000000000000000000e+00
2.866428225664137466e-21
2.409876787959160804e-21
0.000000000000000000e+00
1.981694847259424279e-19
1.597536795296192006e-19
0.000000000000000000e+00
8.034531918056926243e-20
0.000000000000000000e+00
1.318696961586009045e-21
0.000000000000000000e+00
7.942002575846986819e-20
0.000000000000000000e+00
1.184857596920323594e-19
8.528454293070137192e-22
0.000000000000000000e+00
1.183421937112836009e-19
6.152764309569641498e-22
3.635248440379447600e-22
3.955695876824969457e-20
0.000000000000000000e+00
1.573994474778031464e-19
1.867468780929325766e-22
1.435927389940088861e-23
2.158639537051036011e-24
2.590378655986602402e-25
3.027130406152343796e-26
3.834068431181213596e-27
5.132601623637388855e-28
6.806967661629925073e-29
8.550050767409358107e-30
1.056533242918747994e-30
1.310503750181860552e-31
1.578528835039413782e-32
1.799991373946881253e-33
1.951678933076756534e-34
2.047926215766836639e-35
2.131467613270216294e-36
2.264982046894417351e-37
2.508924017228791835e-38
2.871344578518057691e-39
3.323703702193190882e-40
3.824913185256226733e-41
4.354152247713407035e-42
4.921677576586212834e-43
5.548183863567952675e-44
6.232155805792250103e-45
6.935212440164085392e-46
7.597546570427320996e-47
8.171614838653899844e-48
8.654632347511851830e-49
9.107267156056799597e-50
9.654188100475517276e-51
1.046729804999018800e-51
1.173726527064418509e-52
1.364294133767996588e-53
1.632771307686076780e-54
1.988647429395977740e-55
2.436117587233685917e-56
2.974077075281392329e-57
3.596303788257428933e-58
4.291883014934482017e-59
5.046109648851665717e-60
5.842004908551775255e-61
6.662249161577376638e-62
7.491007256026366215e-63
8.315105091030225370e-64
9.124390325205581032e-65
9.911631759700454183e-66
1.067258838797128550e-66
1.140669851964263138e-67
1.211834526062279335e-68
1.281821437433979170e-69
1.352416401687808659e-70
1.426128384687950792e-71
1.506121140328139977e-72
1.596105358849715124e-73
1.700234488102905857e-74
1.823044274725407724e-75
1.969473172226198266e-76
2.144999761056909004e-77
2.355923697997299742e-78
2.609786243848516288e-79
2.915875256456663782e-80
3.285706058567096669e-81
3.733342602823991231e-82
4.275444888516676733e-83
4.930998039318105050e-84
5.720768383859421751e-85
6.666599135226975701e-86
7.790665568199064382e-87
9.114746623529829754e-88
1.065946243986142242e-88
1.244332895623925829e-89
1.448144978779024644e-90
1.678373827830843768e-91
1.935273458464966037e-92
2.218130719608993125e-93
2.525073240940559375e-94
2.852975624106425017e-95
3.197521540113226700e-96
3.553462539877933193e-97
3.915087720002093593e-98
4.276889083913408564e-99
4.634383001961232224e-100
4.985033747234331632e-101
5.329221671634476972e-102
5.671202900228846309e-103
6.020013474583783994e-104
6.390272742395260327e-105
6.802835411680277043e-106
7.285230515534668907e-107
7.871814264587455939e-108
8.603560214905961781e-109
9.527421177380051343e-110
1.069522589524030514e-110
1.216211767935665520e-111
1.398459539356539491e-112
1.621827057966361280e-113
1.891549963521389309e-114
2.212308081418353329e-115
2.588021965717133665e-116
3.021696314361209258e-117
3.515328349496202238e-118
4.069895824095398019e-119
4.685434467768413487e-120
5.361208559646216040e-121
6.095971294006861942e-122
6.888304478229262285e-123
7.737021140307319410e-124
8.641611421678165281e-125
9.602713237330149456e-126
1.062259553504876688e-126
1.170565330684206417e-127
1.285892788989449348e-128
1.409267995970167668e-129
1.542105121803936575e-130
1.686284928506419814e-131
1.844247530172046265e-132
2.019098478321737799e-133
2.214723297749409141e-134
2.435901432935246012e-135
2.688407288636866967e-136
2.979084889831554629e-137
3.315884665274837764e-138
3.707856458962205742e-139
4.165101795004462760e-140
4.698699498333052426e-141
5.320630105429716193e-142
6.043733786054742348e-143
6.881741514258328147e-144
7.849418326448040662e-145
8.962850015033330130e-146
1.023989103367371352e-146
1.170077336215235662e-147
1.336885605233799785e-148
1.527147597801820251e-149
1.744084461624014295e-150
1.991492555024822609e-151
2.273822390272285360e-152
2.596242207984754876e-153
2.964680498361737895e-154
3.385843038398962688e-155
3.867201419091500565e-156
4.416951380979716581e-157
5.043940417933310668e-158
5.757565028837325904e-159
6.567638837837672855e-160
7.484233881075985408e-161
8.517499127981378610e-162
9.677463288891911699e-163
1.097383362242418835e-163
1.241580905695741100e-164
1.401193439506475047e-165
1.577003213898223836e-166
1.769725853448879155e-167
1.980033933173153012e-168
2.208604679510553731e-169
2.456198093139056467e-170
2.723771327904911651e-171
3.012633997519612858e-172
3.324647198623025676e-173
3.662466497893338714e-174
4.029826074988327600e-175
4.431857851434269229e-176
4.875436021389992596e-177
5.369534204857413378e-178
5.925579732063805319e-179
6.557787577816389902e-180
7.283455396822258291e-181
8.123201123613734475e-182
9.101125813904739737e-183
1.024488690827178979e-183
1.158567096467729247e-184
1.315806019214932814e-185
1.499979387105979035e-186
1.715143399056500431e-187
1.965595414639757674e-188
2.255828180456030655e-189
2.590483617812257377e-190
2.974311669562476280e-191
3.412140959374964324e-192
3.908869147342058537e-193
4.469481737674816517e-194
5.099108558687634553e-195
5.803127054426413548e-196
6.587320815641789923e-197
7.458100468971460202e-198
8.422792400325495182e-199
9.489999506007053111e-200
1.067003877676971812e-200
1.197546628085118363e-201
1.342171796197163885e-202
1.502793963225350539e-203
1.681818455483446213e-204
1.882339473305290892e-205
2.108511290292787449e-206
2.366304983612748866e-207
2.665123206944347542e-208
3.021317464398129993e-209
3.465905002311460688e-210
4.061513842648064820e-211
4.939512828658370293e-212
6.381089747622461454e-213
8.993571008601404562e-214
1.409217305197157242e-214
2.452275918646229547e-215
4.642678875209058098e-216
9.300954225807361773e-217
1.925470759640191032e-217
4.053182837794185299e-218
8.592379115834531435e-219
1.824481657185092755e-219
3.869009993811162219e-220
8.181104621294237916e-221
1.723498008459293216e-221
3.615761070565944145e-222
7.552157653727788388e-223
1.570232734588859753e-223
3.249696603586392921e-224
6.693985771209780730e-225
1.372379873179088180e-225
2.800268337718351002e-226
5.686576556487883823e-227
1.149262692776053039e-227
2.311515021495195882e-228
4.626741458942378279e-229
9.216098304233981784e-230
1.826857359643006575e-230
3.603629999985845068e-231
7.073691233444020240e-232
1.381702916402307447e-232
2.685580746158726441e-233
5.194084206261638938e-234
9.995838330339244396e-235
1.914084596368875044e-235
3.646925310845768660e-236
6.913668939059716321e-237
1.304062357397439813e-237
2.447305979712935015e-238
4.569517509249511043e-239
8.488609896983658904e-240
1.568840956113500612e-240
2.884624556640935771e-241
5.276665872901113930e-242
9.602441354103693407e-243
1.738390400816694080e-243
3.130749547205061874e-244
5.608883721474309268e-245
9.995933273883614703e-246
1.772069402438451028e-246
3.124929327466788233e-247
5.481423505008254012e-248
9.563827910031797365e-249
1.659766136827134797e-249
2.865037260543029961e-250
4.918960271896850390e-251
8.399770503857161439e-252
1.426605689189031176e-252
2.409762432895829213e-253
4.048270622140860225e-254
6.763649847359090449e-255
1.123828834552454858e-255
1.857025486040335374e-256
3.051583932157400929e-257
4.986704343495754320e-258
8.103521871767711755e-259
1.309474021912693452e-259
2.104136046880537055e-260
3.361983030351957414e-261
5.341372513320982568e-262
8.437945272740224464e-263
1.325372098332162515e-263
2.069888628151474403e-264
3.214066663653283613e-265
4.961947873773033991e-266
7.616045965535261118e-267
1.162191086208140831e-267
1.763139554634462693e-268
2.659178547294315990e-269
3.987038440580654657e-270
5.942728247214819226e-271
8.805301032283179088e-272
1.296927666305379939e-272
1.898850562432036293e-273
2.763500438229619132e-274
3.997718334145282765e-275
5.748292925477679933e-276
8.215419242979866367e-277
1.167010493577295952e-277
1.647646293102216393e-278
2.311997508293330911e-279
3.224295226595122433e-280
4.468853992988092310e-281
6.155470785316663108e-282
8.425969768562329684e-283
1.146203562939936348e-283
1.549446271240273476e-284
2.081391726417324373e-285
2.778326235066647127e-286
3.685142601458684769e-287
4.856869993650137270e-288
6.360323600661833982e-289
8.275836084918051211e-290
1.069901543620418055e-290
1.374245410626581701e-291
1.753729287713805852e-292
2.223452076584140975e-293
2.800587074031277195e-294
3.504415183924427318e-295
4.356284351806193002e-296
5.379477002009658336e-297
6.598967377807110569e-298
8.041051974261563322e-299
9.732838932277522881e-300
1.170158650176073822e-300
1.397388657452282383e-301
1.657469682035101489e-302
1.952623398817381727e-303
2.284675116422890965e-304
2.654923275709314299e-305
3.064005209597353684e-306
3.511764703712818737e-307
3.997127802519532149e-308
4.517993975300282244e-309
5.071150102358207081e-310
5.652214685457648586e-311
6.255619166865607003e-312
6.874632223275461862e-313
7.501431382261987387e-314
8.127224322460568994e-315
8.742419864829081450e-316
9.336845658188835414e-317
9.900008360863563653e-318
1.042137607429399748e-318
1.089068903127859757e-319
1.129434066393089600e-320
1.161054267726929379e-321
1.136350985434867052e-322
0.000000000000000000e+00
0.000000000000000000e+00
0.000000000000000000e+00
0.000000000000000000e+00
0.000000000000000000e+00
0.000000000000000000e+00
0.000000000000000000e+00
0.000000000000000000e+00
0.000000000000000000e+00
0.000000000000000000e+00
0.000000000000000000e+00
0.000000000000000000e+00
0.000000000000000000e+00
0.000000000000000000e+00
0.000000000000000000e+00
0.000000000000000000e+00
0.000000000000000000e+00
0.000000000000000000e+00
0.000000000000000000e+00
0.000000000000000000e+00
0.000000000000000000e+00
0.000000000000000000e+00
0.000000000000000000e+00
0.000000000000000000e+00
0.000000000000000000e+00
0.000000000000000000e+00
0.000000000000000000e+00
0.000000000000000000e+00
0.000000000000000000e+00
0.000000000000000000e+00
0.000000000000000000e+00
0.000000000000000000e+00
0.000000000000000000e+00
0.000000000000000000e+00
0.000000000000000000e+00
0.000000000000000000e+00
0.000000000000000000e+00
0.000000000000000000e+00
0.000000000000000000e+00
0.000000000000000000e+00
0.000000000000000000e+00
0.000000000000000000e+00
0.000000000000000000e+00
0.000000000000000000e+00
0.000000000000000000e+00
0.000000000000000000e+00
0.000000000000000000e+00
0.000000000000000000e+00
0.000000000000000000e+00
0.000000000000000000e+00
0.000000000000000000e+00
0.000000000000000000e+00
0.000000000000000000e+00
0.000000000000000000e+00
0.000000000000000000e+00
0.000000000000000000e+00
0.000000000000000000e+00
0.000000000000000000e+00
0.000000000000000000e+00
0.000000000000000000e+00
0.000000000000000000e+00
0.000000000000000000e+00
0.000000000000000000e+00
0.000000000000000000e+00
0.000000000000000000e+00
0.000000000000000000e+00
0.000000000000000000e+00
0.000000000000000000e+00
0.000000000000000000e+00
0.000000000000000000e+00
0.000000000000000000e+00
0.000000000000000000e+00
0.000000000000000000e+00
0.000000000000000000e+00
0.000000000000000000e+00
0.000000000000000000e+00
0.000000000000000000e+00
0.000000000000000000e+00
0.000000000000000000e+00
0.000000000000000000e+00
0.000000000000000000e+00
0.000000000000000000e+00
0.000000000000000000e+00
0.000000000000000000e+00
0.000000000000000000e+00
0.000000000000000000e+00
0.000000000000000000e+00
0.000000000000000000e+00
0.000000000000000000e+00
0.000000000000000000e+00
0.000000000000000000e+00
0.000000000000000000e+00
0.000000000000000000e+00
0.000000000000000000e+00
0.000000000000000000e+00
0.000000000000000000e+00
0.000000000000000000e+00
0.000000000000000000e+00
0.000000000000000000e+00
0.000000000000000000e+00
0.000000000000000000e+00
0.000000000000000000e+00
0.000000000000000000e+00
0.000000000000000000e+00
0.000000000000000000e+00
0.000000000000000000e+00
0.000000000000000000e+00
0.000000000000000000e+00
0.000000000000000000e+00
0.000000000000000000e+00
0.000000000000000000e+00
0.000000000000000000e+00
0.000000000000000000e+00
0.000000000000000000e+00
0.000000000000000000e+00
0.000000000000000000e+00
0.000000000000000000e+00
0.000000000000000000e+00
0.000000000000000000e+00
0.000000000000000000e+00
0.000000000000000000e+00
0.000000000000000000e+00
0.000000000000000000e+00
0.000000000000000000e+00
0.000000000000000000e+00
0.000000000000000000e+00
0.000000000000000000e+00
0.000000000000000000e+00
0.000000000000000000e+00
0.000000000000000000e+00
0.000000000000000000e+00
0.000000000000000000e+00
0.000000000000000000e+00
0.000000000000000000e+00
0.000000000000000000e+00
0.000000000000000000e+00
0.000000000000000000e+00
0.000000000000000000e+00
0.000000000000000000e+00
0.000000000000000000e+00
0.000000000000000000e+00
0.000000000000000000e+00
0.000000000000000000e+00
0.000000000000000000e+00
0.000000000000000000e+00
0.000000000000000000e+00
0.000000000000000000e+00
0.000000000000000000e+00
0.000000000000000000e+00
0.000000000000000000e+00
0.000000000000000000e+00
0.000000000000000000e+00
0.000000000000000000e+00
0.000000000000000000e+00
0.000000000000000000e+00
0.000000000000000000e+00
0.000000000000000000e+00
0.000000000000000000e+00
0.000000000000000000e+00
0.000000000000000000e+00
0.000000000000000000e+00
0.000000000000000000e+00
0.000000000000000000e+00
0.000000000000000000e+00
0.000000000000000000e+00
0.000000000000000000e+00
0.000000000000000000e+00
0.000000000000000000e+00
0.000000000000000000e+00
0.000000000000000000e+00
0.000000000000000000e+00
0.000000000000000000e+00
0.000000000000000000e+00
0.000000000000000000e+00
0.000000000000000000e+00
0.000000000000000000e+00
0.000000000000000000e+00
0.000000000000000000e+00
0.000000000000000000e+00
0.000000000000000000e+00
0.000000000000000000e+00
0.000000000000000000e+00
0.000000000000000000e+00
0.000000000000000000e+00
0.000000000000000000e+00
0.000000000000000000e+00
0.000000000000000000e+00
0.000000000000000000e+00
0.000000000000000000e+00
0.000000000000000000e+00
0.000000000000000000e+00
0.000000000000000000e+00
0.000000000000000000e+00
0.000000000000000000e+00
0.000000000000000000e+00
0.000000000000000000e+00
0.000000000000000000e+00
0.000000000000000000e+00
0.000000000000000000e+00
0.000000000000000000e+00
0.000000000000000000e+00
0.000000000000000000e+00
0.000000000000000000e+00
0.000000000000000000e+00
0.000000000000000000e+00
0.000000000000000000e+00
0.000000000000000000e+00
0.000000000000000000e+00
0.000000000000000000e+00
0.000000000000000000e+00
0.000000000000000000e+00
0.000000000000000000e+00
0.000000000000000000e+00
0.000000000000000000e+00
0.000000000000000000e+00
0.000000000000000000e+00
0.000000000000000000e+00
0.000000000000000000e+00
0.000000000000000000e+00
0.000000000000000000e+00
0.000000000000000000e+00
0.000000000000000000e+00
0.000000000000000000e+00
0.000000000000000000e+00
0.000000000000000000e+00
0.000000000000000000e+00
0.000000000000000000e+00
0.000000000000000000e+00
0.000000000000000000e+00
0.000000000000000000e+00
0.000000000000000000e+00
0.000000000000000000e+00
0.000000000000000000e+00
0.000000000000000000e+00
0.000000000000000000e+00
0.000000000000000000e+00
0.000000000000000000e+00
0.000000000000000000e+00
0.000000000000000000e+00
0.000000000000000000e+00
0.000000000000000000e+00
0.000000000000000000e+00
0.000000000000000000e+00
0.000000000000000000e+00
0.000000000000000000e+00
0.000000000000000000e+00
0.000000000000000000e+00
0.000000000000000000e+00
0.000000000000000000e+00
0.000000000000000000e+00
0.000000000000000000e+00
0.000000000000000000e+00
0.000000000000000000e+00
0.000000000000000000e+00
0.000000000000000000e+00
0.000000000000000000e+00
0.000000000000000000e+00
0.000000000000000000e+00
0.000000000000000000e+00
0.000000000000000000e+00
0.000000000000000000e+00
0.000000000000000000e+00
0.000000000000000000e+00
0.000000000000000000e+00
0.000000000000000000e+00
0.000000000000000000e+00
0.000000000000000000e+00
0.000000000000000000e+00
0.000000000000000000e+00
0.000000000000000000e+00
0.000000000000000000e+00
0.000000000000000000e+00
0.000000000000000000e+00
0.000000000000000000e+00
0.000000000000000000e+00
0.000000000000000000e+00
0.000000000000000000e+00
0.000000000000000000e+00
0.000000000000000000e+00
0.000000000000000000e+00
0.000000000000000000e+00
0.000000000000000000e+00
0.000000000000000000e+00
0.000000000000000000e+00
0.000000000000000000e+00
0.000000000000000000e+00
0.000000000000000000e+00
0.000000000000000000e+00
0.000000000000000000e+00
0.000000000000000000e+00
0.000000000000000000e+00
0.000000000000000000e+00
0.000000000000000000e+00
0.000000000000000000e+00
0.000000000000000000e+00
0.000000000000000000e+00
0.000000000000000000e+00
0.000000000000000000e+00
0.000000000000000000e+00
0.000000000000000000e+00
0.000000000000000000e+00
0.000000000000000000e+00
0.000000000000000000e+00
0.000000000000000000e+00
0.000000000000000000e+00
0.000000000000000000e+00
0.000000000000000000e+00
0.000000000000000000e+00
0.000000000000000000e+00
0.000000000000000000e+00
0.000000000000000000e+00
0.000000000000000000e+00
0.000000000000000000e+00
0.000000000000000000e+00
0.000000000000000000e+00
0.000000000000000000e+00
0.000000000000000000e+00
0.000000000000000000e+00
0.000000000000000000e+00
0.000000000000000000e+00
0.000000000000000000e+00
0.000000000000000000e+00
0.000000000000000000e+00
0.000000000000000000e+00
0.000000000000000000e+00
0.000000000000000000e+00
0.000000000000000000e+00
0.000000000000000000e+00
0.000000000000000000e+00
0.000000000000000000e+00
0.000000000000000000e+00
0.000000000000000000e+00
0.000000000000000000e+00
0.000000000000000000e+00
0.000000000000000000e+00
0.000000000000000000e+00
0.000000000000000000e+00
0.000000000000000000e+00
0.000000000000000000e+00
0.000000000000000000e+00
0.000000000000000000e+00
0.000000000000000000e+00
0.000000000000000000e+00
0.000000000000000000e+00
0.000000000000000000e+00
0.000000000000000000e+00
0.000000000000000000e+00
0.000000000000000000e+00
0.000000000000000000e+00
0.000000000000000000e+00
0.000000000000000000e+00
0.000000000000000000e+00
0.000000000000000000e+00
0.000000000000000000e+00
0.000000000000000000e+00
0.000000000000000000e+00
0.000000000000000000e+00
0.000000000000000000e+00
0.000000000000000000e+00
0.000000000000000000e+00
0.000000000000000000e+00
0.000000000000000000e+00
0.000000000000000000e+00
0.000000000000000000e+00
0.000000000000000000e+00
0.000000000000000000e+00
0.000000000000000000e+00
0.000000000000000000e+00
0.000000000000000000e+00
0.000000000000000000e+00
0.000000000000000000e+00
0.000000000000000000e+00
0.000000000000000000e+00
0.000000000000000000e+00
0.000000000000000000e+00
0.000000000000000000e+00
0.000000000000000000e+00
0.000000000000000000e+00
0.000000000000000000e+00
0.000000000000000000e+00
0.000000000000000000e+00
0.000000000000000000e+00
0.000000000000000000e+00
0.000000000000000000e+00
0.000000000000000000e+00
0.000000000000000000e+00
0.000000000000000000e+00
0.000000000000000000e+00
0.000000000000000000e+00
0.000000000000000000e+00
0.000000000000000000e+00
0.000000000000000000e+00
0.000000000000000000e+00
0.000000000000000000e+00
0.000000000000000000e+00
0.000000000000000000e+00
0.000000000000000000e+00
0.000000000000000000e+00
0.000000000000000000e+00
0.000000000000000000e+00
0.000000000000000000e+00
0.000000000000000000e+00
0.000000000000000000e+00
0.000000000000000000e+00
0.000000000000000000e+00
0.000000000000000000e+00
0.000000000000000000e+00
0.000000000000000000e+00
0.000000000000000000e+00
0.000000000000000000e+00
0.000000000000000000e+00
0.000000000000000000e+00
0.000000000000000000e+00
0.000000000000000000e+00
0.000000000000000000e+00
0.000000000000000000e+00
0.000000000000000000e+00
0.000000000000000000e+00
0.000000000000000000e+00
0.000000000000000000e+00
0.000000000000000000e+00
0.000000000000000000e+00
0.000000000000000000e+00
0.000000000000000000e+00
0.000000000000000000e+00
0.000000000000000000e+00
0.000000000000000000e+00
0.000000000000000000e+00
0.000000000000000000e+00
0.000000000000000000e+00
0.000000000000000000e+00
0.000000000000000000e+00
0.000000000000000000e+00
0.000000000000000000e+00
0.000000000000000000e+00
0.000000000000000000e+00
0.000000000000000000e+00
0.000000000000000000e+00
0.000000000000000000e+00
0.000000000000000000e+00
0.000000000000000000e+00
0.000000000000000000e+00
0.000000000000000000e+00
0.000000000000000000e+00
0.000000000000000000e+00
0.000000000000000000e+00
0.000000000000000000e+00
0.000000000000000000e+00
0.000000000000000000e+00
0.000000000000000000e+00
0.000000000000000000e+00
0.000000000000000000e+00
0.000000000000000000e+00
0.000000000000000000e+00
0.000000000000000000e+00
0.000000000000000000e+00
0.000000000000000000e+00
0.000000000000000000e+00
0.000000000000000000e+00
0.000000000000000000e+00
0.000000000000000000e+00
0.000000000000000000e+00
0.000000000000000000e+00
0.000000000000000000e+00
0.000000000000000000e+00
0.000000000000000000e+00
0.000000000000000000e+00
0.000000000000000000e+00
0.000000000000000000e+00
0.000000000000000000e+00
0.000000000000000000e+00
0.000000000000000000e+00
0.000000000000000000e+00
0.000000000000000000e+00
0.000000000000000000e+00
0.000000000000000000e+00
0.000000000000000000e+00
0.000000000000000000e+00
0.000000000000000000e+00
0.000000000000000000e+00
0.000000000000000000e+00
0.000000000000000000e+00
0.000000000000000000e+00
0.000000000000000000e+00
0.000000000000000000e+00
0.000000000000000000e+00
0.000000000000000000e+00
0.000000000000000000e+00
0.000000000000000000e+00
0.000000000000000000e+00
0.000000000000000000e+00
0.000000000000000000e+00
0.000000000000000000e+00
0.000000000000000000e+00
0.000000000000000000e+00
0.000000000000000000e+00
0.000000000000000000e+00
0.000000000000000000e+00
0.000000000000000000e+00
0.000000000000000000e+00
0.000000000000000000e+00
0.000000000000000000e+00
0.000000000000000000e+00
0.000000000000000000e+00
0.000000000000000000e+00
0.000000000000000000e+00
0.000000000000000000e+00
0.000000000000000000e+00
0.000000000000000000e+00
0.000000000000000000e+00
0.000000000000000000e+00
