2.140378214666392720e-01
2.800820244796103919e-02
9.698755565918436988e-03
6.459121425487532320e-03
6.095524361318093234e-03
6.352929864188294924e-03
6.717625618496503651e-03
7.075233929172218550e-03
7.406813666906208148e-03
7.713655004184592594e-03
7.999619721575390932e-03
8.267760815270655539e-03
8.520089003924922674e-03
8.757843974587573369e-03
8.981746903972610829e-03
9.192175945717357202e-03
9.389284091635606566e-03
9.573080397256242963e-03
9.743487980574011206e-03
9.900386589464734571e-03
1.004364428561115193e-02
1.017314101410059408e-02
1.028878585513105966e-02
1.039052921299134236e-02
1.047837088722179157e-02
1.055236478412417689e-02
1.061262090527567009e-02
1.065930516182939797e-02
1.069263749243965812e-02
1.071288870028709594e-02
1.072037636719109545e-02
1.071546014893550933e-02
1.069853670563420192e-02
1.067003447460931551e-02
1.063040845129695385e-02
1.058013510645169214e-02
1.051970753551835849e-02
1.044963090841589254e-02
1.037041826489712958e-02
1.028258668176837594e-02
1.018665382314894348e-02
1.008313487316511541e-02
9.972539841540915828e-03
9.855371226025366749e-03
9.732122011063477560e-03
9.603273979203751781e-03
9.469296310111910420e-03
9.330644441437659781e-03
9.187759165926928651e-03
9.041065939880382762e-03
8.890974379169512901e-03
8.737877920402264617e-03
8.582153626376952393e-03
8.424162116596137923e-03
8.264247605267909316e-03
8.102738030857030427e-03
7.939945262829789518e-03
7.776165372739211705e-03
7.611678958210506794e-03
7.446751509699334540e-03
7.281633811105268049e-03
7.116562366429557591e-03
6.951759845672387216e-03
6.787435544073534138e-03
6.623785849620162508e-03
6.460994714477070675e-03
6.299234126650910155e-03
6.138664578781434511e-03
5.979435531469515924e-03
5.821685869009073956e-03
5.665544345791289488e-03
5.511130022004288517e-03
5.358552687560688872e-03
5.207913273455206174e-03
5.059304249989677107e-03
4.912810011505320228e-03
4.768507247436114954e-03
4.626465299645916331e-03
4.486746506137553533e-03
4.349406531326892311e-03
4.214494683161481431e-03
4.082054217433704613e-03
3.952122629693393535e-03
3.824731935207153089e-03
3.699908937442421449e-03
3.577675485574587696e-03
3.458048721526686079e-03
3.341041317054825859e-03
3.226661701389126925e-03
3.114914279930983652e-03
3.005799644493406531e-03
2.899314775553175991e-03
2.795453236962783857e-03
2.694205363545674765e-03
2.595558441973714551e-03
2.499496885298128565e-03
2.406002401478154508e-03
2.315054156223651620e-03
2.226628930440318135e-03
2.140701272538990136e-03
2.057243645844213879e-03
1.976226571312175283e-03
1.897618765743875431e-03
1.821387275657424020e-03
1.747497606961931869e-03
1.675913850556733347e-03
1.606598803961995382e-03
1.539514089071093023e-03
1.474620266101165462e-03
1.411876943806231362e-03
1.351242886006391846e-03
1.292676114478058741e-03
1.236134008242496156e-03
1.181573399284374225e-03
1.128950664727085100e-03
1.078221815488693584e-03
1.029342581439916544e-03
9.822684930846604587e-04
9.369549597834056802e-04
8.933573445403371295e-04
8.514310353767042113e-04
8.111315133146999737e-04
7.724144169988843376e-04
7.352356039850381888e-04
6.995512087297404936e-04
6.653176973175442153e-04
6.324919189664077439e-04
6.010311543559448272e-04
5.708931608271084097e-04
5.420362145057399652e-04
5.144191494065611337e-04
4.880013935778181283e-04
4.627430023506171487e-04
4.386046887604830996e-04
4.155478512120174277e-04
3.935345984606347441e-04
3.725277719882662741e-04
3.524909658524793296e-04
3.333885440909029204e-04
3.151856557648179341e-04
2.978482477276104233e-04
2.813430752052908674e-04
2.656377102774588016e-04
2.507005483480465708e-04
2.365008126957951571e-04
2.230085571948157758e-04
2.101946672956431130e-04
1.980308593570731860e-04
1.864896784186556946e-04
1.755444945030260094e-04
1.651694975364765400e-04
1.553396909749813859e-04
1.460308842216656230e-04
1.372196839202388847e-04
1.288834842072150331e-04
1.210004560039811710e-04
1.135495354278338853e-04
1.065104113989492446e-04
9.986351251813536955e-05
9.358999328787183576e-05
8.767171974672740881e-05
8.209125458479817267e-05
7.683184180527758127e-05
7.187739099464757783e-05
6.721246126135008527e-05
6.282224490018775112e-05
5.869255083692638493e-05
5.480978790496980710e-05
5.116094800323373260e-05
4.773358918169647822e-05
4.451581869841001962e-05
4.149627608915844963e-05
3.866411628833813164e-05
3.600899283705041843e-05
3.352104121193872114e-05
3.119086230579242195e-05
2.900950608859173880e-05
2.696845547528125027e-05
2.505961042434498410e-05
2.327527228903076965e-05
2.160812844093659788e-05
2.005123718368062938e-05
1.859801297234183932e-05
1.724221195254355460e-05
1.597791783117882977e-05
1.479952808912662726e-05
1.370174054462574659e-05
1.267954027441912936e-05
1.172818689835462677e-05
1.084320223170630345e-05
1.002035830816049134e-05
9.255665775258474859e-06
8.545362662866456933e-06
7.885903524216795367e-06
7.273948948087277465e-06
6.706355439748814923e-06
6.180165667460597673e-06
5.692599070585537513e-06
5.241042824613261812e-06
4.823043157793765571e-06
4.436297013501023645e-06
4.078644051937966199e-06
3.748058984317242671e-06
3.442644232284083224e-06
3.160622904983011740e-06
2.900332085874034899e-06
2.660216421163368642e-06
2.438822001500127139e-06
2.234790528436561335e-06
2.046853757021892107e-06
1.873828205806643337e-06
1.714610125497966702e-06
1.568170717473977879e-06
1.433551593369305283e-06
1.309860467004944136e-06
1.196267069959607186e-06
1.091999282198189431e-06
9.963394692533554090e-07
9.086210175882420176e-07
8.282250599049885516e-07
7.545773823240129230e-07
6.871455055101657822e-07
6.254359320119792505e-07
5.689915522762365354e-07
5.173892019691416565e-07
4.702373634671040716e-07
4.271740045712560649e-07
3.878645477114055127e-07
3.519999631482248897e-07
3.192949798538846543e-07
2.894864080168526998e-07
2.623315673125065197e-07
2.376068152947898412e-07
2.151061705165590743e-07
1.946400251489496445e-07
1.760339421444142483e-07
1.591275321398478563e-07
1.437734055673376518e-07
1.298361955569482417e-07
1.171916475310039072e-07
1.057257714608322253e-07
9.533405303563604481e-08
8.592072014620963496e-08
7.739806123709823216e-08
6.968579232524310822e-08
6.271046956650887431e-08
5.640494447239843054e-08
5.070785901714986076e-08
4.556317801883438598e-08
4.091975633967119031e-08
3.673093855233403163e-08
3.295418891325774726e-08
2.955074955252865783e-08
2.648532492910010601e-08
2.372579075267639131e-08
2.124292561262831807e-08
1.901016373702658984e-08
1.700336734088930097e-08
1.520061716501797801e-08
1.358201986269298492e-08
1.212953100947550725e-08
1.082679255195747741e-08
9.658983638652198277e-09
8.612683795782719789e-09
7.675747525652309385e-09
6.837189439243688531e-09
6.087079095234632919e-09
5.416444815124132934e-09
4.817185732574045644e-09
4.281991443161966361e-09
3.804268642031857791e-09
3.378074168894830313e-09
2.998053971598893085e-09
2.659387460147095576e-09
2.357736843312297270e-09
2.089201006649141315e-09
1.850273564703976999e-09
1.637804727817925511e-09
1.448966659285443773e-09
1.281222025007698230e-09
1.132295459501975386e-09
1.000147689905337815e-09
8.829520936094762638e-10
7.790734626681829273e-10
6.870487917480508108e-10
6.055698962432009234e-10
5.334677064708293188e-10
4.696980730484032586e-10
4.133289632356697131e-10
3.635288998041421347e-10
3.195565449672696994e-10
2.807513058972371853e-10
2.465248904012145575e-10
2.163536904336358187e-10
1.897719444911800468e-10
1.663655879293163074e-10
1.457667253781171253e-10
1.276486806638060379e-10
1.117215399494294604e-10
9.772816915414327610e-11
8.544064184715790919e-11
7.465703559086403430e-11
6.519857451380421575e-11
5.690706666308053525e-11
4.964261399665917839e-11
4.328157417783638910e-11
3.771473221433826114e-11
3.284567532027156297e-11
2.858934219696199168e-11
2.487073002679730939e-11
2.162374539371914248e-11
1.879017994773943109e-11
1.631879859442170347e-11
1.416453245842953936e-11
1.228776092832057709e-11
1.065367242681989062e-11
9.231697223334992002e-12
7.995010361127249835e-12
6.920083299630653376e-12
5.986294597970194259e-12
5.175578567669542002e-12
4.472119123113845270e-12
3.862078342991606737e-12
3.333355364078408833e-12
2.875375908438977659e-12
2.478903770775906910e-12
2.135877872616108255e-12
1.839264902862373673e-12
1.582934211963862976e-12
1.361545344522763526e-12
1.170445369387905167e-12
1.005587476411711666e-12
8.634515849669934614e-13
7.409754177462421963e-13
6.355050145321926648e-13
5.447301914065433570e-13
4.666509735278633652e-13
3.995301762123568458e-13
3.418644755670039641e-13
2.923508162841530152e-13
2.498620954542705028e-13
2.134233340306111922e-13
1.821917129006740993e-13
1.554386355027519517e-13
1.325361367726511365e-13
1.129413620780803074e-13
9.618714100377289639e-14
8.186902850341401694e-14
6.964138764109317487e-14
5.920517735411471095e-14
5.030216759746418327e-14
4.271319706672747254e-14
3.624653538111261488e-14
3.074128444464024318e-14
2.605658259963130041e-14
2.207229293259311185e-14
1.868602203125740514e-14
1.580988201769154378e-14
1.336817822940577055e-14
1.129685941010782036e-14
9.540441316494129209e-15
8.052413395847016923e-15
6.792054797629139606e-15
5.725663343564894208e-15
4.823827599310466712e-15
4.061770717907872643e-15
3.417533765462161115e-15
2.873493845220240672e-15
2.415296604568402604e-15
2.028621236246764281e-15
1.702607781673536734e-15
1.428128905725115023e-15
1.197290793706864722e-15
1.002631547190485101e-15
8.395128768008801902e-16
7.024062167382723595e-16
5.873663256582101448e-16
4.906284493714918666e-16
4.097302212820881139e-16
3.421502514785299004e-16
2.855035578365479860e-16
2.378456081885237259e-16
1.977477467303535967e-16
1.642676728390517070e-16
1.366524478685645564e-16
1.135922445748184210e-16
9.466415077885780250e-17
7.832824249270263349e-17
6.482347240509320663e-17
5.360801566693974417e-17
4.437246614794956994e-17
3.692392699287570659e-17
3.044767758668487379e-17
2.548460717289804542e-17
2.103434209905425032e-17
1.733399528707479236e-17
1.428797875352659087e-17
1.179529188857155594e-17
9.738356809949246881e-18
7.898303606836028290e-18
6.484473608993832370e-18
5.251679215555850035e-18
4.499646606586418845e-18
3.715248559864898700e-18
3.063056691166689579e-18
2.559735385409843374e-18
2.089179762958091049e-18
1.787930822221656803e-18
1.494157998180037036e-18
1.114247176193221005e-18
9.646077760174720948e-19
9.745271341195257145e-19
7.650170151168541419e-19
5.015022955385612924e-19
4.944964293880073926e-19
4.980205252799987083e-19
4.847403236390228523e-19
3.036232204575595768e-19
1.705592458801696519e-19
2.674067781246782418e-19
2.546614213993366760e-19
1.651803089857200258e-19
2.749107137976858343e-19
2.471357693314864708e-19
3.043091825185691822e-19
1.675183763480142287e-19
1.748427705599049756e-19
1.000914756696131035e-19
0.000000000000000000e+00
1.064534399179937083e-19
1.827958810751553118e-19
1.231070979261339833e-19
2.867818566213838557e-19
2.771549137370198865e-19
3.235636828939234382e-20
2.401727802346955990e-19
1.995336126655359438e-19
1.939064869110712166e-19
8.874189754211415629e-20
2.453055606691045743e-19
2.013465241752517477e-19
2.307102515077750748e-19
9.610682147684511138e-20
7.476804661335090029e-20
2.101651635326371374e-19
1.621120284657168447e-19
2.599472436347063021e-19
1.370005891281105609e-19
1.890516224828838974e-19
0.000000000000000000e+00
1.737112779201948577e-19
8.906941412961498983e-20
3.542263325230348801e-19
1.869653536858661709e-19
2.314608825837229220e-20
0.000000000000000000e+00
1.721186961806559358e-19
0.000000000000000000e+00
1.376997808000873893e-19
1.464372076528748880e-19
2.212686468994643457e-19
2.355236440463857319e-20
6.754125448431684384e-20
6.822513526140758749e-20
1.368509288458170803e-19
2.860180178350660015e-19
2.043355212629934280e-19
0.000000000000000000e+00
2.390363376363149020e-19
2.322742405452682072e-19
8.773152804245128398e-20
1.055684076728616306e-19
2.130254503140648394e-19
2.976397606044651892e-19
2.066722553743684839e-19
5.561727090047670660e-20
3.185382912402947991e-20
1.326892576612001792e-19
1.458294150107969712e-19
0.000000000000000000e+00
1.667433957652161652e-19
7.968951935927975949e-20
6.634802125139734887e-20
6.317123009607194647e-20
1.312957605324739023e-19
0.000000000000000000e+00
1.262665803329342826e-19
6.761967837864151599e-20
0.000000000000000000e+00
1.221387384924714089e-19
1.683170431303075054e-19
2.798840293785161866e-19
2.209820925781111553e-19
7.878484499699602898e-20
3.730589339601652019e-19
9.995822108440428208e-20
6.420894972076491677e-20
1.277889580377120138e-19
0.000000000000000000e+00
0.000000000000000000e+00
5.034842666386175890e-20
8.693780969626479558e-20
0.000000000000000000e+00
1.175721249451527756e-19
3.373975566565017872e-19
1.931307288918860676e-19
2.111887569357450619e-19
3.936985529152055338e-21
5.096803409148397678e-20
5.100539221151434901e-20
1.896444320314847440e-19
6.806029416055217134e-20
5.250808916949311119e-20
1.191046236513106800e-19
0.000000000000000000e+00
0.000000000000000000e+00
3.572073184095891705e-19
5.138818707527702671e-20
0.000000000000000000e+00
4.343340664498933737e-20
1.141766800939884564e-19
5.277307514020759069e-20
1.842751066586904557e-19
9.580313707090946203e-20
0.000000000000000000e+00
0.000000000000000000e+00
0.000000000000000000e+00
0.000000000000000000e+00
0.000000000000000000e+00
1.046737025032829507e-19
4.450673430042872201e-20
3.672427832697647857e-20
0.000000000000000000e+00
1.362305263040616486e-19
4.561116152831199687e-20
3.419264560860563106e-20
1.014936329075903254e-19
1.404292704179627187e-19
7.918076844905602369e-20
2.734444139065006219e-21
4.129814027875092818e-19
1.464201755844776171e-19
1.178502178920181450e-19
2.187748860499281851e-19
1.966408106000939790e-19
5.589345013391911280e-20
3.987228404948251437e-20
7.213525434471907422e-20
4.154991682763167410e-20
3.706408398019100415e-20
1.406130445718494557e-19
1.179934541834235811e-19
2.203172806911064774e-19
5.835839451156943909e-20
1.800286260519121626e-19
1.237246955574216495e-19
4.846989679467998915e-20
3.972964794138535783e-20
3.794603636485620794e-20
3.708785900908491080e-20
2.456861492728551460e-19
1.645001260718982976e-19
5.287824416744622868e-20
3.190553892708281882e-19
6.953287883135557622e-20
7.878654176045995841e-20
2.889621695357159600e-19
1.374866206340546124e-19
2.273906219085190088e-19
2.027318998691839152e-19
0.000000000000000000e+00
1.123804995450711148e-19
1.554008529194103679e-19
0.000000000000000000e+00
1.817839584644365526e-19
3.021897206588944973e-19
3.741890215708188854e-20
0.000000000000000000e+00
1.116279869322870086e-19
4.744118875707919010e-20
2.525763559567743780e-19
3.437120245828753736e-19
6.434492561287522126e-21
0.000000000000000000e+00
1.118108496769604565e-19
8.526922377638657602e-20
2.228623679955104752e-19
9.688755230724874276e-20
5.048863823937234669e-20
7.902272166516922888e-20
4.687012303446975209e-20
1.819096607962621640e-19
5.219982825499102601e-20
0.000000000000000000e+00
1.078112337605981789e-19
1.502334715415113865e-19
0.000000000000000000e+00
0.000000000000000000e+00
1.048305805999134688e-19
0.000000000000000000e+00
1.735168523734451112e-19
4.778478020691213589e-20
0.000000000000000000e+00
0.000000000000000000e+00
0.000000000000000000e+00
0.000000000000000000e+00
0.000000000000000000e+00
9.635063145289554634e-20
3.337649096435454962e-20
2.707320840177858050e-20
1.649438408217661901e-19
3.790070714240778939e-20
0.000000000000000000e+00
1.277442284991499531e-19
3.330534764310228358e-20
2.441491902331732226e-20
1.272770721274685024e-19
1.716200222942068388e-19
3.652408619666224905e-20
0.000000000000000000e+00
2.138962741892059678e-20
1.957924809774795617e-19
1.768435533086919675e-19
0.000000000000000000e+00
9.221964911423842049e-20
2.830434753703315160e-20
3.716303766993231123e-19
5.368977943912089205e-20
2.724791589485382747e-19
1.224574559914408807e-20
0.000000000000000000e+00
2.339701671793062935e-19
0.000000000000000000e+00
2.691434857243793199e-20
1.309439060602268354e-19
1.051628472435623386e-19
1.033272506586798699e-19
1.730462718449590422e-19
3.887040090729383633e-19
2.691174747170749668e-19
5.263393988787504068e-20
0.000000000000000000e+00
0.000000000000000000e+00
3.090707988949399641e-19
1.594468164358812432e-19
1.147977798947680999e-19
3.201377735336580449e-19
0.000000000000000000e+00
2.106007005485869317e-19
8.510801616646404081e-20
2.159469656628703964e-19
0.000000000000000000e+00
1.063801148216175746e-19
7.691386802362142857e-20
4.019062831084054162e-20
0.000000000000000000e+00
3.329473898268401042e-20
3.125891923669514147e-19
1.949436596311337328e-19
0.000000000000000000e+00
0.000000000000000000e+00
1.716901525068398714e-19
0.000000000000000000e+00
0.000000000000000000e+00
2.395254230995758267e-19
1.836936867934363280e-19
0.000000000000000000e+00
1.002592664123245150e-19
1.748202327247980242e-19
1.107410064315751417e-19
0.000000000000000000e+00
0.000000000000000000e+00
2.735074137419855422e-20
3.063993538198891844e-19
4.775635370440567944e-20
1.349408762676928094e-19
3.571775833827125837e-20
2.822040707480681262e-20
6.150706198145904891e-20
2.875644932778546729e-20
6.031957977191892380e-20
6.222696422025775049e-20
1.317439061257599265e-19
1.012815048126212804e-19
0.000000000000000000e+00
0.000000000000000000e+00
2.122484386289782224e-20
2.095075705170219970e-20
8.992675549841063211e-20
2.336592073564851057e-19
6.945261799807064229e-20
2.471326883318725395e-20
1.599311801192723496e-19
2.035666043808966971e-19
0.000000000000000000e+00
2.094736155858866892e-20
5.493676125964489341e-20
1.269399182499274485e-19
9.665809843747852474e-20
9.283065750757945437e-20
9.410222410782771892e-20
0.000000000000000000e+00
0.000000000000000000e+00
8.754307950788826362e-20
1.269616676730755583e-19
2.529305260536131692e-20
5.355413915673208351e-20
2.014441473981593137e-20
3.313435331756237239e-19
3.712331827370253230e-20
0.000000000000000000e+00
1.571884156446397787e-19
2.357842244133053635e-19
3.030636412662501420e-20
2.027225418715116808e-20
2.630046804303147916e-19
0.000000000000000000e+00
0.000000000000000000e+00
3.324345634256149672e-19
7.289664568632868263e-20
2.487494088839419911e-20
1.952393973915179073e-19
2.052235862810349654e-19
1.722055653274051171e-19
3.141942329201744802e-20
2.334247738509472108e-20
1.266987100241064268e-19
2.372587215683419002e-19
2.441717858283942098e-19
2.807532593130214763e-19
2.840400243649632826e-19
0.000000000000000000e+00
2.711596222951377340e-20
2.007404960077866298e-19
0.000000000000000000e+00
3.402035547771503668e-19
0.000000000000000000e+00
1.671045741257310123e-19
0.000000000000000000e+00
2.356188083423380993e-19
2.816857487437037020e-19
1.808391154500238071e-19
0.000000000000000000e+00
1.672394965797489215e-19
1.044388754280994788e-19
1.712596264585940148e-19
3.140572283907670726e-19
1.476716597221932166e-19
1.752532418723247765e-19
3.658822143770994850e-20
2.933585687532191668e-20
2.778298579876878191e-20
2.672821561928754239e-20
1.303540249724695038e-19
0.000000000000000000e+00
1.286607253000544233e-19
2.865210123150030026e-20
2.325720473276487774e-19
0.000000000000000000e+00
0.000000000000000000e+00
1.251890717897702105e-19
2.534381712745345516e-20
8.995494529672547228e-20
0.000000000000000000e+00
5.294760627240292769e-20
1.931388004640962214e-20
1.677820143181460708e-20
5.060399929125653250e-20
1.683067999048073624e-20
2.586525368118604742e-19
0.000000000000000000e+00
1.479230900617176805e-20
0.000000000000000000e+00
2.917307953549690534e-19
0.000000000000000000e+00
4.889180238647095922e-20
1.195058866868726374e-19
2.270599334944334618e-19
0.000000000000000000e+00
1.885050106950672228e-19
1.607662546433871030e-19
2.302239227528999528e-19
0.000000000000000000e+00
1.204351847396582705e-19
1.981015862869091622e-20
5.052510136571329583e-20
0.000000000000000000e+00
1.420215701172374235e-20
3.975804937548535514e-19
2.956590353624514884e-20
8.627492855816936894e-20
1.774049003057468691e-20
0.000000000000000000e+00
4.857614221478467652e-20
0.000000000000000000e+00
2.569827129847625317e-19
2.219999375953607155e-20
8.376516063087871078e-20
2.248761209466338717e-19
2.653721659479545755e-19
2.377518416263164888e-20
5.019141564033242106e-20
8.553603031059714937e-20
1.551202339345857564e-20
0.000000000000000000e+00
1.257239233683934387e-20
1.210931141429309218e-20
1.859211025026278953e-19
5.231176046207006111e-20
1.529271336440913956e-19
8.608829811924188998e-20
1.189236542831782354e-19
1.541520199840670619e-20
2.559103029137280886e-19
1.941648747875722402e-19
1.882565451004369868e-20
1.177169585342378730e-19
2.601919696960101363e-19
0.000000000000000000e+00
4.841443435215886045e-20
8.398723921704457542e-20
1.489106805505742325e-20
3.264797732125703505e-19
0.000000000000000000e+00
0.000000000000000000e+00
1.214522624674962036e-20
1.166534947478667724e-20
0.000000000000000000e+00
1.846580027887272616e-19
1.548937407064208487e-19
0.000000000000000000e+00
8.021610397743362208e-20
0.000000000000000000e+00
9.511939560502843349e-21
0.000000000000000000e+00
4.311347512168852044e-20
0.000000000000000000e+00
1.120591018373346675e-19
1.009273104602559112e-20
0.000000000000000000e+00
1.110711709500465245e-19
9.127635213476281199e-21
6.362210086817401341e-21
7.553623619103918228e-20
0.000000000000000000e+00
1.098294859012550523e-19
7.771795475776099923e-21
1.447721296910002753e-19
0.000000000000000000e+00
0.000000000000000000e+00
2.490092079431785728e-19
1.099276662370133198e-20
1.455511601891349994e-19
1.477494337383252030e-19
1.141034280988892776e-19
0.000000000000000000e+00
1.810202404637494773e-19
1.060205680490076898e-20
0.000000000000000000e+00
7.622721566762467147e-20
7.823663760166766673e-21
0.000000000000000000e+00
5.660110012911208516e-21
5.299883645422880371e-21
1.793623043542937360e-19
1.481248645416068736e-19
1.480140381434328187e-19
0.000000000000000000e+00
2.152879444617701805e-19
0.000000000000000000e+00
0.000000000000000000e+00
5.818960876948800829e-21
1.799697515171081402e-19
8.846769019787783338e-21
0.000000000000000000e+00
0.000000000000000000e+00
0.000000000000000000e+00
1.439379411780157047e-19
0.000000000000000000e+00
4.385694994867553466e-21
3.949707852335049273e-21
3.601970568703512844e-21
1.777383473255245831e-19
6.200655070464291126e-21
7.342827864131584633e-20
2.487383408464568790e-19
1.821780055492718507e-19
4.237689132500605914e-20
7.543155953121748358e-20
5.956914791874583582e-21
1.095130028188943536e-19
1.458317531359004444e-19
6.970210829661369630e-21
1.445758591834673248e-19
4.164638138307425447e-20
5.547032707992526880e-21
3.186706255313360292e-19
4.277003479582957114e-19
2.209898707354573334e-19
0.000000000000000000e+00
7.232617256119173079e-21
7.651621590200658962e-20
2.165558629147150048e-19
4.374852597196785909e-20
1.814125656481996782e-19
1.129063710943994293e-19
4.242890385673235831e-20
2.856694676738605738e-19
0.000000000000000000e+00
1.107625551013253045e-19
0.000000000000000000e+00
4.015746070869227794e-20
5.150435270312822146e-21
0.000000000000000000e+00
1.432692931471927551e-19
0.000000000000000000e+00
1.777277405971223735e-19
2.139802330006110582e-19
2.145741153775517547e-19
2.498168968566776179e-19
3.551851612569567113e-19
0.000000000000000000e+00
5.158901121656023068e-21
3.186634009318851447e-19
0.000000000000000000e+00
1.790926776837791191e-19
5.449962060462557646e-21
4.052638870544268384e-21
7.323817766628443591e-20
2.823693182178115532e-19
1.089759543925359378e-19
0.000000000000000000e+00
1.073778721663461893e-19
0.000000000000000000e+00
2.115314868094993398e-19
1.077105402089763715e-19
2.817883362376630821e-19
3.485951836839815483e-21
0.000000000000000000e+00
0.000000000000000000e+00
1.411157668877833427e-19
1.820249223581528985e-21
1.407906103235829841e-19
7.127896129431283899e-20
3.614401905487203776e-20
0.000000000000000000e+00
3.560935727678901485e-20
3.551035695926394416e-20
2.447633087247899935e-19
9.489844962155393859e-22
2.099184748393519240e-19
2.799220189976856424e-19
1.404419590090679163e-19
1.401368670977680850e-19
2.175369095763872429e-22
1.897361182188104359e-23
1.318982735083864709e-24
1.254393438597583111e-25
1.529508859586397576e-26
1.955024800948025907e-27
2.414363271000448430e-28
2.940806201551421254e-29
3.438395071764848245e-30
3.937076067119086641e-31
4.592515691177199794e-32
5.432260223117938416e-33
6.312619356426930799e-34
7.047364909688804850e-35
7.538099281317443131e-36
7.877070460953694267e-37
8.355159466203744846e-38
9.241277137911971404e-39
1.059843409586929304e-39
1.226952906894465675e-40
1.398166075486747559e-41
1.548780848032691992e-42
1.664081278158147341e-43
1.740032826386314878e-44
1.781765562733965956e-45
1.801787196441450989e-46
1.817348012087344002e-47
1.847252317577444967e-48
1.909729602850997035e-49
2.021747230176827931e-50
2.197984178228607477e-51
2.447975517338837674e-52
2.772644757633276177e-53
3.163191825357728250e-54
3.603912263521037907e-55
4.077496540894157542e-56
4.569741892329600362e-57
5.071701343913875191e-58
5.579855150351171185e-59
6.096686126561593718e-60
6.633713191962215862e-61
7.216881149558116382e-62
7.891764719266040892e-63
8.725026269959812610e-64
9.799717734821910502e-65
1.120466490050771534e-65
1.302074448892134510e-66
1.530801193672678992e-67
1.809707353873918130e-68
2.138654741240909031e-69
2.514691697184566645e-70
2.933007507688248658e-71
3.388326897814161549e-72
3.876558107065748146e-73
4.396431392710907561e-74
4.950792152482741870e-75
5.547198252764494556e-76
6.197563910518624987e-77
6.916801525206085582e-78
7.720691227423690503e-79
8.623467213979141263e-80
9.635759400512374372e-81
1.076351896031833445e-81
1.200840111264046213e-82
1.336984240656431392e-83
1.484882480529011960e-84
1.645310154874910173e-85
1.820345682585810519e-86
2.014034644684524126e-87
2.233001046351978895e-88
2.486891554632582640e-89
2.788528816534255051e-90
3.153666036186853704e-91
3.600282733800216866e-92
4.147435918700746928e-93
4.813765858497539487e-94
5.615829778874365808e-95
6.566481003414102695e-96
7.673514862845030824e-97
8.938767230572033783e-98
1.035778751728535574e-98
1.192013117177261803e-99
1.361024290599683002e-100
1.540884293064103620e-101
1.729469103481671494e-102
1.924658875586189901e-103
2.124548542385246918e-104
2.327657402758398960e-105
2.533129083895895076e-106
2.740916210868451617e-107
2.951946751508874080e-108
3.168271229270581273e-109
3.393192028606684887e-110
3.631378251835400661e-111
3.888972311229585920e-112
4.173697538411856468e-113
4.494978876822297665e-114
4.864090002729392241e-115
5.294338625598708882e-116
5.801296174310936946e-117
6.403068270314139095e-118
7.120589065891035282e-119
7.977907480134743862e-120
9.002419118776303499e-121
1.022498689783613879e-121
1.167988829998338522e-122
1.340452897646309429e-123
1.543887110173121376e-124
1.782453963893776741e-125
2.060358940335932291e-126
2.381694001817680850e-127
2.750251518820968808e-128
3.169315891924609623e-129
3.641444638961611525e-130
4.168256189450078282e-131
4.750247844153132567e-132
5.386673682859907349e-133
6.075517579151568670e-134
6.813599561434266726e-135
7.596853178495710086e-136
8.420806225818435594e-137
9.281286707460408316e-138
1.017536055944313600e-138
1.110248851786462681e-139
1.206586823239108498e-140
1.307390624680425626e-141
1.414174472154084047e-142
1.529275144898782002e-143
1.655987017503590975e-144
1.798672257259641578e-145
1.962835433060641769e-146
2.155152656975870723e-147
2.383447093464791831e-148
2.656605275898289952e-149
2.984432164434063098e-150
3.377447176108543417e-151
3.846628317764017401e-152
4.403116735320890286e-153
5.057899035714567514e-154
5.821489156422602222e-155
6.703634869198031684e-156
7.713075799856879816e-157
8.857379857344345751e-158
1.014288312221866938e-158
1.157475470426588832e-159
1.315720322645077182e-160
1.489383600658362008e-161
1.678817638961236603e-162
1.884433974831396525e-163
2.106786501640671885e-164
2.346669658352582075e-165
2.605231092014028926e-166
2.884098291410445755e-167
3.185518766292302490e-168
3.512513316835431609e-169
3.869041680501984499e-170
4.260179272953110300e-171
4.692302848299647530e-172
5.173281796007403725e-173
5.712670700366294914e-174
6.321898064380228862e-175
7.014446166160121122e-176
7.806018288882819830e-177
8.714692353397868912e-178
9.761064379025583746e-179
1.096839099366583860e-179
1.236274685240785266e-180
1.397321941842298011e-181
1.583216898442844324e-182
1.797558485343447526e-183
2.044356814869314548e-184
2.328096699420373669e-185
2.653818049876933847e-186
3.027213438851572511e-187
3.454741418292059447e-188
3.943752295163467099e-189
4.502621174435977428e-190
5.140881371608685672e-191
5.869349964216828036e-192
6.700236450322360049e-193
7.647225327171950006e-194
8.725523966657379680e-195
9.951868482817694975e-196
1.134448237994118727e-196
1.292298566139118504e-197
1.470825581548111516e-198
1.672224675427479450e-199
1.898777746905091139e-200
2.152830898796739571e-201
2.436773623804067403e-202
2.753023057981822093e-203
3.104017887983435109e-204
3.492227555714075136e-205
3.920183435093122068e-206
4.390539558505816733e-207
4.906171118242896001e-208
5.470319217946795304e-209
6.086790055855358276e-210
6.760215755850181233e-211
7.496382328959735993e-212
8.302627705246499561e-213
9.188309450890868284e-214
1.016533778368872503e-214
1.124876501030853163e-215
1.245741779686433964e-216
1.381455408400380184e-217
1.534852235217292087e-218
1.709339774458404185e-219
1.908956768369186298e-220
2.138423947415986071e-221
2.403184433540690799e-222
2.709431665489019279e-223
3.064123422635119622e-224
3.474981496721471805e-225
3.950477811993983581e-226
4.499809314739530140e-227
5.132865726430561866e-228
5.860196265322238276e-229
6.692983701304071606e-230
7.643036717081403367e-231
8.722814826005157096e-232
9.945504879919336940e-233
1.132517647991724865e-233
1.287705989581446020e-234
1.461802439294784485e-235
1.656740890592890370e-236
1.874851770582849062e-237
2.119144163048667719e-238
2.393861495731919404e-239
2.705612401065346913e-240
3.065720723562795566e-241
3.495164948833253379e-242
4.035010984654566292e-243
4.768466074379422237e-244
5.867428219493786182e-245
7.690461652843803829e-246
1.098828441534194601e-246
1.733306024731300184e-247
3.001155834145393418e-248
5.587555297237916265e-249
1.091589197771237211e-249
2.193175925556706379e-250
4.470618056070678409e-251
9.169971813562519539e-252
1.883787813987586357e-252
3.865674097186733382e-253
7.912714928491865042e-254
1.614328969696749260e-254
3.281232639922119534e-255
6.642867362769075567e-256
1.339330464451597910e-256
2.689044300710652141e-257
5.376058005201187921e-258
1.070214243753923271e-258
2.121325475516729865e-259
4.186633021957537929e-260
8.226894077365308968e-261
1.609583177127458317e-261
3.135385145880650973e-262
6.080817404566431438e-263
1.174141293117373417e-263
2.257147187018885182e-264
4.319906213032320324e-265
8.231092387563420053e-266
1.561360338210009418e-266
2.948526875519381867e-267
5.543155611063430716e-268
1.037415691038932123e-268
1.932796020432602437e-269
3.584679925111795549e-270
6.618194909694243329e-271
1.216318085371566985e-271
2.225188592434960155e-272
4.052211619858582213e-273
7.345419435906831241e-274
1.325359829062970590e-274
2.380330349489392602e-275
4.255203869225672698e-276
7.571408396194366034e-277
1.340909793156754491e-277
2.363646063641930757e-278
4.146853525956731154e-279
7.241051954069123224e-280
1.258417275699794943e-280
2.176611985639742830e-281
3.746829809170895407e-282
6.418990981342675534e-283
1.094416489793233607e-283
1.856969380011404209e-284
3.135640536961258621e-285
5.269147361959596501e-286
8.811301698497839214e-287
1.466285466402495551e-287
2.428112305176600819e-288
4.001140613630496822e-289
6.560797865426854940e-290
1.070484211740861932e-290
1.737991222416276504e-291
2.807705186895130653e-292
4.513203581623279291e-293
7.218395781338985739e-294
1.148713240812326113e-294
1.818823379796478854e-295
2.865300391755445859e-296
4.491002079948817513e-297
7.003296699628590356e-298
1.086527306601285047e-298
1.677066416766865506e-299
2.575277265686611813e-300
3.934181828484555910e-301
5.979076667408709452e-302
9.039733008591022263e-303
1.359600667442409037e-303
2.034201100594398779e-304
3.027579714748344258e-305
4.482382141832752446e-306
6.601249324781405413e-307
9.670294491431629569e-308
1.409100217975540720e-308
2.042325511523177977e-309
2.944294101440595916e-310
4.221849798425814597e-311
6.021184222552236873e-312
8.541039915377067182e-313
1.204984354495774871e-313
1.690775603077929690e-314
2.359481083814350669e-315
3.274650944689163086e-316
4.519844443683162999e-317
6.204170059773952529e-318
8.469075674752311762e-319
1.149641351307996584e-319
1.551860193587355395e-320
2.080016368991647951e-321
2.766767616710980647e-322
3.458459520888725809e-323
0.000000000000000000e+00
0.000000000000000000e+00
0.000000000000000000e+00
0.000000000000000000e+00
0.000000000000000000e+00
0.000000000000000000e+00
0.000000000000000000e+00
0.000000000000000000e+00
0.000000000000000000e+00
0.000000000000000000e+00
0.000000000000000000e+00
0.000000000000000000e+00
0.000000000000000000e+00
0.000000000000000000e+00
0.000000000000000000e+00
0.000000000000000000e+00
0.000000000000000000e+00
0.000000000000000000e+00
0.000000000000000000e+00
0.000000000000000000e+00
0.000000000000000000e+00
0.000000000000000000e+00
0.000000000000000000e+00
0.000000000000000000e+00
0.000000000000000000e+00
0.000000000000000000e+00
0.000000000000000000e+00
0.000000000000000000e+00
0.000000000000000000e+00
0.000000000000000000e+00
0.000000000000000000e+00
0.000000000000000000e+00
0.000000000000000000e+00
0.000000000000000000e+00
0.000000000000000000e+00
0.000000000000000000e+00
0.000000000000000000e+00
0.000000000000000000e+00
0.000000000000000000e+00
0.000000000000000000e+00
0.000000000000000000e+00
0.000000000000000000e+00
0.000000000000000000e+00
0.000000000000000000e+00
0.000000000000000000e+00
0.000000000000000000e+00
0.000000000000000000e+00
0.000000000000000000e+00
0.000000000000000000e+00
0.000000000000000000e+00
0.000000000000000000e+00
0.000000000000000000e+00
0.000000000000000000e+00
0.000000000000000000e+00
0.000000000000000000e+00
0.000000000000000000e+00
0.000000000000000000e+00
0.000000000000000000e+00
0.000000000000000000e+00
0.000000000000000000e+00
0.000000000000000000e+00
0.000000000000000000e+00
0.000000000000000000e+00
0.000000000000000000e+00
0.000000000000000000e+00
0.000000000000000000e+00
0.000000000000000000e+00
0.000000000000000000e+00
0.000000000000000000e+00
0.000000000000000000e+00
0.000000000000000000e+00
0.000000000000000000e+00
0.000000000000000000e+00
0.000000000000000000e+00
0.000000000000000000e+00
0.000000000000000000e+00
0.000000000000000000e+00
0.000000000000000000e+00
0.000000000000000000e+00
0.000000000000000000e+00
0.000000000000000000e+00
0.000000000000000000e+00
0.000000000000000000e+00
0.000000000000000000e+00
0.000000000000000000e+00
0.000000000000000000e+00
0.000000000000000000e+00
0.000000000000000000e+00
0.000000000000000000e+00
0.000000000000000000e+00
0.000000000000000000e+00
0.000000000000000000e+00
0.000000000000000000e+00
0.000000000000000000e+00
0.000000000000000000e+00
0.000000000000000000e+00
0.000000000000000000e+00
0.000000000000000000e+00
0.000000000000000000e+00
0.000000000000000000e+00
0.000000000000000000e+00
0.000000000000000000e+00
0.000000000000000000e+00
0.000000000000000000e+00
0.000000000000000000e+00
0.000000000000000000e+00
0.000000000000000000e+00
0.000000000000000000e+00
0.000000000000000000e+00
0.000000000000000000e+00
0.000000000000000000e+00
0.000000000000000000e+00
0.000000000000000000e+00
0.000000000000000000e+00
0.000000000000000000e+00
0.000000000000000000e+00
0.000000000000000000e+00
0.000000000000000000e+00
0.000000000000000000e+00
0.000000000000000000e+00
0.000000000000000000e+00
0.000000000000000000e+00
0.000000000000000000e+00
0.000000000000000000e+00
0.000000000000000000e+00
0.000000000000000000e+00
0.000000000000000000e+00
0.000000000000000000e+00
0.000000000000000000e+00
0.000000000000000000e+00
0.000000000000000000e+00
0.000000000000000000e+00
0.000000000000000000e+00
0.000000000000000000e+00
0.000000000000000000e+00
0.000000000000000000e+00
0.000000000000000000e+00
0.000000000000000000e+00
0.000000000000000000e+00
0.000000000000000000e+00
0.000000000000000000e+00
0.000000000000000000e+00
0.000000000000000000e+00
0.000000000000000000e+00
0.000000000000000000e+00
0.000000000000000000e+00
0.000000000000000000e+00
0.000000000000000000e+00
0.000000000000000000e+00
0.000000000000000000e+00
0.000000000000000000e+00
0.000000000000000000e+00
0.000000000000000000e+00
0.000000000000000000e+00
0.000000000000000000e+00
0.000000000000000000e+00
0.000000000000000000e+00
0.000000000000000000e+00
0.000000000000000000e+00
0.000000000000000000e+00
0.000000000000000000e+00
0.000000000000000000e+00
0.000000000000000000e+00
0.000000000000000000e+00
0.000000000000000000e+00
0.000000000000000000e+00
0.000000000000000000e+00
0.000000000000000000e+00
0.000000000000000000e+00
0.000000000000000000e+00
0.000000000000000000e+00
0.000000000000000000e+00
0.000000000000000000e+00
0.000000000000000000e+00
0.000000000000000000e+00
0.000000000000000000e+00
0.000000000000000000e+00
0.000000000000000000e+00
0.000000000000000000e+00
0.000000000000000000e+00
0.000000000000000000e+00
0.000000000000000000e+00
0.000000000000000000e+00
0.000000000000000000e+00
0.000000000000000000e+00
0.000000000000000000e+00
0.000000000000000000e+00
0.000000000000000000e+00
0.000000000000000000e+00
0.000000000000000000e+00
0.000000000000000000e+00
0.000000000000000000e+00
0.000000000000000000e+00
0.000000000000000000e+00
0.000000000000000000e+00
0.000000000000000000e+00
0.000000000000000000e+00
0.000000000000000000e+00
0.000000000000000000e+00
0.000000000000000000e+00
0.000000000000000000e+00
0.000000000000000000e+00
0.000000000000000000e+00
0.000000000000000000e+00
0.000000000000000000e+00
0.000000000000000000e+00
0.000000000000000000e+00
0.000000000000000000e+00
0.000000000000000000e+00
0.000000000000000000e+00
0.000000000000000000e+00
0.000000000000000000e+00
0.000000000000000000e+00
0.000000000000000000e+00
0.000000000000000000e+00
0.000000000000000000e+00
0.000000000000000000e+00
0.000000000000000000e+00
0.000000000000000000e+00
0.000000000000000000e+00
0.000000000000000000e+00
0.000000000000000000e+00
0.000000000000000000e+00
0.000000000000000000e+00
0.000000000000000000e+00
0.000000000000000000e+00
0.000000000000000000e+00
0.000000000000000000e+00
0.000000000000000000e+00
0.000000000000000000e+00
0.000000000000000000e+00
0.000000000000000000e+00
0.000000000000000000e+00
0.000000000000000000e+00
0.000000000000000000e+00
0.000000000000000000e+00
0.000000000000000000e+00
0.000000000000000000e+00
0.000000000000000000e+00
0.000000000000000000e+00
0.000000000000000000e+00
0.000000000000000000e+00
0.000000000000000000e+00
0.000000000000000000e+00
0.000000000000000000e+00
0.000000000000000000e+00
0.000000000000000000e+00
0.000000000000000000e+00
0.000000000000000000e+00
0.000000000000000000e+00
0.000000000000000000e+00
0.000000000000000000e+00
0.000000000000000000e+00
0.000000000000000000e+00
0.000000000000000000e+00
0.000000000000000000e+00
0.000000000000000000e+00
0.000000000000000000e+00
0.000000000000000000e+00
0.000000000000000000e+00
0.000000000000000000e+00
0.000000000000000000e+00
0.000000000000000000e+00
0.000000000000000000e+00
0.000000000000000000e+00
0.000000000000000000e+00
0.000000000000000000e+00
0.000000000000000000e+00
0.000000000000000000e+00
0.000000000000000000e+00
0.000000000000000000e+00
0.000000000000000000e+00
0.000000000000000000e+00
0.000000000000000000e+00
0.000000000000000000e+00
0.000000000000000000e+00
0.000000000000000000e+00
0.000000000000000000e+00
0.000000000000000000e+00
0.000000000000000000e+00
0.000000000000000000e+00
0.000000000000000000e+00
0.000000000000000000e+00
0.000000000000000000e+00
0.000000000000000000e+00
0.000000000000000000e+00
0.000000000000000000e+00
0.000000000000000000e+00
0.000000000000000000e+00
0.000000000000000000e+00
0.000000000000000000e+00
0.000000000000000000e+00
0.000000000000000000e+00
0.000000000000000000e+00
0.000000000000000000e+00
0.000000000000000000e+00
0.000000000000000000e+00
0.000000000000000000e+00
0.000000000000000000e+00
0.000000000000000000e+00
0.000000000000000000e+00
0.000000000000000000e+00
0.000000000000000000e+00
0.000000000000000000e+00
0.000000000000000000e+00
0.000000000000000000e+00
0.000000000000000000e+00
0.000000000000000000e+00
0.000000000000000000e+00
0.000000000000000000e+00
0.000000000000000000e+00
0.000000000000000000e+00
0.000000000000000000e+00
0.000000000000000000e+00
0.000000000000000000e+00
0.000000000000000000e+00
0.000000000000000000e+00
0.000000000000000000e+00
0.000000000000000000e+00
0.000000000000000000e+00
0.000000000000000000e+00
0.000000000000000000e+00
0.000000000000000000e+00
0.000000000000000000e+00
0.000000000000000000e+00
0.000000000000000000e+00
0.000000000000000000e+00
0.000000000000000000e+00
0.000000000000000000e+00
0.000000000000000000e+00
0.000000000000000000e+00
0.000000000000000000e+00
0.000000000000000000e+00
0.000000000000000000e+00
0.000000000000000000e+00
0.000000000000000000e+00
0.000000000000000000e+00
0.000000000000000000e+00
0.000000000000000000e+00
0.000000000000000000e+00
0.000000000000000000e+00
0.000000000000000000e+00
0.000000000000000000e+00
0.000000000000000000e+00
0.000000000000000000e+00
0.000000000000000000e+00
0.000000000000000000e+00
0.000000000000000000e+00
0.000000000000000000e+00
0.000000000000000000e+00
0.000000000000000000e+00
0.000000000000000000e+00
0.000000000000000000e+00
0.000000000000000000e+00
0.000000000000000000e+00
0.000000000000000000e+00
0.000000000000000000e+00
0.000000000000000000e+00
0.000000000000000000e+00
0.000000000000000000e+00
0.000000000000000000e+00
0.000000000000000000e+00
0.000000000000000000e+00
0.000000000000000000e+00
0.000000000000000000e+00
0.000000000000000000e+00
0.000000000000000000e+00
0.000000000000000000e+00
0.000000000000000000e+00
0.000000000000000000e+00
0.000000000000000000e+00
0.000000000000000000e+00
0.000000000000000000e+00
0.000000000000000000e+00
0.000000000000000000e+00
0.000000000000000000e+00
0.000000000000000000e+00
0.000000000000000000e+00
0.000000000000000000e+00
0.000000000000000000e+00
0.000000000000000000e+00
0.000000000000000000e+00
0.000000000000000000e+00
0.000000000000000000e+00
0.000000000000000000e+00
0.000000000000000000e+00
0.000000000000000000e+00
0.000000000000000000e+00
0.000000000000000000e+00
0.000000000000000000e+00
0.000000000000000000e+00
0.000000000000000000e+00
0.000000000000000000e+00
0.000000000000000000e+00
0.000000000000000000e+00
0.000000000000000000e+00
0.000000000000000000e+00
0.000000000000000000e+00
0.000000000000000000e+00
0.000000000000000000e+00
0.000000000000000000e+00
0.000000000000000000e+00
0.000000000000000000e+00
0.000000000000000000e+00
0.000000000000000000e+00
0.000000000000000000e+00
0.000000000000000000e+00
0.000000000000000000e+00
0.000000000000000000e+00
0.000000000000000000e+00
0.000000000000000000e+00
0.000000000000000000e+00
0.000000000000000000e+00
0.000000000000000000e+00
0.000000000000000000e+00
0.000000000000000000e+00
0.000000000000000000e+00
0.000000000000000000e+00
0.000000000000000000e+00
0.000000000000000000e+00
0.000000000000000000e+00
0.000000000000000000e+00
0.000000000000000000e+00
0.000000000000000000e+00
0.000000000000000000e+00
0.000000000000000000e+00
0.000000000000000000e+00
0.000000000000000000e+00
0.000000000000000000e+00
0.000000000000000000e+00
0.000000000000000000e+00
0.000000000000000000e+00
0.000000000000000000e+00
0.000000000000000000e+00
0.000000000000000000e+00
0.000000000000000000e+00
0.000000000000000000e+00
0.000000000000000000e+00
0.000000000000000000e+00
0.000000000000000000e+00
0.000000000000000000e+00
0.000000000000000000e+00
0.000000000000000000e+00
0.000000000000000000e+00
0.000000000000000000e+00
0.000000000000000000e+00
0.000000000000000000e+00
0.000000000000000000e+00
0.000000000000000000e+00
0.000000000000000000e+00
0.000000000000000000e+00
0.000000000000000000e+00
0.000000000000000000e+00
0.000000000000000000e+00
0.000000000000000000e+00
0.000000000000000000e+00
0.000000000000000000e+00
0.000000000000000000e+00
0.000000000000000000e+00
0.000000000000000000e+00
0.000000000000000000e+00
0.000000000000000000e+00
0.000000000000000000e+00
0.000000000000000000e+00
0.000000000000000000e+00
0.000000000000000000e+00
0.000000000000000000e+00
0.000000000000000000e+00
0.000000000000000000e+00
0.000000000000000000e+00
0.000000000000000000e+00
0.000000000000000000e+00
0.000000000000000000e+00
0.000000000000000000e+00
0.000000000000000000e+00
0.000000000000000000e+00
0.000000000000000000e+00
0.000000000000000000e+00
0.000000000000000000e+00
0.000000000000000000e+00
0.000000000000000000e+00
0.000000000000000000e+00
0.000000000000000000e+00
0.000000000000000000e+00
0.000000000000000000e+00
0.000000000000000000e+00
0.000000000000000000e+00
0.000000000000000000e+00
0.000000000000000000e+00
0.000000000000000000e+00
0.000000000000000000e+00
0.000000000000000000e+00
0.000000000000000000e+00
0.000000000000000000e+00
0.000000000000000000e+00
0.000000000000000000e+00
0.000000000000000000e+00
0.000000000000000000e+00
0.000000000000000000e+00
0.000000000000000000e+00
0.000000000000000000e+00
0.000000000000000000e+00
0.000000000000000000e+00
0.000000000000000000e+00
0.000000000000000000e+00
0.000000000000000000e+00
0.000000000000000000e+00
0.000000000000000000e+00
0.000000000000000000e+00
0.000000000000000000e+00
0.000000000000000000e+00
0.000000000000000000e+00
0.000000000000000000e+00
0.000000000000000000e+00
0.000000000000000000e+00
0.000000000000000000e+00
0.000000000000000000e+00
0.000000000000000000e+00
0.000000000000000000e+00
0.000000000000000000e+00
0.000000000000000000e+00
0.000000000000000000e+00
0.000000000000000000e+00
0.000000000000000000e+00
0.000000000000000000e+00
0.000000000000000000e+00
0.000000000000000000e+00
0.000000000000000000e+00
0.000000000000000000e+00
0.000000000000000000e+00
0.000000000000000000e+00
0.000000000000000000e+00
0.000000000000000000e+00
0.000000000000000000e+00
0.000000000000000000e+00
0.000000000000000000e+00
0.000000000000000000e+00
0.000000000000000000e+00
0.000000000000000000e+00
0.000000000000000000e+00
0.000000000000000000e+00
0.000000000000000000e+00
0.000000000000000000e+00
0.000000000000000000e+00
0.000000000000000000e+00
0.000000000000000000e+00
0.000000000000000000e+00
0.000000000000000000e+00
0.000000000000000000e+00
0.000000000000000000e+00
0.000000000000000000e+00
0.000000000000000000e+00
0.000000000000000000e+00
0.000000000000000000e+00
0.000000000000000000e+00
0.000000000000000000e+00
0.000000000000000000e+00
0.000000000000000000e+00
0.000000000000000000e+00
0.000000000000000000e+00
0.000000000000000000e+00
0.000000000000000000e+00
0.000000000000000000e+00
0.000000000000000000e+00
0.000000000000000000e+00
0.000000000000000000e+00
0.000000000000000000e+00
0.000000000000000000e+00
0.000000000000000000e+00
0.000000000000000000e+00
0.000000000000000000e+00
0.000000000000000000e+00
0.000000000000000000e+00
0.000000000000000000e+00
0.000000000000000000e+00
0.000000000000000000e+00
0.000000000000000000e+00
0.000000000000000000e+00
0.000000000000000000e+00
0.000000000000000000e+00
0.000000000000000000e+00
0.000000000000000000e+00
0.000000000000000000e+00
0.000000000000000000e+00
0.000000000000000000e+00
0.000000000000000000e+00
0.000000000000000000e+00
0.000000000000000000e+00
0.000000000000000000e+00
0.000000000000000000e+00
0.000000000000000000e+00
0.000000000000000000e+00
0.000000000000000000e+00
0.000000000000000000e+00
0.000000000000000000e+00
0.000000000000000000e+00
0.000000000000000000e+00
0.000000000000000000e+00
0.000000000000000000e+00
0.000000000000000000e+00
0.000000000000000000e+00
0.000000000000000000e+00
0.000000000000000000e+00
0.000000000000000000e+00
0.000000000000000000e+00
0.000000000000000000e+00
0.000000000000000000e+00
0.000000000000000000e+00
0.000000000000000000e+00
0.000000000000000000e+00
0.000000000000000000e+00
0.000000000000000000e+00
0.000000000000000000e+00
0.000000000000000000e+00
0.000000000000000000e+00
0.000000000000000000e+00
0.000000000000000000e+00
0.000000000000000000e+00
0.000000000000000000e+00
