2.143461311082714427e-01
2.931147257656667449e-02
1.198215964396057154e-02
9.472906550603838252e-03
9.619476558001958943e-03
1.024891317772396934e-02
1.091103160644291484e-02
1.152559211855402541e-02
1.208778960237899720e-02
1.260321607609232557e-02
1.307604012212216539e-02
1.350819198871083121e-02
1.390014443257057281e-02
1.425160691689409710e-02
1.456198813961421916e-02
1.483069182246024749e-02
1.505730241373846520e-02
1.524169510037434380e-02
1.538409163769377530e-02
1.548507701787986239e-02
1.554558843240380628e-02
1.556688560448725098e-02
1.555050968125761685e-02
1.549823625244557343e-02
1.541202665076853162e-02
1.529398048809292934e-02
1.514629139437100210e-02
1.497120714588783333e-02
1.477099477700142237e-02
1.454791083948298730e-02
1.430417667707699174e-02
1.404195839186369102e-02
1.376335106803216676e-02
1.347036676613568018e-02
1.316492578925917457e-02
1.284885073806088691e-02
1.252386290402379872e-02
1.219158059191620055e-02
1.185351900812021443e-02
1.151109139755633094e-02
1.116561115612118606e-02
1.081829468651636893e-02
1.047026480238177557e-02
1.012255451852160475e-02
9.776111093774381144e-03
9.431800217962823737e-03
9.090410255694816172e-03
8.752656477945907829e-03
8.419185227713857356e-03
8.090577978957078434e-03
7.767355258843183959e-03
7.449980412329660143e-03
7.138863195536197977e-03
6.834363190461381458e-03
6.536793038533958954e-03
6.246421494427931154e-03
5.963476304647091081e-03
5.688146917714199599e-03
5.420587034484766753e-03
5.160917008237214838e-03
4.909226104849574376e-03
4.665574633634345103e-03
4.429995959335049707e-03
4.202498405453526480e-03
3.983067058534513899e-03
3.771665482335654056e-03
3.568237350004772272e-03
3.372708001513900853e-03
3.184985932698345193e-03
3.004964221349069008e-03
2.832521894935448401e-03
2.667525243711707517e-03
2.509829082201179770e-03
2.359277961368295203e-03
2.215707333186295314e-03
2.078944668792591724e-03
1.948810530993635385e-03
1.825119601535595470e-03
1.707681663291391819e-03
1.596302537323777016e-03
1.490784974660824694e-03
1.390929502557813457e-03
1.296535225009541083e-03
1.207400577312546909e-03
1.123324034549218068e-03
1.044104773968506598e-03
9.695432913637109466e-04
8.994419716905194522e-04
8.336056143220938039e-04
7.718419134977594223e-04
7.139618946831107361e-04
6.597803077181559712e-04
6.091159777837087345e-04
5.617921153612508026e-04
5.176365864965649932e-04
4.764821448001190212e-04
4.381666267269825185e-04
4.025331117745272456e-04
3.694300493171665260e-04
3.387113538635559197e-04
3.102364705730530471e-04
2.838704129050636875e-04
2.594837742977623772e-04
2.369527157818744905e-04
2.161589314317757967e-04
1.969895935406492814e-04
1.793372793798194440e-04
1.630998813657395785e-04
1.481805024120436977e-04
1.344873381900509165e-04
1.219335479596568019e-04
1.104371155650938713e-04
9.992070211716007171e-05
9.031149180652629988e-05
8.154103221217990163e-05
7.354507038614957405e-05
6.626338591110335168e-05
5.963962204168082865e-05
5.362111595492570861e-05
4.815872904980791870e-05
4.320667815173126226e-05
3.872236839543697186e-05
3.466622847929080832e-05
3.100154890609497837e-05
2.769432375067406213e-05
2.471309642272399772e-05
2.202880982520446387e-05
1.961466124397759855e-05
1.744596224373132979e-05
1.550000378833729319e-05
1.375592675108808807e-05
1.219459793154789935e-05
1.079849165083940883e-05
9.551576956571083171e-06
8.439210431668772174e-06
7.448034568207848038e-06
6.565881637994177272e-06
5.781682965641932379e-06
5.085383487370632365e-06
4.467861459359596070e-06
3.920853163090211179e-06
3.436882441589178981e-06
3.009194889512940615e-06
2.631696511528288821e-06
2.298896657105661611e-06
2.005855035668538732e-06
1.748132613543110193e-06
1.521746193478912784e-06
1.323126478170862426e-06
1.149079421273167418e-06
9.967506725632116132e-07
8.635929280286607886e-07
7.473360006554406219e-07
6.459594333694662986e-07
5.576674818419467902e-07
4.808663015151451819e-07
4.141431803549532023e-07
3.562476660111535521e-07
3.060744435918045136e-07
2.626478278136292417e-07
2.251077407195298086e-07
1.926970537689681958e-07
1.647501804406783214e-07
1.406828126975503953e-07
1.199827017661625531e-07
1.022013904903847502e-07
8.694681105745722954e-08
7.387666829957353763e-08
6.269253469801013418e-08
5.313458907045290210e-08
4.497693625955070680e-08
3.802345033499757366e-08
3.210408866847336187e-08
2.707162872282501494e-08
2.279878367977910347e-08
1.917565698529482542e-08
1.610749951898581534e-08
1.351273657357125721e-08
1.132123489305567949e-08
9.472782994346276929e-09
7.915760595809326989e-09
6.605975484586825372e-09
5.505648328233735830e-09
4.582528019675959609e-09
3.809121987076043660e-09
3.162027566837015420e-09
2.621352099694234856e-09
2.170210753590601538e-09
1.794292344565467567e-09
1.481484548824826302e-09
1.221550857017473630e-09
1.005852614623317212e-09
8.271101883452416964e-10
6.791980979183261687e-10
5.569695537610826623e-10
4.561064066900448159e-10
3.729910655845740806e-10
3.045972798711617022e-10
2.483972244280078478e-10
2.022825224642993926e-10
1.644972557704057522e-10
1.335812112753325989e-10
1.083219021298835313e-10
8.771403174911721997e-11
7.092535196764959919e-11
5.726790015514969454e-11
4.617384727327258762e-11
3.717522310231934312e-11
2.988694286412773828e-11
2.399260843244424927e-11
1.923265106678764492e-11
1.539445064684623828e-11
1.230410934164203238e-11
9.819622784569918374e-12
7.825202883274568236e-12
6.226588010109760738e-12
4.947161278056967147e-12
3.924740415481457338e-12
3.108939891654169915e-12
2.458994678386007372e-12
1.941978628919156483e-12
1.531336578480829996e-12
1.205682581104878920e-12
9.478283382061784483e-13
7.439739179436511212e-13
5.830619845298309804e-13
4.562446336223351453e-13
3.564561705829626535e-13
2.780566461377207143e-13
2.165611033888373381e-13
1.684011231121792775e-13
1.307435765870601061e-13
1.013461831592253680e-13
7.843365197744732385e-14
6.060411354896577924e-14
4.675289556589114905e-14
3.600856238527681631e-14
2.768907751064203528e-14
2.125704660147415461e-14
1.629274976066132061e-14
1.246665168211517712e-14
9.523934267677145565e-15
7.263617193040862360e-15
5.530890233262096221e-15
4.203706786251069905e-15
3.189906741151363391e-15
2.416455412858417238e-15
1.827932814396002327e-15
1.379777711486078387e-15
1.040321737384294412e-15
7.828312664600610480e-16
5.876037916235397698e-16
4.406242122306036851e-16
3.292842220330714328e-16
2.464178263637808257e-16
1.835866536914634170e-16
1.366188207614180661e-16
1.014023862818055975e-16
7.515965679963237475e-17
5.544051112929385497e-17
4.126186692477462150e-17
3.013981961253325700e-17
2.230527696818456323e-17
1.642288083139832172e-17
1.192579545919320992e-17
9.075932005870799309e-18
6.815177981297713876e-18
5.156302148290878624e-18
3.533814326656957576e-18
2.123494471496317611e-18
2.158797641744528578e-18
9.645735398744852391e-19
1.299452377599442710e-18
4.102288178040294445e-19
6.976792604221884526e-19
7.968734217160862449e-19
4.310470094567441429e-19
2.627876975102849809e-19
3.452336710433978031e-19
1.682233601273272479e-19
3.527308248937552001e-19
2.085072604570335472e-19
1.844352364335389065e-19
1.730340262200334400e-19
9.194125995344216151e-20
0.000000000000000000e+00
2.135129024492952827e-19
7.915800028615736543e-20
0.000000000000000000e+00
2.027430961889697468e-19
4.359460822119538164e-19
1.654407183064346536e-19
0.000000000000000000e+00
5.442746995571022931e-20
5.329158770984394962e-20
4.178138486491661818e-19
1.573876131625188380e-19
0.000000000000000000e+00
4.168463294080731692e-19
3.770939181773169727e-19
8.366489232259494957e-20
5.900570203027783197e-20
3.481293228479730963e-19
7.921763113054153205e-20
2.044535177264101518e-19
6.168830802702773038e-20
5.348683790102322961e-20
5.064534837361378187e-20
0.000000000000000000e+00
1.171599538281388398e-19
5.053375744070776637e-20
3.359064424267289657e-19
1.320658578892945599e-19
4.982104710990032776e-20
4.067493076692384982e-20
4.047021341834460108e-19
0.000000000000000000e+00
2.594339251433980355e-19
1.287964728615867379e-19
2.674549414569212614e-19
0.000000000000000000e+00
4.062535088269189730e-19
0.000000000000000000e+00
0.000000000000000000e+00
0.000000000000000000e+00
4.027615258791405679e-19
2.098037321312393157e-19
1.255923914777157025e-19
0.000000000000000000e+00
1.847934026288313353e-19
1.944419999084728365e-19
3.423123329211085058e-19
2.063793956289102446e-19
0.000000000000000000e+00
3.976308470632553271e-20
0.000000000000000000e+00
3.537761616216799852e-20
3.439488985344009777e-20
1.057933324004467466e-19
4.030188404834851007e-19
5.433213854535179125e-20
0.000000000000000000e+00
1.766882371827022181e-19
3.829749794403528040e-20
1.032285323650606489e-19
0.000000000000000000e+00
0.000000000000000000e+00
2.410242858543214569e-20
3.164257163929351523e-19
4.059145180674982125e-19
4.695600442247074310e-20
2.868206126269986275e-20
0.000000000000000000e+00
2.438438630088086472e-19
4.761349094670940510e-19
1.970548932416658396e-19
1.854502937581803194e-19
4.050804899633956006e-19
1.977108525016822427e-19
4.096277024460692993e-19
0.000000000000000000e+00
3.303222565294689822e-19
4.175348462015344536e-19
5.739875588223796131e-20
1.146199194342871344e-19
4.830036356684999097e-19
2.064182863415079026e-19
0.000000000000000000e+00
4.794576333750398427e-19
5.877899625493440563e-20
1.883165696800548948e-19
0.000000000000000000e+00
4.766772937086608336e-19
0.000000000000000000e+00
3.672507720206725857e-20
1.807871981226414138e-19
1.822915527558550787e-19
0.000000000000000000e+00
0.000000000000000000e+00
2.597636979308854763e-20
1.707439573225662417e-19
3.946638940751942356e-19
3.665163653761045314e-20
2.401028537619152228e-20
2.142567804800695400e-20
1.960665760322525199e-20
6.047418780178309357e-19
3.848393201052431258e-20
9.508382708022723135e-20
2.263463713144801621e-20
0.000000000000000000e+00
2.368840233848638570e-19
0.000000000000000000e+00
5.297447458011393180e-19
2.523675014099719908e-19
1.002612842091110838e-19
2.267131450590990704e-20
1.913880405335567802e-20
1.762840308185082621e-20
0.000000000000000000e+00
0.000000000000000000e+00
0.000000000000000000e+00
1.110812982809209084e-20
9.823736505822028888e-21
8.535577561078064481e-21
1.540855160076172852e-19
8.715797384195102126e-21
7.963712562266559547e-20
1.544605356359873190e-19
0.000000000000000000e+00
5.948045977583696843e-21
3.720990332026947556e-19
1.604818955783591338e-19
0.000000000000000000e+00
8.122312283049004068e-20
2.292648309177848117e-19
3.058573659531956176e-19
1.494905247059243545e-20
0.000000000000000000e+00
1.556358116420104476e-19
1.577342509635018955e-19
1.114793475931147467e-20
3.018049974909853948e-19
2.328497619586042001e-19
3.795119142903220140e-19
8.908332904573609211e-20
1.590442504847657134e-19
1.262889032421215408e-20
0.000000000000000000e+00
8.181023802625794502e-20
2.286091531694707099e-19
1.565137520604835950e-19
4.482338181122646378e-19
3.789715924318125768e-19
0.000000000000000000e+00
3.757163152591420620e-19
2.320986699885234044e-19
2.311181219082256762e-19
1.074839691474835711e-20
3.748076135741961429e-19
3.035053354208652916e-19
3.024432001252472534e-19
9.104113358000565521e-21
6.430490769825663899e-21
2.983539479115680245e-19
1.524099431757513115e-19
3.714367190264467695e-19
7.880234200924764524e-20
2.240644855795572412e-19
0.000000000000000000e+00
2.957192050442298592e-19
2.240763844600711551e-21
5.879327412153330364e-19
1.484514587201651690e-19
1.222145968510587027e-22
1.970012887242260619e-23
2.373020001714205728e-24
2.605852292145828864e-25
3.023019168217092620e-26
3.582796204949888663e-27
3.970006405231303461e-28
4.154467923792110724e-29
4.224228560771488785e-30
4.304911592441401632e-31
4.543979196528616973e-32
4.916367433567108395e-33
5.248663293599119314e-34
5.424639130985511184e-35
5.464421494623632190e-36
5.428038882660004145e-37
5.396272880420200529e-38
5.473164905603544196e-39
5.865714125213608121e-40
6.806674152049229905e-41
8.439074825978715813e-42
1.074235842078913775e-42
1.354551154871252636e-43
1.662201481058224284e-44
1.982303416259438060e-45
2.318459659873426719e-46
2.695590262667881825e-47
3.153742912614850158e-48
3.736140880664995159e-49
4.476414364166237787e-50
5.388612630212821500e-51
6.461474663551674925e-52
7.657544520474445643e-53
8.917748173835597410e-54
1.017153179273388285e-54
1.135126115734054014e-55
1.240821177481866444e-56
1.332696004054423249e-57
1.413522802638907617e-58
1.490681967857756303e-59
1.575617626962846791e-60
1.682453319174339270e-61
1.825965782575050075e-62
2.019309948658808650e-63
2.271996171362766888e-64
2.588595315698934958e-65
2.968506609658736917e-66
3.406923188753394294e-67
3.896917621835091188e-68
4.432360211617909846e-69
5.011182096936303606e-70
5.638334032668273777e-71
6.327737447615858469e-72
7.102651508754485961e-73
7.994219288936029315e-74
9.038455862303933248e-75
1.027246368636016487e-75
1.173101953707417135e-76
1.344470180339793498e-77
1.544033509267876397e-78
1.774378470632421239e-79
2.038425930966003362e-80
2.339860337528165298e-81
2.683389414903127389e-82
3.074715417285060533e-83
3.520204415682395251e-84
4.026365502054157875e-85
4.599349192670704592e-86
5.244703417936833647e-87
5.967572041742674873e-88
6.773405197052925222e-89
7.669124421831342763e-90
8.664622915946089940e-91
9.774583641227103793e-92
1.102104803475265531e-92
1.243841386654799093e-93
1.408581012534431804e-94
1.608046246903993253e-95
1.868882695717010936e-96
2.257414271688211454e-97
2.946336692354246911e-98
4.392957298632787354e-99
7.811870376304606059e-100
1.641893569304158969e-100
3.868038829031952805e-101
9.673469312419663854e-102
2.480558402418739068e-102
6.407491138113630342e-103
1.653601661466170646e-103
4.248029602303167400e-104
1.084556960227701048e-104
2.749835367478476723e-105
6.921491968208786142e-106
1.729232986651417774e-106
4.287674725398989296e-107
1.055048070293937412e-107
2.576192616834858745e-108
6.241891664998221992e-109
1.500593757156925561e-109
3.579287957790706998e-110
8.470214273149341766e-111
1.988538501317076275e-111
4.631193526413663309e-112
1.069913049955836667e-112
2.451759172899031607e-113
5.572599870378813009e-114
1.256219161700178542e-114
2.808516980308497906e-115
6.226861083098197209e-116
1.369045827086521400e-116
2.984691777455897554e-117
6.451927810902827024e-118
1.382813566180306790e-118
2.938307881435401265e-119
6.189644668780120452e-120
1.292539711707816361e-120
2.675510351105621117e-121
5.489446237609441805e-122
1.116307864408877396e-122
2.249816807586653897e-123
4.493575231322737558e-124
8.893901450941331775e-125
1.744301586007466498e-125
3.389636418987320180e-126
6.526194728359823409e-127
1.244844703587963337e-127
2.352291842085691512e-128
4.403120005805796333e-129
8.163855703743776871e-130
1.499227530261230961e-130
2.726772634190035931e-131
4.911463683411269951e-132
8.760417890569946665e-133
1.547253909659439414e-133
2.705776950768418205e-134
4.684751405536786315e-135
8.029999660136996320e-136
1.362538991081874921e-136
2.288529684622519040e-137
3.804590049503541964e-138
6.259968420602155087e-139
1.019338350310153233e-139
1.642537370782049338e-140
2.618974623592049539e-141
4.131755847422132548e-142
6.449013143796053267e-143
9.958060822597951336e-144
1.521060753316809773e-144
2.298135938916753752e-145
3.434227389363497571e-146
5.075432863513271894e-147
7.417782132556408476e-148
1.072007823697528233e-148
1.531829352328990690e-149
2.164097028959574205e-150
3.022470281997758565e-151
4.172833683774346708e-152
5.694404153937029107e-153
7.680293506303197969e-154
1.023725435029387788e-154
1.348431318778082183e-155
1.754999607282540704e-156
2.256788937903199862e-157
2.867035959631785371e-158
3.598038685998440337e-159
4.460164686854225116e-160
5.460719741021547643e-161
6.602737273240981783e-162
7.883773652396215144e-163
9.294815994882520455e-164
1.081942381459790773e-164
1.243323002969405461e-165
1.410391742935789741e-166
1.579176192359057499e-167
1.745079376893799202e-168
1.903057471686547705e-169
2.047852720162014063e-170
2.174268781496840633e-171
2.277469927707503857e-172
2.353281107933174512e-173
2.398463619095117228e-174
2.410941476168583755e-175
2.389956749817393873e-176
2.336137942977136647e-177
2.251473339397111227e-178
2.139190285990023886e-179
2.003550477738526562e-180
1.849579368556224589e-181
1.682753833206500267e-182
1.508675435732748940e-183
1.332756789961842272e-184
1.159945630677631820e-185
9.945058562302511951e-187
8.398677701977373999e-188
6.985520267467786607e-189
5.721643687342977754e-190
4.614520000223392713e-191
3.664079650038609410e-192
2.864075188057618073e-193
2.203601448484627079e-194
1.668623261554668378e-195
1.243389290118127027e-196
9.116454970430524693e-198
6.575985259229289435e-199
4.666132209671151450e-200
3.256562935619322589e-201
2.235179719963346801e-202
1.508550010670688083e-203
1.001023925435306167e-204
6.529941684839335936e-206
4.186935643933557577e-207
2.638437762487117996e-208
1.633811163102323956e-209
9.940346961987368244e-211
5.941355430288728517e-212
3.488131357134627611e-213
2.011230287249072961e-214
1.138754642139408514e-215
6.330455703427437357e-217
3.454718283646244942e-218
1.850541684366273497e-219
9.728115234239137682e-221
5.018067188690950146e-222
2.539544273748461940e-223
1.260722642542722648e-224
6.138467001011205756e-226
2.930949391604988866e-227
1.372130401943933580e-228
6.297251022232258458e-230
2.832724022233733827e-231
1.248772871037252100e-232
5.394063413408460500e-234
2.282594072026474556e-235
9.461220493627943096e-237
3.840576496565268221e-238
1.526513016629290654e-239
5.939947492436673348e-241
2.262376901677339026e-242
8.432743637463323101e-244
3.075493470520598128e-245
1.097291754178602100e-246
3.829210647785472529e-248
1.306753516541265304e-249
4.360053279192356590e-251
1.422063523410264419e-252
4.533040517345687119e-254
1.411941976697710068e-255
4.296480863663603494e-257
1.276993567457187114e-258
3.706416310075702216e-260
1.050311308367868618e-261
2.905278277543148765e-263
7.842771510830768862e-265
2.065706187475974676e-266
5.307481152151550518e-268
1.329939101496258422e-269
3.249373010423544570e-271
7.739121834982184278e-273
1.796414273603181379e-274
4.062945470413204368e-276
8.951394831405363876e-278
1.920656595334663915e-279
4.012458703466743044e-281
8.159513972093937325e-283
1.614731458810156452e-284
3.108897854032850924e-286
5.821955917901139868e-288
1.060161878158242285e-289
1.876718093511966060e-291
3.228720853093029974e-293
5.396917349433705271e-295
8.762382613929953179e-297
1.381450458835427620e-298
2.114261105982711957e-300
3.140246206970985963e-302
4.525015782132128134e-304
6.324049921370631325e-306
8.569483060502473071e-308
1.125540899871639917e-309
1.432439240744500068e-311
1.765867367283358291e-313
2.107964185320606203e-315
2.435822190435034221e-317
2.723685092393623949e-319
2.944631249213829403e-321
2.964393875047479265e-323
0.000000000000000000e+00
0.000000000000000000e+00
0.000000000000000000e+00
0.000000000000000000e+00
0.000000000000000000e+00
0.000000000000000000e+00
0.000000000000000000e+00
0.000000000000000000e+00
0.000000000000000000e+00
0.000000000000000000e+00
0.000000000000000000e+00
0.000000000000000000e+00
0.000000000000000000e+00
0.000000000000000000e+00
0.000000000000000000e+00
0.000000000000000000e+00
0.000000000000000000e+00
0.000000000000000000e+00
0.000000000000000000e+00
0.000000000000000000e+00
0.000000000000000000e+00
0.000000000000000000e+00
0.000000000000000000e+00
0.000000000000000000e+00
0.000000000000000000e+00
0.000000000000000000e+00
0.000000000000000000e+00
0.000000000000000000e+00
0.000000000000000000e+00
0.000000000000000000e+00
0.000000000000000000e+00
0.000000000000000000e+00
0.000000000000000000e+00
0.000000000000000000e+00
0.000000000000000000e+00
0.000000000000000000e+00
0.000000000000000000e+00
0.000000000000000000e+00
0.000000000000000000e+00
0.000000000000000000e+00
0.000000000000000000e+00
0.000000000000000000e+00
0.000000000000000000e+00
0.000000000000000000e+00
0.000000000000000000e+00
0.000000000000000000e+00
0.000000000000000000e+00
0.000000000000000000e+00
0.000000000000000000e+00
0.000000000000000000e+00
0.000000000000000000e+00
0.000000000000000000e+00
0.000000000000000000e+00
0.000000000000000000e+00
0.000000000000000000e+00
0.000000000000000000e+00
0.000000000000000000e+00
0.000000000000000000e+00
0.000000000000000000e+00
0.000000000000000000e+00
0.000000000000000000e+00
0.000000000000000000e+00
0.000000000000000000e+00
0.000000000000000000e+00
0.000000000000000000e+00
0.000000000000000000e+00
0.000000000000000000e+00
0.000000000000000000e+00
0.000000000000000000e+00
0.000000000000000000e+00
0.000000000000000000e+00
0.000000000000000000e+00
0.000000000000000000e+00
0.000000000000000000e+00
0.000000000000000000e+00
0.000000000000000000e+00
0.000000000000000000e+00
0.000000000000000000e+00
0.000000000000000000e+00
0.000000000000000000e+00
0.000000000000000000e+00
0.000000000000000000e+00
0.000000000000000000e+00
0.000000000000000000e+00
0.000000000000000000e+00
0.000000000000000000e+00
0.000000000000000000e+00
0.000000000000000000e+00
0.000000000000000000e+00
0.000000000000000000e+00
0.000000000000000000e+00
0.000000000000000000e+00
0.000000000000000000e+00
0.000000000000000000e+00
0.000000000000000000e+00
0.000000000000000000e+00
0.000000000000000000e+00
0.000000000000000000e+00
0.000000000000000000e+00
0.000000000000000000e+00
0.000000000000000000e+00
0.000000000000000000e+00
0.000000000000000000e+00
0.000000000000000000e+00
0.000000000000000000e+00
0.000000000000000000e+00
0.000000000000000000e+00
0.000000000000000000e+00
0.000000000000000000e+00
0.000000000000000000e+00
0.000000000000000000e+00
0.000000000000000000e+00
0.000000000000000000e+00
0.000000000000000000e+00
0.000000000000000000e+00
0.000000000000000000e+00
0.000000000000000000e+00
0.000000000000000000e+00
0.000000000000000000e+00
0.000000000000000000e+00
0.000000000000000000e+00
0.000000000000000000e+00
0.000000000000000000e+00
0.000000000000000000e+00
0.000000000000000000e+00
0.000000000000000000e+00
0.000000000000000000e+00
0.000000000000000000e+00
0.000000000000000000e+00
0.000000000000000000e+00
0.000000000000000000e+00
0.000000000000000000e+00
0.000000000000000000e+00
0.000000000000000000e+00
0.000000000000000000e+00
0.000000000000000000e+00
0.000000000000000000e+00
0.000000000000000000e+00
0.000000000000000000e+00
0.000000000000000000e+00
0.000000000000000000e+00
0.000000000000000000e+00
0.000000000000000000e+00
0.000000000000000000e+00
0.000000000000000000e+00
0.000000000000000000e+00
0.000000000000000000e+00
0.000000000000000000e+00
0.000000000000000000e+00
0.000000000000000000e+00
0.000000000000000000e+00
0.000000000000000000e+00
0.000000000000000000e+00
0.000000000000000000e+00
0.000000000000000000e+00
0.000000000000000000e+00
0.000000000000000000e+00
0.000000000000000000e+00
0.000000000000000000e+00
0.000000000000000000e+00
0.000000000000000000e+00
0.000000000000000000e+00
0.000000000000000000e+00
0.000000000000000000e+00
0.000000000000000000e+00
0.000000000000000000e+00
0.000000000000000000e+00
0.000000000000000000e+00
