2.142166708527035168e-01
2.877128179195584737e-02
1.104894046870740117e-02
8.250563488871027681e-03
8.194983863758885032e-03
8.675420173552564340e-03
9.217014746912402523e-03
9.727004406302497755e-03
1.019589776897769813e-02
1.062827154680398914e-02
1.102867624183569151e-02
1.139985604251330352e-02
1.174314961955417493e-02
1.205901932523232613e-02
1.234742883260021157e-02
1.260809350218309276e-02
1.284064783317102366e-02
1.304475849784269073e-02
1.322019940689446622e-02
1.336689881901062006e-02
1.348496528052066032e-02
1.357469748626913796e-02
1.363658214142103066e-02
1.367128318662534127e-02
1.367962516094252401e-02
1.366257295705699745e-02
1.362120975508563855e-02
1.355671450473597620e-02
1.347033996419855911e-02
1.336339199986855478e-02
1.323721060266986813e-02
1.309315288053187164e-02
1.293257813670652817e-02
1.275683503343001853e-02
1.256725076305102544e-02
1.236512209764875810e-02
1.215170815748970248e-02
1.192822472339315210e-02
1.169583991401356750e-02
1.145567105284433021e-02
1.120878255876203711e-02
1.095618470615877284e-02
1.069883311465405669e-02
1.043762884296350717e-02
1.017341897598000866e-02
9.906997607994828814e-03
9.639107137946060014e-03
9.370439804457821042e-03
9.101639399156568819e-03
8.833303106317504094e-03
8.565983425347773600e-03
8.300190140024402488e-03
8.036392304857638974e-03
7.775020224540237640e-03
7.516467407256853875e-03
7.261092476758733427e-03
7.009221031634670085e-03
6.761147443206280173e-03
6.517136586009996367e-03
6.277425496956676003e-03
6.042224961035225043e-03
5.811721022892466296e-03
5.586076424815938218e-03
5.365431972604201537e-03
5.149907831558660914e-03
4.939604755399774200e-03
4.734605251319828033e-03
4.534974684658254346e-03
4.340762326839477971e-03
4.152002350268852240e-03
3.968714773851677972e-03
3.790906362701683494e-03
3.618571485450610813e-03
3.451692932372276736e-03
3.290242697304715351e-03
3.134182726102641234e-03
2.983465634087935185e-03
2.838035394697079744e-03
2.697828001257589724e-03
2.562772103566065066e-03
2.432789620693675148e-03
2.307796331213950777e-03
2.187702441835575641e-03
2.072413135231141769e-03
1.961829097683130685e-03
1.855847027020597444e-03
1.754360121194831462e-03
1.657258547738208300e-03
1.564429894267574265e-03
1.475759600129729864e-03
1.391131369241047338e-03
1.310427564143938454e-03
1.233529581288362416e-03
1.160318207545020259e-03
1.090673957966214504e-03
1.024477394829439525e-03
9.616094280255339495e-04
9.019515968860320398e-04
8.453863335822827275e-04
7.917972082698399678e-04
7.410691561951750824e-04
6.930886870260219174e-04
6.477440767114063351e-04
6.049255422212907341e-04
5.645253995582090760e-04
5.264382054738245362e-04
4.905608833612222974e-04
4.567928338288366791e-04
4.250360304936153921e-04
3.951951015594573906e-04
3.671773977714477225e-04
3.408930473575324908e-04
3.162549985863205917e-04
2.931790505831712436e-04
2.715838730564091143e-04
2.513910155916321580e-04
2.325249071747275754e-04
2.149128466034531590e-04
1.984849844436648708e-04
1.831742971794267155e-04
1.689165541966611305e-04
1.556502782279384797e-04
1.433166998715551814e-04
1.318597067815027756e-04
1.212257881066206461e-04
1.113639747371174071e-04
1.022257758952625404e-04
9.376511258432194561e-05
8.593824838630528752e-05
7.870371807446445455e-05
7.202225448165952299e-05
6.585671404014861036e-05
6.017200138277361486e-05
5.493499336969095444e-05
5.011446287930875696e-05
4.568100267650106845e-05
4.160694964624608806e-05
3.786630965618810121e-05
3.443468328761336878e-05
3.128919265106214079e-05
2.840840948012249479e-05
2.577228467530024621e-05
2.336207944894670024e-05
2.116029820230480959e-05
1.915062324679972099e-05
1.731785146376393694e-05
1.564783297983501505e-05
1.412741191945287991e-05
1.274436928098104696e-05
1.148736796928240298e-05
1.034590000470065372e-05
9.310235916843161665e-06
8.371376320633122910e-06
7.521005662500235708e-06
6.751448115687496416e-06
6.055625595741408658e-06
5.427017860303306272e-06
4.859624651038876038e-06
4.347929830204123415e-06
3.886867459764334385e-06
3.471789766928699086e-06
3.098436936838701954e-06
2.762908670482746260e-06
2.461637443823137990e-06
2.191363402674244058e-06
1.949110826838938482e-06
1.732166096403875637e-06
1.538057093025888331e-06
1.364533969172893720e-06
1.209551218924160908e-06
1.071250984695457761e-06
9.479475354255160205e-07
8.381128530865616899e-07
7.403632658828675020e-07
6.534470682364685403e-07
5.762330694877646451e-07
5.077000151695266314e-07
4.469268267966885049e-07
3.930836081731448456e-07
3.454233684264164170e-07
3.032744141125972669e-07
2.660333649978791200e-07
2.331587502541629527e-07
2.041651440565763167e-07
1.786178016681859484e-07
1.561277592767628600e-07
1.363473628780653620e-07
1.189661935516219549e-07
1.037073584399084324e-07
9.032411864327786145e-08
7.859682704348015340e-08
6.833015091104243819e-08
5.935055575206485759e-08
5.150402852426916151e-08
4.465401985951546679e-08
3.867958641566285691e-08
3.347371585654263676e-08
2.894181823585442189e-08
2.500036888344839288e-08
2.157568895259204991e-08
1.860285095388652715e-08
1.602469759931861736e-08
1.379096324175545435e-08
1.185748807691769869e-08
1.018551614525369866e-08
8.741068891258137685e-09
7.494386809789030753e-09
6.419432336283751419e-09
5.493447782326272513e-09
4.696562661263999828e-09
4.011445288550720160e-09
3.422994016527138554e-09
2.918063909401088974e-09
2.485225066609707480e-09
2.114549167523683594e-09
1.797421168402220021e-09
1.526373367286144583e-09
1.294939347316657605e-09
1.097525570473207641e-09
9.292986105249853730e-10
7.860862368923332301e-10
6.642907451431864096e-10
5.608130991243488842e-10
4.729866319065722318e-10
3.985191345578065723e-10
3.354423620340806559e-10
2.820680337800748320e-10
2.369495467088657411e-10
1.988486949426917056e-10
1.667067820156135791e-10
1.396195546200192957e-10
1.168155019057482153e-10
9.763707325459008374e-11
8.152444558604141837e-11
6.800151031365167945e-11
5.666379404119482953e-11
4.716804568285800324e-11
3.922329287027245905e-11
3.258313686975946292e-11
2.703915837749763706e-11
2.241525287718204336e-11
1.856278138485051807e-11
1.535642572848224922e-11
1.269064364776475788e-11
1.047664647710904336e-11
8.639822417337099397e-12
7.117540867500868700e-12
5.857285622469647917e-12
4.815072691034060036e-12
3.954104574169758758e-12
3.243625989567361528e-12
2.657966205936793659e-12
2.175721040872458711e-12
1.779058059690141157e-12
1.453147021659372351e-12
1.185658902020716802e-12
9.663614551254495391e-13
7.867697329615731391e-13
6.398560962923790216e-13
5.198075753966028085e-13
4.218198825278346547e-13
3.419274425845027963e-13
2.768617588645816493e-13
2.239295519318690910e-13
1.809164873408533758e-13
1.460041103350837410e-13
1.176968380796013863e-13
9.477265780435492006e-14
7.622672602468517740e-14
6.124097552066771775e-14
4.914728881107765159e-14
3.939567733775035813e-14
3.154405763768649074e-14
2.522845552016681308e-14
2.015425043308602819e-14
1.608281490187177191e-14
1.281825227652879583e-14
1.020458232165147422e-14
8.114589461768782426e-15
6.445492798353538456e-15
5.113403950894848215e-15
4.051943257822551747e-15
3.207255831458153312e-15
2.535497400970475181e-15
2.001995267621913182e-15
1.578670547974778078e-15
1.243767058349896090e-15
9.783162016260659513e-16
7.686925321815176346e-16
6.035521564513902944e-16
4.733635502593076675e-16
3.701971176805124345e-16
2.891368542944953888e-16
2.259390555903234512e-16
1.758374277751155694e-16
1.374241568389873051e-16
1.066737554266645962e-16
8.259904906992761824e-17
6.431033024256714148e-17
4.985044534331346672e-17
3.846072984028836571e-17
2.974680893008137493e-17
2.322273954036525492e-17
1.779274451853902931e-17
1.376783449171080613e-17
1.057721038171605397e-17
8.141402577002298386e-18
6.265603612409199058e-18
4.705967042619096492e-18
3.756644912774894834e-18
2.856596059831128304e-18
2.417922296461497570e-18
1.765093897611249988e-18
1.311550069331897161e-18
1.004451772523561179e-18
1.059410851627400693e-18
5.264650587665775448e-19
6.985525439576218466e-19
4.509868348002356803e-19
4.784661857901228390e-19
1.493452787595711209e-19
4.769606176259655383e-19
0.000000000000000000e+00
2.261113202026799592e-20
0.000000000000000000e+00
3.799125515819156427e-19
2.373678184120487709e-19
1.583164822077995191e-19
0.000000000000000000e+00
1.827932272167260264e-19
1.944686186980881082e-19
3.078054825265561451e-19
2.072338907048815187e-19
0.000000000000000000e+00
6.112742415387287304e-20
0.000000000000000000e+00
5.519480574989282622e-20
5.578832337178886716e-20
1.675931462361389276e-19
3.443662808378350714e-19
8.654235692672412182e-20
0.000000000000000000e+00
1.632334855640001038e-19
6.330139436701232190e-20
1.085404677859341655e-19
0.000000000000000000e+00
0.000000000000000000e+00
4.315029570928509370e-20
2.704897410916498706e-19
3.517824898741425649e-19
7.931925294605918929e-20
5.091464686769575110e-20
0.000000000000000000e+00
2.122347906767565966e-19
4.026737349983701011e-19
1.974027918258596527e-19
1.785241574062030639e-19
3.470501623216438764e-19
1.958773285074132491e-19
3.528354688175535635e-19
0.000000000000000000e+00
2.832618387234641222e-19
3.638736235481201050e-19
9.109519202505717451e-20
1.218320899747035096e-19
4.088872508815918420e-19
2.102732372631071816e-19
0.000000000000000000e+00
4.027995435531173120e-19
9.736557310591582010e-20
1.833822607783948522e-19
1.988091845262733241e-20
4.026773708876881817e-19
0.000000000000000000e+00
6.399601507242655386e-20
1.195239612196804038e-19
1.811827043144666747e-19
0.000000000000000000e+00
0.000000000000000000e+00
5.357269549489167128e-20
1.670305839942466178e-19
3.462041441625705212e-19
7.913931298748675021e-20
5.561245240130139704e-20
5.106611860459799670e-20
4.872113468057124996e-20
5.009522563720559124e-19
8.659769219901457224e-20
1.099554049031867173e-19
5.413022433014806893e-20
0.000000000000000000e+00
2.130890458224013087e-19
0.000000000000000000e+00
4.395206018107559517e-19
2.462773913318444835e-19
1.201366283934641246e-19
5.331517427921960780e-20
4.564944196770538557e-20
4.344131347866332556e-20
0.000000000000000000e+00
0.000000000000000000e+00
0.000000000000000000e+00
3.423314893789700090e-20
3.353185093022655903e-20
3.178661851803690501e-20
8.676649790260646336e-20
3.390070241534975237e-20
8.474246228863907146e-20
1.451052893613829094e-19
0.000000000000000000e+00
2.483801545815733697e-20
3.075248982567314602e-19
1.584382998082041807e-19
0.000000000000000000e+00
1.384164383268644026e-19
1.996070392197879060e-19
2.649655643119528270e-19
4.370121359063992915e-20
0.000000000000000000e+00
1.388935694875198296e-19
1.471701906820350449e-19
3.484072681555847648e-20
2.541117177322873577e-19
2.123086659490073275e-19
3.252980916067851283e-19
1.071299515428863418e-19
1.515847949055825178e-19
3.993134912211797815e-20
0.000000000000000000e+00
8.646189193348148872e-20
2.047072046215425201e-19
9.861865844582388413e-20
3.767545276702351481e-19
3.375578648043782511e-19
0.000000000000000000e+00
3.189223293661427778e-19
2.232353552908537427e-19
2.196705252772196916e-19
4.978569568980843592e-20
3.230161228552480238e-19
2.258731639360677597e-19
2.789315429039669816e-19
5.524487200037195054e-20
4.222942948999180723e-20
2.668519002177461270e-19
1.658076844368830470e-19
3.310932517921923449e-19
1.136685985860649231e-19
2.162859406995320679e-19
0.000000000000000000e+00
2.092820888243667533e-19
4.805596356852060388e-20
4.928248410970439662e-19
1.761617753544104932e-19
0.000000000000000000e+00
0.000000000000000000e+00
2.057330255059576071e-19
0.000000000000000000e+00
9.070080671094038546e-20
1.497351461782774106e-19
2.648436535952183316e-19
0.000000000000000000e+00
3.086409033602937139e-20
2.910561357662107163e-20
1.409357297573735051e-19
3.723708014746619110e-19
2.137946475422844488e-19
0.000000000000000000e+00
3.111848535133219829e-19
2.108467757707179218e-19
3.741509059434153545e-20
1.420982101658417112e-19
2.571730376894629884e-19
3.779577114358361140e-19
2.144863189365167679e-19
0.000000000000000000e+00
0.000000000000000000e+00
1.404728803195299649e-19
1.448965362133825784e-19
0.000000000000000000e+00
1.951889941946957356e-19
3.151547880411703821e-20
2.417661688811276778e-20
2.219268820625220338e-20
1.342235850947167220e-19
0.000000000000000000e+00
1.321230959447170813e-19
2.206985669339435419e-20
0.000000000000000000e+00
1.288600615396739280e-19
1.893396614345281032e-19
3.056288949421682840e-19
2.539402423340189138e-19
2.624083131298306051e-20
5.292494914474653578e-19
3.691094485077158302e-20
2.166983655957014456e-20
7.648003795227280949e-20
0.000000000000000000e+00
0.000000000000000000e+00
1.656838558520271849e-20
1.291769451344476365e-19
0.000000000000000000e+00
1.272159669743200498e-19
4.708927203263001615e-19
1.989651911256020570e-19
2.495349306216387416e-19
0.000000000000000000e+00
1.700718888699241058e-20
1.598357344697294274e-20
2.421422790316576154e-19
2.132099919442584514e-20
1.509894366042644434e-20
1.272351107990732244e-19
0.000000000000000000e+00
0.000000000000000000e+00
5.221473929427747384e-19
0.000000000000000000e+00
0.000000000000000000e+00
1.205983686051573615e-20
1.248720284703396747e-19
1.360935545256111228e-20
2.376469528548583891e-19
7.247973130505205500e-20
0.000000000000000000e+00
0.000000000000000000e+00
0.000000000000000000e+00
0.000000000000000000e+00
0.000000000000000000e+00
1.199468005151670225e-19
8.466516887030109915e-21
5.913849963097936629e-21
0.000000000000000000e+00
1.748679758780362718e-19
7.995251692371534831e-21
4.872195827934742797e-21
6.104888835301926853e-20
1.756781808685664338e-19
6.447273213741315550e-20
0.000000000000000000e+00
6.294046055915114296e-19
1.304869990682667643e-19
1.243046347035734040e-19
2.945895159622470372e-19
2.412103570960858449e-19
1.415954552135606801e-20
1.059689502021879467e-20
6.638599533118198171e-20
9.868753955894988786e-21
8.095634694913875800e-21
1.774338517942391014e-19
1.225046639085516287e-19
2.920587922987645247e-19
1.051321283316883224e-20
2.342136647939232794e-19
1.230358951788312079e-19
8.325442945911470728e-21
6.486528064121727411e-21
5.615166285378592146e-21
4.790488946153765884e-21
3.447384099319507501e-19
1.778095069345414318e-19
6.568333197017645581e-21
4.590510559177755534e-19
9.065070594814347257e-21
6.249792481655509730e-20
4.032568542497432536e-19
1.219882209211651317e-19
2.905685560822187891e-19
1.781378017219528181e-19
0.000000000000000000e+00
1.188162377288783367e-19
1.755040681676722278e-19
0.000000000000000000e+00
2.307142958454250846e-19
4.017520727584904087e-19
0.000000000000000000e+00
0.000000000000000000e+00
5.938295584386107620e-20
2.199148294680304335e-21
3.421338761783211299e-19
4.566345801542384984e-19
0.000000000000000000e+00
0.000000000000000000e+00
1.145621549481932316e-19
5.748271657489570052e-20
2.540337380139447592e-22
3.564661506266661228e-23
4.392686276761967148e-24
3.994562731309200812e-25
5.094325889568458716e-26
6.184594212120888391e-27
7.046214631668606515e-28
7.905351363925274360e-29
8.333185678239182067e-30
8.295051071629737294e-31
8.241192924109221242e-32
8.585927732137364317e-33
9.518857846223327330e-34
1.099281322209531617e-34
1.278589288856397470e-35
1.463929038386931180e-36
1.632219789374180332e-37
1.753345995736379916e-38
1.797153083511887524e-39
1.768689125857106233e-40
1.720310554213466448e-41
1.731428714000162660e-42
1.871045972644258890e-43
2.172392785705936398e-44
2.631959645489981035e-45
3.224763053087348978e-46
3.922014562034434053e-47
4.703002060121032118e-48
5.559215711757544269e-49
6.491803521551285985e-50
7.505268855083406825e-51
8.601720545294583115e-52
9.779475717225493271e-53
1.103705127369566574e-53
1.238063906059779368e-54
1.383227662901237808e-55
1.543700727937961666e-56
1.726813705374062173e-57
1.942858965144146399e-58
2.204454736839738073e-59
2.524846942941165121e-60
2.915409719907776922e-61
3.383348279883948794e-62
3.930944026215542620e-63
4.557194970042139222e-64
5.261557580625860389e-65
6.048342922461018583e-66
6.929829701325248533e-67
7.926579659318941387e-68
9.064520322646195052e-69
1.036956364120541574e-69
1.186135888798869790e-70
1.354797382712169776e-71
1.542288306375702861e-72
1.746485839762914578e-73
1.964053822980208438e-74
2.190889103430957558e-75
2.422661882859438172e-76
2.655372648875701675e-77
2.885884481924772677e-78
3.112425527866235850e-79
3.335080569153112429e-80
3.556299794932154475e-81
3.781448180997091700e-82
4.019400657726493251e-83
4.283155579011279416e-84
4.590394936580107186e-85
4.963877177281154362e-86
5.431530108533573723e-87
6.026140481412734956e-88
6.784621973889769219e-89
7.746965965078421334e-90
8.955093788651935487e-91
1.045187694610592397e-91
1.228052878314876335e-92
1.448439284279196456e-93
1.710690769550630087e-94
2.019130832204515398e-95
2.377953830737222153e-96
2.790997742574913694e-97
3.261395332189282602e-98
3.791153689995459659e-99
4.380767549727157509e-100
5.029011374341559036e-101
5.733062333544947463e-102
6.489071588218600965e-103
7.293226291459779784e-104
8.143242578525608617e-105
9.040122739864763267e-106
9.989923839523401871e-107
1.100524396631499646e-107
1.210615155772076691e-108
1.332036590181238511e-109
1.468263212842125688e-110
1.623339825004536132e-111
1.801706304635156151e-112
2.008018733392746601e-113
2.247011772610439398e-114
2.523444328087488260e-115
2.842159001353944708e-116
3.208267321871704999e-117
3.627450654045999167e-118
4.106345395158557356e-119
4.652965200426918813e-120
5.277106192262734749e-121
5.990685357804652159e-122
6.807977252389616622e-123
7.745737225259426161e-124
8.823227170179785045e-125
1.006219021363170759e-125
1.148685789432671683e-126
1.312413717846347292e-127
1.500427239357821772e-128
1.716265512015656556e-129
1.964442525889421066e-130
2.251595916308845085e-131
2.589346073021656855e-132
3.001400266558022940e-133
3.541151342154235373e-134
4.335083290547666789e-135
5.689268983726512799e-136
8.349185935076962778e-137
1.412981655225888520e-137
2.743446420971325607e-138
5.889312047948370602e-139
1.340237114891933793e-139
3.137201488489208203e-140
7.424077727476097427e-141
1.760502566816049646e-141
4.165345517417553485e-142
9.812703396440957971e-143
2.299427034959933727e-143
5.357153966205151444e-144
1.240582876195440172e-144
2.855202054421029382e-145
6.530290645918528516e-146
1.484187643341228610e-146
3.351868166391779130e-147
7.521604100049660367e-148
1.677042906213392910e-148
3.715123721271911028e-149
8.176797391026078027e-150
1.787967162585197597e-150
3.884075515892870180e-151
8.382103903098026136e-152
1.796970767645786980e-152
3.826809535335880631e-153
8.095165318583381830e-154
1.700954599443140337e-154
3.549954918052011383e-155
7.358697779031842268e-156
1.514997478139853127e-156
3.097707243912942905e-157
6.290294200012242302e-158
1.268493303493804090e-158
2.540249904025949090e-159
5.051496571803128134e-160
9.974778159540781234e-161
1.955735422408682534e-161
3.807366093382976526e-162
7.359202589967214664e-163
1.412252217126559864e-163
2.690623027276188896e-164
5.089042989407554130e-165
9.555326837633264505e-166
1.781002447279768076e-166
3.295158442902288938e-167
6.051514369645068933e-168
1.103089813338737137e-168
1.995720252519576371e-169
3.583548423178391049e-170
6.386081224898701209e-171
1.129394739576444717e-171
1.982119097198454748e-172
3.451984056928723127e-173
5.965476505005459713e-174
1.022918370984692045e-174
1.740356977585434741e-175
2.937779155947788253e-176
4.920001140697763259e-177
8.174443588632638697e-178
1.347347763038152144e-178
2.202983091448454699e-179
3.573007278065171521e-180
5.748163588675548410e-181
9.172292558753079633e-182
1.451647575207389099e-182
2.278556658263685501e-183
3.546945528202844501e-184
5.475525789351318706e-185
8.382126467917551717e-186
1.272389210284805207e-186
1.915152325145169482e-187
2.858145268035574866e-188
4.229050104347027926e-189
6.203813144932701310e-190
9.022182101750703285e-191
1.300711531373351191e-191
1.858858355755578688e-192
2.633217646736064480e-193
3.697272616515387489e-194
5.145284780882051614e-195
7.096585039863104246e-196
9.700187766129925226e-197
1.313953954454582730e-197
1.763712623436213622e-198
2.345856393063709071e-199
3.091569731494909500e-200
4.036813185444462514e-201
5.222254630536429515e-202
6.692908351003730981e-203
8.497411669781021804e-204
1.068687517634039896e-204
1.331325678651429884e-205
1.642723295068029844e-206
2.007557265090462901e-207
2.429806079579369873e-208
2.912406548283539742e-209
3.456889533553620718e-210
4.063014448194389376e-211
4.728426843129746139e-212
5.448366819389333982e-213
6.215457648018532533e-214
7.019603337366717241e-215
7.848020562138542920e-216
8.685424197870958104e-217
9.514376809195068792e-218
1.031580126396274674e-218
1.106964295442001803e-219
1.175565494793545463e-220
1.235426700451276202e-221
1.284748909816660311e-222
1.321979309696633454e-223
1.345891358905992562e-224
1.355651110724749640e-225
1.350864833424906428e-226
1.331604185662054995e-227
1.298406774240692929e-228
1.252251726630630064e-229
1.194511781559205952e-230
1.126885158693827172e-231
1.051311943163812199e-232
9.698807724176463596e-234
8.847321477414136612e-235
7.979646733474535531e-236
7.115499747108592840e-237
6.272610424803851512e-238
5.466174104298972987e-239
4.708490546920195671e-240
4.008793546628145888e-241
3.373260310330536551e-242
2.805177946843780122e-243
2.305235853282514300e-244
1.871907911496027968e-245
1.501887178471765115e-246
1.190537775979402558e-247
9.323332815110084202e-249
7.212572592587713088e-250
5.511487689430432333e-251
4.159829375970863607e-252
3.100833041194138732e-253
2.282681694160243400e-254
1.659373349416270421e-255
1.191083135783994948e-256
8.441243539777468920e-258
5.906144976894845089e-259
4.079451447666880074e-260
2.781415328220014797e-261
1.871813114670429932e-262
1.243247485602258709e-263
8.149233914153099555e-265
5.271150653294996208e-266
3.364252723107537221e-267
2.118513073283346107e-268
1.316126310212761811e-269
8.065887012068222175e-271
4.875945088206624689e-272
2.907242557302901222e-273
1.709554327797426254e-274
9.913495590089911099e-276
5.668599772738396676e-277
3.195893739355177815e-278
1.776391194390165995e-279
9.733667648970249923e-281
5.257358570265703091e-282
2.798808030670271981e-283
1.468432456198691067e-284
7.592254997763111763e-286
3.867976363777882636e-287
1.941569690451407070e-288
9.601473688897015798e-290
4.677327713541837974e-291
2.244355228283535951e-292
1.060664022296136800e-293
4.936449708314371864e-295
2.262351413602614866e-296
1.020872130967069170e-297
4.535296224626209997e-299
1.983442947441855539e-300
8.538269239595706430e-302
3.617528850269799541e-303
1.508348656627728668e-304
6.188625660610811588e-306
2.498297619175101444e-307
9.922154017594288901e-309
3.876443965396460325e-310
1.489636545898621356e-311
5.629884243926260997e-313
2.092394620513364124e-314
7.646539031609185506e-316
2.747357259682815594e-317
9.703893943403339250e-319
3.369033638991460185e-320
1.146232298351691982e-321
3.952525166729972353e-323
0.000000000000000000e+00
0.000000000000000000e+00
0.000000000000000000e+00
0.000000000000000000e+00
0.000000000000000000e+00
0.000000000000000000e+00
0.000000000000000000e+00
0.000000000000000000e+00
0.000000000000000000e+00
0.000000000000000000e+00
0.000000000000000000e+00
0.000000000000000000e+00
0.000000000000000000e+00
0.000000000000000000e+00
0.000000000000000000e+00
0.000000000000000000e+00
0.000000000000000000e+00
0.000000000000000000e+00
0.000000000000000000e+00
0.000000000000000000e+00
0.000000000000000000e+00
0.000000000000000000e+00
0.000000000000000000e+00
0.000000000000000000e+00
0.000000000000000000e+00
0.000000000000000000e+00
0.000000000000000000e+00
0.000000000000000000e+00
0.000000000000000000e+00
0.000000000000000000e+00
0.000000000000000000e+00
0.000000000000000000e+00
0.000000000000000000e+00
0.000000000000000000e+00
0.000000000000000000e+00
0.000000000000000000e+00
0.000000000000000000e+00
0.000000000000000000e+00
0.000000000000000000e+00
0.000000000000000000e+00
0.000000000000000000e+00
0.000000000000000000e+00
0.000000000000000000e+00
0.000000000000000000e+00
0.000000000000000000e+00
0.000000000000000000e+00
0.000000000000000000e+00
0.000000000000000000e+00
0.000000000000000000e+00
0.000000000000000000e+00
0.000000000000000000e+00
0.000000000000000000e+00
0.000000000000000000e+00
0.000000000000000000e+00
0.000000000000000000e+00
0.000000000000000000e+00
0.000000000000000000e+00
0.000000000000000000e+00
0.000000000000000000e+00
0.000000000000000000e+00
0.000000000000000000e+00
0.000000000000000000e+00
0.000000000000000000e+00
0.000000000000000000e+00
0.000000000000000000e+00
0.000000000000000000e+00
0.000000000000000000e+00
0.000000000000000000e+00
0.000000000000000000e+00
0.000000000000000000e+00
0.000000000000000000e+00
0.000000000000000000e+00
0.000000000000000000e+00
0.000000000000000000e+00
0.000000000000000000e+00
0.000000000000000000e+00
0.000000000000000000e+00
0.000000000000000000e+00
0.000000000000000000e+00
0.000000000000000000e+00
0.000000000000000000e+00
0.000000000000000000e+00
0.000000000000000000e+00
0.000000000000000000e+00
0.000000000000000000e+00
0.000000000000000000e+00
0.000000000000000000e+00
0.000000000000000000e+00
0.000000000000000000e+00
0.000000000000000000e+00
0.000000000000000000e+00
0.000000000000000000e+00
0.000000000000000000e+00
0.000000000000000000e+00
0.000000000000000000e+00
0.000000000000000000e+00
0.000000000000000000e+00
0.000000000000000000e+00
0.000000000000000000e+00
0.000000000000000000e+00
0.000000000000000000e+00
0.000000000000000000e+00
0.000000000000000000e+00
0.000000000000000000e+00
0.000000000000000000e+00
0.000000000000000000e+00
0.000000000000000000e+00
0.000000000000000000e+00
0.000000000000000000e+00
0.000000000000000000e+00
0.000000000000000000e+00
0.000000000000000000e+00
0.000000000000000000e+00
0.000000000000000000e+00
0.000000000000000000e+00
0.000000000000000000e+00
0.000000000000000000e+00
0.000000000000000000e+00
0.000000000000000000e+00
0.000000000000000000e+00
0.000000000000000000e+00
0.000000000000000000e+00
0.000000000000000000e+00
0.000000000000000000e+00
0.000000000000000000e+00
0.000000000000000000e+00
0.000000000000000000e+00
0.000000000000000000e+00
0.000000000000000000e+00
0.000000000000000000e+00
0.000000000000000000e+00
0.000000000000000000e+00
0.000000000000000000e+00
0.000000000000000000e+00
0.000000000000000000e+00
0.000000000000000000e+00
0.000000000000000000e+00
0.000000000000000000e+00
0.000000000000000000e+00
0.000000000000000000e+00
0.000000000000000000e+00
0.000000000000000000e+00
0.000000000000000000e+00
0.000000000000000000e+00
0.000000000000000000e+00
0.000000000000000000e+00
0.000000000000000000e+00
0.000000000000000000e+00
0.000000000000000000e+00
0.000000000000000000e+00
0.000000000000000000e+00
0.000000000000000000e+00
0.000000000000000000e+00
0.000000000000000000e+00
0.000000000000000000e+00
0.000000000000000000e+00
0.000000000000000000e+00
0.000000000000000000e+00
0.000000000000000000e+00
0.000000000000000000e+00
0.000000000000000000e+00
0.000000000000000000e+00
0.000000000000000000e+00
0.000000000000000000e+00
0.000000000000000000e+00
0.000000000000000000e+00
0.000000000000000000e+00
0.000000000000000000e+00
0.000000000000000000e+00
0.000000000000000000e+00
0.000000000000000000e+00
0.000000000000000000e+00
0.000000000000000000e+00
0.000000000000000000e+00
0.000000000000000000e+00
0.000000000000000000e+00
0.000000000000000000e+00
0.000000000000000000e+00
0.000000000000000000e+00
0.000000000000000000e+00
0.000000000000000000e+00
0.000000000000000000e+00
0.000000000000000000e+00
0.000000000000000000e+00
0.000000000000000000e+00
0.000000000000000000e+00
0.000000000000000000e+00
0.000000000000000000e+00
0.000000000000000000e+00
0.000000000000000000e+00
0.000000000000000000e+00
0.000000000000000000e+00
0.000000000000000000e+00
0.000000000000000000e+00
0.000000000000000000e+00
0.000000000000000000e+00
0.000000000000000000e+00
0.000000000000000000e+00
0.000000000000000000e+00
0.000000000000000000e+00
0.000000000000000000e+00
0.000000000000000000e+00
0.000000000000000000e+00
0.000000000000000000e+00
0.000000000000000000e+00
0.000000000000000000e+00
0.000000000000000000e+00
0.000000000000000000e+00
0.000000000000000000e+00
0.000000000000000000e+00
0.000000000000000000e+00
0.000000000000000000e+00
0.000000000000000000e+00
0.000000000000000000e+00
0.000000000000000000e+00
0.000000000000000000e+00
0.000000000000000000e+00
0.000000000000000000e+00
0.000000000000000000e+00
0.000000000000000000e+00
0.000000000000000000e+00
0.000000000000000000e+00
0.000000000000000000e+00
0.000000000000000000e+00
0.000000000000000000e+00
0.000000000000000000e+00
0.000000000000000000e+00
0.000000000000000000e+00
0.000000000000000000e+00
0.000000000000000000e+00
0.000000000000000000e+00
0.000000000000000000e+00
0.000000000000000000e+00
0.000000000000000000e+00
0.000000000000000000e+00
0.000000000000000000e+00
0.000000000000000000e+00
0.000000000000000000e+00
0.000000000000000000e+00
0.000000000000000000e+00
0.000000000000000000e+00
0.000000000000000000e+00
0.000000000000000000e+00
0.000000000000000000e+00
0.000000000000000000e+00
0.000000000000000000e+00
0.000000000000000000e+00
0.000000000000000000e+00
0.000000000000000000e+00
0.000000000000000000e+00
0.000000000000000000e+00
0.000000000000000000e+00
0.000000000000000000e+00
0.000000000000000000e+00
0.000000000000000000e+00
0.000000000000000000e+00
0.000000000000000000e+00
0.000000000000000000e+00
0.000000000000000000e+00
0.000000000000000000e+00
0.000000000000000000e+00
0.000000000000000000e+00
0.000000000000000000e+00
0.000000000000000000e+00
0.000000000000000000e+00
0.000000000000000000e+00
0.000000000000000000e+00
0.000000000000000000e+00
0.000000000000000000e+00
0.000000000000000000e+00
0.000000000000000000e+00
0.000000000000000000e+00
