2.139319967736471872e-01
2.754338713162923433e-02
8.850403994181575348e-03
5.313041789279610537e-03
4.740506832833932260e-03
4.849285829116959171e-03
5.099355525283011392e-03
5.360244811073005752e-03
5.605110086487912271e-03
5.831873749759832783e-03
6.043107037059273871e-03
6.241445876922505076e-03
6.428854399767392272e-03
6.606696261378874717e-03
6.775901885027352592e-03
6.937100141195158727e-03
7.090708393990509742e-03
7.236993439215745096e-03
7.376113882789418937e-03
7.508150685041172119e-03
7.633129920050821769e-03
7.751040197097030376e-03
7.861846259880695548e-03
7.965499732251463474e-03
8.061947651277077270e-03
8.151139227913431137e-03
8.233031150764878042e-03
8.307591669686758759e-03
8.374803645487349443e-03
8.434666718843205832e-03
8.487198728966331360e-03
8.532436496315680408e-03
8.570436071104721790e-03
8.601272538922838731e-03
8.625039465537233038e-03
8.641848054368879775e-03
8.651826082001431301e-03
8.655116669301347876e-03
8.651876938303814171e-03
8.642276597994127257e-03
8.626496495541126353e-03
8.604727163468033763e-03
8.577167387712742244e-03
8.544022816554022390e-03
8.505504625965153512e-03
8.461828253091850660e-03
8.413212206214026531e-03
8.359876956707238196e-03
8.302043916133027349e-03
8.239934499614834720e-03
8.173769275052918809e-03
8.103767196457367303e-03
8.030144918686542982e-03
7.953116190132924687e-03
7.872891319360897019e-03
7.789676711337820830e-03
7.703674468682039124e-03
7.615082053251092352e-03
7.524092003388866898e-03
7.430891702220094805e-03
7.335663192508392987e-03
7.238583033765508441e-03
7.139822197500892906e-03
7.039545996725198387e-03
6.937914046056541280e-03
6.835080249021979575e-03
6.731192809389761368e-03
6.626394263609524694e-03
6.520821531670748655e-03
6.414605983917847677e-03
6.307873521574177376e-03
6.200744668933597104e-03
6.093334675369895155e-03
5.985753625495157312e-03
5.878106555966309578e-03
5.770493577594928286e-03
5.663010001559575825e-03
5.555746468652381087e-03
5.448789080613497537e-03
5.342219532718961439e-03
5.236115246888125782e-03
5.130549504671060891e-03
5.025591579559125777e-03
4.921306868139186698e-03
4.817757019680646638e-03
4.715000063806753725e-03
4.613090535958310097e-03
4.512079600407536625e-03
4.412015170626037638e-03
4.312942026850628656e-03
4.214901930727260083e-03
4.117933736945039551e-03
4.022073501801065251e-03
3.927354588661839847e-03
3.833807770308560268e-03
3.741461328173581371e-03
3.650341148491283595e-03
3.560470815401186283e-03
3.471871701053516092e-03
3.384563052777356425e-03
3.298562077380132358e-03
3.213884022654323481e-03
3.130542256172457859e-03
3.048548341455696933e-03
2.967912111604276669e-03
2.888641740480274271e-03
2.810743811533555729e-03
2.734223384362657189e-03
2.659084059101061645e-03
2.585328038718598224e-03
2.512956189325675580e-03
2.441968098565802745e-03
2.372362132179171076e-03
2.304135488817149642e-03
2.237284253184171953e-03
2.171803447579887577e-03
2.107687081911102048e-03
2.044928202238957896e-03
1.983518937923159364e-03
1.923450547421023601e-03
1.864713462795685285e-03
1.807297332983404548e-03
1.751191065866814856e-03
1.696382869196989092e-03
1.642860290403751937e-03
1.590610255330520513e-03
1.539619105926501611e-03
1.489872636926358601e-03
1.441356131544272411e-03
1.394054396207087794e-03
1.347951794348339286e-03
1.303032279283106816e-03
1.259279426181211499e-03
1.216676463154611970e-03
1.175206301473108016e-03
1.134851564920857361e-03
1.095594618305056325e-03
1.057417595126756201e-03
1.020302424422986180e-03
9.842308567884093182e-04
9.491844895840428464e-04
9.151447913400856957e-04
8.820931253593880441e-04
8.500107725279342028e-04
8.188789533382724627e-04
7.886788491320936454e-04
7.593916225677718517e-04
7.309984373190946301e-04
7.034804770113691321e-04
6.768189634014028537e-04
6.509951738081096390e-04
6.259904578008536379e-04
6.017862531529465098e-04
5.783641010682670849e-04
5.557056606891842224e-04
5.337927228946267016e-04
5.126072233975213950e-04
4.921312551512543269e-04
4.723470800753733299e-04
4.532371401112111507e-04
4.347840676185243491e-04
4.169706951247597422e-04
3.997800644390362172e-04
3.831954351432804778e-04
3.672002924734439904e-04
3.517783546041129109e-04
3.369135793501546470e-04
3.225901702994405512e-04
3.087925823909630453e-04
2.955055269530122556e-04
2.827139762162541843e-04
2.704031673168940698e-04
2.585586058052006956e-04
2.471660686749561279e-04
2.362116069294104622e-04
2.256815476995688134e-04
2.155624959306060777e-04
2.058413356523211600e-04
1.965052308495498200e-04
1.875416259484636336e-04
1.789382459346017717e-04
1.706830961184919960e-04
1.627644615645806934e-04
1.551709061990903154e-04
1.478912716123095860e-04
1.409146755706297517e-04
1.342305102534901702e-04
1.278284402301660112e-04
1.216984001911462527e-04
1.158305924485799753e-04
1.102154842200093321e-04
1.048438047093806997e-04
9.970654199897969778e-05
9.479493976568333655e-05
9.010049383455527431e-05
8.561494858257124013e-05
8.133029320483012097e-05
7.723875785531987602e-05
7.333280967397212376e-05
6.960514871132005455e-05
6.604870376176754613e-05
6.265662811608949990e-05
5.942229524341263215e-05
5.633929441253961921e-05
5.340142626214830593e-05
5.060269832896302977e-05
4.793732054266817207e-05
4.539970069593599652e-05
4.298443989756889935e-05
4.068632801640963739e-05
3.850033912325836560e-05
3.642162693773371113e-05
3.444552028660307990e-05
3.256751857978412387e-05
3.078328730987414744e-05
2.908865358068457162e-05
2.747960166998961686e-05
2.595226863129338588e-05
2.450293993916136549e-05
2.312804518230956354e-05
2.182415380836989625e-05
2.058797092391986396e-05
1.941633315309953422e-05
1.830620455786917573e-05
1.725467262264032572e-05
1.625894430583107609e-05
1.531634216054722717e-05
1.442430052643678579e-05
1.358036179446999543e-05
1.278217274620693546e-05
1.202748096886732874e-05
1.131413134734991790e-05
1.064006263410853348e-05
1.000330409764502019e-05
9.401972250156255415e-06
8.834267654750753294e-06
8.298471812437325720e-06
7.792944128987320607e-06
7.316118961573943376e-06
6.866502745005977864e-06
6.442671197218325892e-06
6.043266603548309304e-06
5.666995179276180702e-06
5.312624509694341322e-06
4.978981067021873070e-06
4.664947803241500830e-06
4.369461817953412800e-06
4.091512100224675465e-06
3.830137343364182253e-06
3.584423831465437496e-06
3.353503396502359349e-06
3.136551444762661910e-06
2.932785051291836930e-06
2.741461121003396843e-06
2.561874615113091937e-06
2.393356841464999767e-06
2.235273807338463324e-06
2.087024633272164373e-06
1.948040026455368678e-06
1.817780812194952306e-06
1.695736521982318451e-06
1.581424036648459372e-06
1.474386283140792465e-06
1.374190983402909344e-06
1.280429453878123145e-06
1.192715454163557379e-06
1.110684083315159762e-06
1.033990722379802567e-06
9.623100216718734316e-07
8.953349313847028872e-07
8.327757741192771607e-07
7.743593579223146982e-07
7.198281284925810452e-07
6.689393591636209415e-07
6.214643773724121733e-07
5.771878262880234397e-07
5.359069603418138688e-07
4.974309733902212071e-07
4.615803583053638044e-07
4.281862967894475532e-07
3.970900782486443338e-07
3.681425465925183242e-07
3.412035738475673742e-07
3.161415595051302831e-07
2.928329545613335294e-07
2.711618092246650586e-07
2.510193432997108354e-07
2.323035382954772843e-07
2.149187503178086809e-07
1.987753428542623748e-07
1.837893385683606303e-07
1.698820892698650054e-07
1.569799632438446041e-07
1.450140491439056267e-07
1.339198756998705487e-07
1.236371465013940435e-07
1.141094891533645199e-07
1.052842181301671545e-07
9.711211065901674449e-08
8.954719502190140703e-08
8.254655065878064243e-08
7.607011949845789937e-08
7.008052796020629859e-08
6.454291908415450503e-08
5.942479428825441582e-08
5.469586425851733264e-08
5.032790849931564174e-08
4.629464309503414595e-08
4.257159625815762557e-08
3.913599124969254213e-08
3.596663627818837413e-08
3.304382100544180335e-08
3.034921930034867457e-08
2.786579790423799331e-08
2.557773067410537991e-08
2.347031810771063510e-08
2.152991183868961612e-08
1.974384384291679815e-08
1.810036006885038380e-08
1.658855826081398972e-08
1.519832970591726535e-08
1.392030471422977079e-08
1.274580157542457326e-08
1.166677881732312755e-08
1.067579056068486338e-08
9.765944778574270338e-09
8.930864301438035748e-09
8.164650385828573053e-09
7.461848705560280608e-09
6.817417608078200241e-09
6.226698495555094471e-09
5.685388209209616142e-09
5.189513278790054310e-09
4.735405928246295782e-09
4.319681732033351156e-09
3.939218792789422760e-09
3.591138379088393911e-09
3.272786896932613357e-09
2.981719131645415235e-09
2.715682656591403902e-09
2.472603353744621151e-09
2.250571960050789778e-09
2.047831564804087434e-09
1.862766020038974913e-09
1.693889169439853197e-09
1.539834869585819322e-09
1.399347732331970576e-09
1.271274542818340475e-09
1.154556312096272225e-09
1.048220918137299161e-09
9.513762799968900591e-10
8.632040633365275773e-10
7.829538339321109588e-10
7.099376684081133408e-10
6.435251634388949302e-10
5.831388260976762749e-10
5.282498182219102727e-10
4.783740252581041473e-10
4.330684277162286412e-10
3.919277506405264971e-10
3.545813824239291994e-10
3.206905222329865192e-10
2.899455617441241125e-10
2.620636650694766188e-10
2.367865455600794753e-10
2.138784168212528350e-10
1.931241052497060383e-10
1.743273204273873279e-10
1.573090592471437346e-10
1.419061376351860120e-10
1.279698461259775653e-10
1.153647159641228485e-10
1.039673808017879033e-10
9.366553172581860793e-11
8.435696935482276367e-11
7.594871890789678362e-11
6.835623175826884115e-11
6.150264754023136458e-11
5.531811880369669185e-11
4.973919429802774725e-11
4.470825270057864778e-11
4.017298597224405165e-11
3.608592561250357993e-11
3.240401049734118712e-11
2.908819121763260134e-11
2.610306864700077375e-11
2.341656407243102225e-11
2.099961609002589809e-11
1.882591135882927545e-11
1.687162762371938943e-11
1.511520770235670023e-11
1.353715135683832262e-11
1.211982442379906833e-11
1.084728606867901663e-11
9.705132307660197324e-12
8.680350396047223429e-12
7.761190887468011858e-12
6.937046174604857300e-12
6.198346659577552549e-12
5.536456503228620042e-12
4.943593525743347349e-12
4.412737614584251060e-12
3.937566432748433148e-12
3.512383592442117469e-12
3.132060234518514341e-12
2.791979520187925368e-12
2.487987552664354391e-12
2.216347210843557039e-12
1.973699279725486896e-12
1.757023054707462716e-12
1.563605482943118812e-12
1.391009380203077720e-12
1.237045448780122524e-12
1.099750761013640722e-12
9.773616236087562406e-13
8.682985944734426943e-13
7.711429024259975903e-13
6.846249868980804151e-13
6.076069943451824559e-13
5.390694757248955132e-13
4.780998242031835928e-13
4.238806013147153325e-13
3.756821525610189300e-13
3.328494263491002384e-13
2.947997898651892157e-13
2.610099913423954691e-13
2.310137188826798593e-13
2.043944086019911058e-13
1.807797815340507255e-13
1.598385870976171943e-13
1.412748666570566698e-13
1.248238735661877066e-13
1.102505662161431385e-13
9.734449439470258154e-14
8.591959331212857442e-14
7.580956356717197363e-14
6.686562170033799785e-14
5.895671016352164652e-14
5.196473724215782418e-14
4.578645574647975760e-14
4.032821882974930375e-14
3.550844014674371152e-14
3.125384225316870302e-14
2.749936809152084311e-14
2.418746648210638562e-14
2.126705876239159900e-14
1.869243767665259823e-14
1.642375015375463344e-14
1.442528201285292219e-14
1.266560007254457630e-14
1.111683302881385600e-14
9.753866049380118614e-15
8.555166933816090468e-15
7.500964744630636633e-15
6.574218462519296764e-15
5.760106584786198438e-15
5.045012967527937675e-15
4.416752407837872866e-15
3.865640857077671955e-15
3.382016759855223781e-15
2.958021974928640364e-15
2.585959406377247431e-15
2.260030370160943103e-15
1.974459177903748764e-15
1.724306229532722480e-15
1.505320246935985484e-15
1.313656861193339774e-15
1.145801843896092962e-15
9.993054208898900232e-16
8.711420093280222725e-16
7.590457238286998789e-16
6.612306128622236151e-16
5.758229778299967999e-16
5.011643896254595322e-16
4.360226725209171844e-16
3.789558561808289341e-16
3.294932720574078715e-16
2.863902360336314402e-16
2.489033483058763395e-16
2.158108870943820337e-16
1.874245521001395123e-16
1.624459370115434646e-16
1.408999415171053370e-16
1.221307291136954126e-16
1.058222057689497569e-16
9.153819219981978576e-17
7.933099383303658881e-17
6.855055197651095296e-17
5.906846928552093326e-17
5.122260494299852215e-17
4.436894400928733780e-17
3.844516904433445808e-17
3.325289542138179974e-17
2.866961884238849268e-17
2.496296093791558765e-17
2.143402227551512863e-17
1.848217767599340383e-17
1.597465735373191944e-17
1.370666754049063493e-17
1.182902630854585971e-17
1.024341219621124601e-17
8.862609859019531311e-18
7.562126161710313752e-18
6.612192115763910541e-18
5.857150003172715814e-18
4.996081626773619559e-18
4.327873541582840997e-18
3.612312348464754045e-18
3.130124684833049050e-18
2.699690864753422528e-18
2.418552843607766064e-18
2.028291106416261048e-18
1.737398478856214367e-18
1.542472223656765974e-18
1.234674341263302833e-18
8.394462420170279789e-19
1.160423330592971181e-18
8.571956980009096502e-19
6.372063147249194622e-19
6.240433178531979252e-19
5.920390140439506200e-19
4.868711114104193574e-19
5.095117309758643136e-19
4.081020976125905036e-19
2.860478123599277125e-19
2.343494297879212187e-19
1.992141743136475789e-19
7.959629472929539740e-20
9.928697983048480826e-20
2.140739146558392147e-19
1.653270492285295683e-19
1.429703602150628906e-19
8.276993754443347413e-20
1.796795307762619160e-19
1.203967288067985361e-19
1.007239578321176532e-19
1.136645250158918103e-19
1.578143871142007527e-19
1.402758020525361448e-19
3.816277343961637625e-20
3.170762817480092823e-19
1.653052511884841821e-19
1.320122040465614641e-19
1.918732729446098241e-19
1.810208038809900221e-19
8.727981014276534526e-20
6.704417603122324402e-20
8.450563893092740847e-20
6.540423473618739274e-20
5.970995977724479449e-20
1.256724933744991981e-19
1.166103225575557178e-19
1.819520623502846358e-19
8.243659238843201322e-20
1.523312381387724182e-19
1.213200624253376286e-19
6.968880438303119494e-20
5.898079221113295315e-20
5.634363750661476595e-20
5.527945668150048631e-20
1.905674599139888984e-19
1.500889660782734900e-19
7.488967813650599415e-20
2.406196393003534369e-19
9.313019406833252593e-20
8.660226871075261747e-20
2.222016907534881929e-19
1.357846851359186769e-19
1.871007722184802781e-19
1.529541564619048870e-19
0.000000000000000000e+00
1.019556730417436851e-19
1.364032456475209638e-19
3.035350220777077624e-20
1.480011655669614090e-19
2.362004021255562521e-19
5.033600155333256986e-20
3.927599756153051388e-20
7.880502719699270499e-20
6.493596709405093797e-20
1.969748437124006184e-19
2.683231063377414638e-19
5.665760241886258237e-20
0.000000000000000000e+00
1.019041424524526938e-19
9.188937036719530019e-20
1.812145398095768328e-19
1.074989196992971666e-19
7.149684657427783882e-20
8.619881753145829877e-20
6.681001352958889488e-20
1.299537387840894516e-19
7.436005508437029605e-20
1.777047125769139330e-20
1.008662331016989065e-19
1.351179933706049024e-19
0.000000000000000000e+00
9.904249404197846009e-21
9.814104626694972897e-20
1.923481475151931373e-20
1.434709495511394299e-19
7.213610155557826397e-20
0.000000000000000000e+00
5.121753602149135672e-21
3.447528660977873124e-21
2.257375734240856066e-21
0.000000000000000000e+00
9.063667356490772996e-20
5.634678980309323255e-20
4.934409459099454260e-20
1.379688025038881497e-19
6.327881611252268338e-20
0.000000000000000000e+00
1.330908981350524336e-19
5.722737601352652537e-20
4.663623977875102393e-20
1.120578173034344560e-19
1.467870428269395877e-19
6.217509632338479600e-20
1.419168258384112319e-21
3.994347251190703850e-20
1.547185314296900231e-19
1.302048941811346547e-19
0.000000000000000000e+00
8.575313668186313054e-20
4.935383469198091315e-20
2.691438278851843422e-19
8.232970140649529019e-20
2.086403654417734600e-19
2.754476558945154347e-20
2.129284684769269438e-20
1.759156632558739659e-19
0.000000000000000000e+00
4.217919615441419245e-20
1.108629478252113946e-19
1.004685551378647727e-19
9.846315336680463161e-20
1.435562420272472421e-19
2.877905252452163292e-19
2.236090265058535709e-19
7.815656842186587627e-20
0.000000000000000000e+00
0.000000000000000000e+00
2.241023097429285395e-19
1.460382975007839842e-19
1.115153793559730862e-19
2.414985031743830099e-19
3.794159438743279878e-20
1.647285886062572223e-19
9.380019286870357236e-20
1.733157686752436523e-19
0.000000000000000000e+00
9.566758714834016743e-20
8.268084671553276082e-20
5.843314727070200113e-20
8.103081201195216285e-21
4.789576541489566617e-20
2.319798535731446453e-19
1.726586049508803494e-19
5.053642407530110934e-20
6.137560869720116038e-21
1.385911854137597356e-19
0.000000000000000000e+00
0.000000000000000000e+00
1.824491176561127721e-19
1.367812553267491463e-19
0.000000000000000000e+00
9.337704116793680848e-20
1.478260897333465353e-19
1.115188293993952578e-19
1.512726333522402445e-20
0.000000000000000000e+00
4.500270979410911576e-20
2.288551257805011090e-19
7.775086519918121930e-20
1.218193684205675160e-19
6.099176506307605678e-20
5.053192408416926450e-20
7.089077202941889874e-20
5.172213258345525378e-20
7.026762296665790836e-20
7.343524715355245650e-20
1.190058325677705585e-19
1.032955468928438192e-19
9.745561150541156307e-21
0.000000000000000000e+00
4.104696063861843435e-20
4.293015202643294482e-20
8.787435823015024402e-20
1.852684481322280053e-19
8.765988285712952542e-20
5.061244112915369917e-20
1.341997910423598548e-19
1.924319313814064310e-19
4.014861107616914876e-20
4.186279660505749915e-20
8.707228709410442094e-20
1.360320574384777977e-19
7.540826426161816764e-20
9.246390914682339205e-20
9.424640496539925852e-20
0.000000000000000000e+00
0.000000000000000000e+00
8.196387410638851479e-20
1.134379002782644158e-19
5.070820767586319976e-20
6.324273509265406450e-20
4.254122871780903345e-20
2.423998632011250860e-19
6.929422550606590745e-20
0.000000000000000000e+00
1.268941826621320098e-19
1.647179180379202197e-19
5.796587683232866547e-20
4.187851029622095533e-20
1.974774595449586867e-19
1.719039401949083300e-20
0.000000000000000000e+00
2.396707805189481704e-19
9.135702115900721455e-20
4.824714673879723749e-20
1.540418995974277144e-19
1.699425451308593172e-19
1.506080696882836082e-19
5.757699912156570211e-20
4.387097203976847756e-20
1.092814148166451782e-19
1.872429888614635911e-19
1.991261432472853639e-19
2.247249118170935015e-19
2.297249949499146059e-19
5.037987907581608318e-20
4.610417782172596133e-20
1.591177349932291639e-19
3.983734275228297862e-20
2.487432589576304099e-19
5.334972639990336115e-20
1.381810801239108516e-19
0.000000000000000000e+00
1.809719337462641875e-19
2.251643286376950919e-19
1.648559922039254214e-19
2.107768958535507137e-20
1.387211961940573808e-19
1.073684719767962200e-19
1.486757123801755570e-19
2.454307964145999199e-19
1.694171076340355404e-19
1.569289638760339210e-19
6.745448772176190428e-20
5.489192318950848022e-20
5.249222843320153869e-20
5.166106466332972045e-20
1.190836578939859740e-19
0.000000000000000000e+00
1.159121182120678782e-19
5.940281255795964298e-20
1.870415493735065420e-19
0.000000000000000000e+00
2.466989657191483286e-21
1.131541434193548449e-19
5.690872627644758373e-20
9.398951797311633920e-20
0.000000000000000000e+00
6.631907676680148763e-20
4.845326330590860640e-20
4.486813158470202347e-20
6.624636502725881918e-20
4.636911417493233452e-20
2.012701903163915299e-19
1.815952825687596658e-20
4.166226435445140576e-20
0.000000000000000000e+00
2.189454208533977739e-19
1.840120756658146077e-20
6.270664401469459555e-20
1.334805777830597314e-19
1.847313161693470846e-19
1.325638077013054808e-20
1.520614104798407178e-19
1.446076161181176106e-19
1.893671359554505269e-19
0.000000000000000000e+00
1.071233587836552956e-19
4.853923663791297647e-20
6.309312783629347085e-20
0.000000000000000000e+00
3.605201073534025630e-20
2.863962176950968045e-19
7.008882702197178984e-20
8.871672997429850133e-20
4.486237013112959420e-20
0.000000000000000000e+00
5.771623585654409148e-20
0.000000000000000000e+00
1.928303926758847025e-19
5.609696743678240680e-20
8.448093032641191764e-20
1.780510191208266998e-19
2.129313064924346780e-19
5.987777947223974654e-20
6.342439286455652125e-20
6.355534408924090229e-20
4.064315565014904911e-20
0.000000000000000000e+00
3.367434540227419133e-20
3.472357550655259741e-20
1.476640518839817768e-19
7.120554949177383972e-20
1.304520129187457870e-19
9.174087043311251250e-20
1.098046761159499705e-19
4.423133886007695771e-20
1.943565901183453869e-19
1.676283313975003347e-19
5.225532125499819081e-20
1.059402540720610485e-19
2.030027563878664008e-19
0.000000000000000000e+00
5.854432659635558517e-20
8.430617051618106236e-20
4.144953708253341476e-20
2.401340931325966383e-19
1.514921314542335541e-20
0.000000000000000000e+00
3.344481007724721424e-20
3.442462563839213522e-20
0.000000000000000000e+00
1.448630851941322535e-19
1.373315386274521727e-19
0.000000000000000000e+00
7.797375879156947116e-20
1.547643095162884505e-20
3.099807614127473294e-20
0.000000000000000000e+00
5.182144923707873752e-20
0.000000000000000000e+00
9.628363886345152365e-20
3.726765391460572337e-20
0.000000000000000000e+00
1.174538181448594195e-19
3.571326864885496229e-20
2.850381002274613925e-20
4.958491954040835079e-20
0.000000000000000000e+00
1.153100772294170723e-19
3.326455521052784523e-20
1.167998099436367944e-19
0.000000000000000000e+00
0.000000000000000000e+00
1.813889254031838122e-19
4.193755383547394841e-20
9.474348094391695531e-20
1.231252298785992727e-19
1.037543758258877955e-19
0.000000000000000000e+00
1.374613223979783981e-19
3.739755139798344399e-20
0.000000000000000000e+00
6.849971446811414382e-20
2.886710817720967168e-20
0.000000000000000000e+00
2.210516645091427824e-20
2.256847494467621244e-20
1.355622720123126002e-19
1.256043660544134984e-19
1.251955571015237698e-19
0.000000000000000000e+00
1.590325663507475423e-19
0.000000000000000000e+00
0.000000000000000000e+00
2.180150139352046637e-20
1.357099512836099853e-19
3.502025122981729627e-20
0.000000000000000000e+00
0.000000000000000000e+00
0.000000000000000000e+00
1.107280563397081680e-19
0.000000000000000000e+00
2.079067092029463944e-20
2.053330046585260081e-20
2.004636719874074590e-20
1.329507331028769638e-19
3.180174762472928469e-20
6.675796782348847491e-20
1.832971032802765203e-19
1.735743544626682995e-19
5.807531592903331434e-20
7.145743240720482047e-20
2.679041652392366956e-20
9.005761078926310141e-20
1.194773283259565027e-19
3.220220721530225702e-20
1.140463951937851310e-19
7.697989094841355467e-20
2.631241918154328109e-20
2.267427358441855715e-19
3.158676523345739148e-19
1.913288784954015585e-19
0.000000000000000000e+00
2.690251316006124171e-20
7.180787467830241972e-20
1.670112379868462975e-19
6.403286935587707394e-20
1.454900051380007548e-19
1.081358186820180653e-19
5.988240592391095185e-20
2.138977253815082883e-19
0.000000000000000000e+00
9.776505300343416412e-20
0.000000000000000000e+00
5.121039252861709255e-20
3.169415703812068528e-20
0.000000000000000000e+00
1.176216686925612857e-19
0.000000000000000000e+00
1.406854654118612128e-19
1.751149378830019975e-19
1.792513091576023286e-19
2.031205625750751588e-19
2.743285084553887201e-19
1.035178604788090159e-20
3.257308882807798037e-20
2.356798042710748029e-19
6.339989125588471300e-21
1.685695803687820619e-19
4.350793823119538547e-20
3.392319437504958228e-20
5.494237854194404248e-20
1.929524135643767478e-19
1.155015880426335274e-19
0.000000000000000000e+00
9.944762308517680454e-20
1.577795107106268535e-20
1.666148972784386492e-19
1.121369734051127607e-19
2.213611756378635251e-19
5.030881196728816635e-20
0.000000000000000000e+00
0.000000000000000000e+00
1.203079612817990006e-19
3.908377786185111636e-20
1.223924757209691443e-19
8.427209406422467030e-20
5.829000639193772078e-20
0.000000000000000000e+00
5.108547449977622852e-20
5.379620614294847130e-20
1.897755879935265437e-19
4.331319934126506140e-20
1.664384710179515669e-19
2.224030678829778678e-19
1.378061043731515279e-19
1.082481467464661210e-19
2.870294482122796745e-19
0.000000000000000000e+00
1.451818916090857421e-19
2.002189483959108891e-19
1.379615133935275703e-19
1.331134713624551997e-19
6.472526023786378338e-20
1.270075315648258555e-19
1.092757227072916281e-19
0.000000000000000000e+00
2.586334787279562685e-19
1.661100424679715289e-19
9.991088307699273743e-22
1.694206000254214581e-19
3.401870335767346501e-19
6.180644986753922863e-20
1.750119612431687776e-19
1.385418462239897692e-19
1.360707902912988564e-19
1.359776610648128634e-19
4.544911365605168531e-20
2.189252737282743234e-19
9.750983895112603586e-20
4.271205793460258544e-20
1.960097059524635415e-19
0.000000000000000000e+00
0.000000000000000000e+00
2.381179116717521493e-19
5.248607235696993028e-20
2.417830880759175527e-19
0.000000000000000000e+00
2.397407982002665375e-19
5.271017985475093998e-20
1.739328945771175382e-19
6.985243356352285985e-20
3.792992925485264616e-19
8.741270833231071223e-20
0.000000000000000000e+00
0.000000000000000000e+00
0.000000000000000000e+00
3.327410281247945319e-20
3.378972192971968132e-20
3.312158494611106821e-20
2.136759537433046497e-19
1.354025673206227504e-21
5.457603411219243584e-20
0.000000000000000000e+00
0.000000000000000000e+00
2.803061699950961670e-20
9.613851087305803909e-20
7.854504152766400182e-20
3.146295246079872491e-20
2.707466391963955780e-20
2.578396394979424537e-20
2.488736858279980882e-20
1.600926462391686994e-19
1.023642266861138188e-19
1.438821999647144066e-19
0.000000000000000000e+00
1.367905654118779058e-19
9.999078463162348157e-20
2.110107997053859597e-19
1.742134130950579075e-19
5.895616235739292894e-20
1.184256549033972939e-19
9.952697961063929437e-20
3.051565416987170412e-20
1.155201903561134679e-19
3.085303814518242420e-20
2.739672266159288341e-19
2.697117935268834991e-19
4.463029012636561034e-20
5.086797568586005478e-20
5.052049330995430840e-20
7.288528028655359354e-20
1.420926894726593180e-19
0.000000000000000000e+00
0.000000000000000000e+00
2.275701433229053157e-19
0.000000000000000000e+00
0.000000000000000000e+00
9.115958186886724216e-20
0.000000000000000000e+00
4.081779959029367058e-19
5.170220836440437744e-20
5.070762953619388426e-20
2.677094812745382622e-20
2.427948067242789168e-20
1.142246751955246138e-19
2.974828772358458849e-20
1.371852421851816369e-19
3.115235039382038421e-20
0.000000000000000000e+00
2.149190876007310971e-20
0.000000000000000000e+00
2.013500717984642903e-20
8.811666057750710136e-20
1.153925906269959805e-19
7.193273762091459747e-20
2.354908097827167757e-20
6.500436067649967115e-20
2.195250271742030544e-20
0.000000000000000000e+00
1.532738606707915100e-19
2.532386896206261236e-20
8.630505405084314761e-20
0.000000000000000000e+00
3.933002121274206993e-20
1.314593191811635097e-19
1.375563031941739161e-19
2.518571937709285237e-20
0.000000000000000000e+00
1.290266036900691508e-19
1.369212209808710148e-19
2.288547547558635089e-19
1.902459376698519442e-19
0.000000000000000000e+00
1.319544489600400348e-19
2.071849348103919404e-19
1.449709941168124958e-19
1.646256927630260275e-19
3.013756993201413802e-20
8.964253659886089755e-20
9.318865214238545116e-20
1.164027214963806358e-19
0.000000000000000000e+00
2.060760644459475035e-20
1.337111330421004391e-19
0.000000000000000000e+00
2.011639748841317197e-20
6.504244993633486378e-20
1.582214944280247224e-19
2.096717951224998567e-19
3.235440791234599875e-20
0.000000000000000000e+00
8.722751659205018901e-20
2.374013998497742391e-20
1.964035142700775905e-20
2.001194834379161515e-19
2.990171319071256146e-20
1.334520035012771907e-19
0.000000000000000000e+00
0.000000000000000000e+00
4.016263583563329753e-20
8.711034285390446746e-20
2.176368593692008530e-20
2.896131038146163253e-19
3.378611141857458762e-20
1.963315996229336496e-20
1.765044652616913651e-20
3.964847007929682259e-20
1.088222291390039953e-19
0.000000000000000000e+00
1.621230648809529422e-20
1.571499657482223111e-20
6.053299871488604366e-20
6.280452204524141230e-20
3.903374256881302284e-20
3.861410234713790101e-20
3.826958039639889987e-20
0.000000000000000000e+00
1.292884614740893374e-20
1.033055900900509416e-19
1.758905631760085109e-20
5.815534248737929462e-20
1.959726624723129237e-19
1.814458517825516719e-19
9.104079508895256668e-20
1.840086956655346805e-20
5.918127396228683755e-20
1.570266757433928931e-20
1.719301313946151238e-19
1.126656968608768627e-19
6.370738868903970338e-20
6.196715545253506347e-20
1.638347043072492767e-20
1.371028317273239879e-20
1.311884644108237669e-20
8.074982268187052323e-20
1.638318795272545529e-20
1.281149387584547608e-20
0.000000000000000000e+00
5.664874203717777641e-20
0.000000000000000000e+00
7.875139379106654235e-20
5.975718092119450446e-20
1.494460368207704816e-19
1.706749352711996216e-20
0.000000000000000000e+00
1.019325351848614919e-20
1.000466395950352404e-20
1.457065069929274563e-19
1.674043647784754465e-20
1.238965425724986458e-19
2.652061443570102356e-19
9.200054172733944750e-20
1.635889662853846708e-20
1.026344362696915798e-19
1.067937097857503867e-19
1.682593379962493604e-20
0.000000000000000000e+00
3.400934256673896730e-20
0.000000000000000000e+00
5.628852042487561275e-20
8.117176800111741768e-20
1.464284387372683903e-20
1.019003314974828260e-19
1.524481884117681084e-20
7.918582001934873254e-20
8.210620428612083286e-20
1.446946839084665877e-20
1.099194087249650135e-20
1.033369209680138210e-20
9.962095970326252981e-21
3.228958267685687889e-20
1.060259570429885532e-20
7.721005684878414619e-20
1.226038844352570870e-20
0.000000000000000000e+00
9.895012179334707947e-20
1.249009370347881365e-19
1.274771631141654846e-19
0.000000000000000000e+00
5.449649461561077967e-20
1.085925301120994517e-20
8.824441692017164931e-21
3.105503335242819603e-20
1.907460391799879344e-19
1.528032463689186041e-19
1.604782863012232042e-20
9.992924958178251868e-21
1.905507560580973221e-19
4.010514519933991230e-20
1.171606459079873121e-20
7.784992532511955551e-20
1.260830113268384263e-19
1.285609971444847764e-19
8.383356360022167698e-20
0.000000000000000000e+00
5.592896244621041526e-20
1.151213739697498067e-20
7.829090143255584740e-20
0.000000000000000000e+00
7.796745792640187713e-20
1.280725474737599433e-20
0.000000000000000000e+00
9.154685554798932742e-21
8.957811297711225023e-21
5.396911082835281713e-20
0.000000000000000000e+00
8.123214602005397817e-21
7.783982740869309175e-21
1.207932397959760611e-19
1.206452024200427449e-20
9.851368346366645863e-20
1.103497727614458585e-20
0.000000000000000000e+00
5.222783531379890254e-20
3.128327982234175042e-20
9.865133944736083127e-20
0.000000000000000000e+00
6.885948894582134807e-21
1.425308235792872886e-19
5.723347894047017413e-20
1.904671490685255146e-19
1.445192010246532501e-20
0.000000000000000000e+00
7.525195545050494494e-20
2.593864016323263611e-19
1.763703963202194552e-19
0.000000000000000000e+00
9.440166750338192565e-21
1.223303396330095731e-19
1.947057757185751073e-19
1.674657813916560266e-20
1.466025569337699166e-19
1.285034062698590129e-19
1.516116662342666930e-20
1.243819645098662835e-19
1.485610038386050920e-20
2.604693001021905019e-19
8.808424797239409603e-20
0.000000000000000000e+00
0.000000000000000000e+00
5.628514194434658343e-20
1.249713258031861891e-20
0.000000000000000000e+00
5.543592016311941304e-20
1.248883166048502446e-19
0.000000000000000000e+00
0.000000000000000000e+00
9.230700495850149968e-21
0.000000000000000000e+00
1.670907428218992211e-19
1.045775396393146875e-19
1.029463493004170382e-19
5.752536996666544028e-20
5.598244249368774112e-20
2.144515453581354417e-19
1.591732992946020452e-20
5.518148557682362090e-20
1.059348960621021818e-20
1.223516377755669173e-19
0.000000000000000000e+00
1.449037008062528033e-19
1.491328403075851035e-19
5.911137595234358478e-20
5.639324079666633426e-20
1.920961710759394066e-19
1.512136128767810394e-19
1.732771386137678627e-19
3.829966124021410786e-20
1.172630097359071213e-20
1.237005711653455104e-19
1.368370639865537714e-20
0.000000000000000000e+00
2.136743705017888816e-19
1.746677420263093066e-19
1.289651533661333367e-19
1.448007930674431809e-20
7.890862727633597120e-20
1.247870594135798324e-20
3.301972003479113124e-20
5.598393653579576285e-20
1.470036642971592744e-19
3.561940884656301315e-20
7.852066915961714486e-20
0.000000000000000000e+00
9.007748095065401885e-21
8.570978264133858476e-21
0.000000000000000000e+00
5.293851386926798527e-20
0.000000000000000000e+00
7.015715171004867229e-21
2.786767493915720997e-19
1.417334960550873511e-20
0.000000000000000000e+00
1.200575595167507948e-19
2.817756490788627398e-19
1.733574329888998096e-19
0.000000000000000000e+00
8.233850912059500917e-21
1.211380786266010590e-19
0.000000000000000000e+00
5.312346873473806588e-20
0.000000000000000000e+00
1.205788803320324734e-19
3.269822904749662379e-20
7.603042331074296244e-20
1.221952413018262435e-19
1.005592689859637463e-20
1.206225063743456232e-19
1.004640757876242655e-19
9.503815692450689176e-21
0.000000000000000000e+00
6.593467437046611971e-21
5.167177460012529749e-20
5.250696189084150923e-20
1.658046788946676644e-19
1.005438283631827008e-19
1.447020891954573507e-19
9.779738138364263312e-21
1.201148864471932154e-19
0.000000000000000000e+00
6.518107770716999343e-21
2.782213437870295375e-19
8.044435174516626956e-20
2.128954951119037804e-19
5.710760291593386130e-20
8.296218423133038568e-21
0.000000000000000000e+00
6.795079703098534336e-21
6.542847768184270700e-21
6.209422460651712161e-21
5.120287070952114129e-20
1.194711170945329539e-19
0.000000000000000000e+00
9.614157448118582557e-20
2.972093294252184327e-20
0.000000000000000000e+00
4.859774946829320658e-21
0.000000000000000000e+00
7.223577382394038619e-20
2.321981928562563691e-19
1.675909804459236561e-19
0.000000000000000000e+00
5.163762901137461023e-21
0.000000000000000000e+00
7.253085027857736651e-20
2.842556031085164025e-20
5.031325426336989548e-20
5.147837291827939419e-21
0.000000000000000000e+00
2.650311143050219850e-20
2.081816780963339976e-19
7.481676979176278170e-21
2.083117040137584320e-19
7.742138783027602709e-21
0.000000000000000000e+00
7.216451224363726471e-20
7.329208884115124893e-20
5.387808271846681026e-21
4.124477932559637223e-21
7.183849808636493438e-20
4.856789953481651185e-21
3.678503802941586388e-21
0.000000000000000000e+00
2.577329174612629356e-20
0.000000000000000000e+00
2.753063429961832706e-21
4.787243014241732526e-20
2.575397511732898173e-20
2.068250130620047107e-19
3.457115738477875756e-19
3.122444487476035561e-20
4.993488179370944912e-20
4.962337016919428114e-20
4.517765527347405234e-21
0.000000000000000000e+00
0.000000000000000000e+00
3.321863057547184716e-21
4.846397852915466920e-20
3.577240281809262768e-21
4.819234690074947900e-20
3.263426908430720284e-21
2.555878757955223621e-21
4.765952114063242955e-20
2.294951037510297775e-19
1.187117191737710816e-19
0.000000000000000000e+00
1.163074014460431662e-19
1.176795786106170588e-19
0.000000000000000000e+00
9.389781027006250368e-20
4.190256721506577198e-21
4.848738992459714333e-20
2.615231108651127974e-20
2.586484999051400260e-20
2.572155308998647196e-20
2.914002037126944161e-21
2.449668434976506316e-21
0.000000000000000000e+00
1.153646856445144154e-19
3.184609600366142135e-21
2.037198637357416591e-21
2.447700143823906827e-20
0.000000000000000000e+00
1.556001560493655136e-21
4.673820880622360804e-20
0.000000000000000000e+00
1.372262606297603188e-19
1.158768034539323298e-19
2.606629725182034293e-21
1.149852838536835192e-19
0.000000000000000000e+00
1.723488570206762734e-21
0.000000000000000000e+00
0.000000000000000000e+00
1.600173989742800351e-19
9.338195551554888586e-20
4.774568353353601399e-20
1.154417073000308239e-19
0.000000000000000000e+00
0.000000000000000000e+00
1.150297838475611468e-19
2.500912513712089002e-21
1.708494070858178386e-21
1.520254246438605562e-21
1.362766100595981660e-21
2.387951866195203236e-20
2.733445209625226609e-19
3.068054006989224757e-21
1.608749242178484162e-21
1.420025463003939346e-21
1.373260077244579526e-19
4.745081558497535983e-20
9.236953248047775565e-20
4.727092401665448629e-20
2.436793936113136829e-20
4.687735623597953714e-20
1.436271973724755045e-21
1.145281242678061060e-19
9.237487150543890937e-20
6.967506816621932271e-20
6.960253884537937261e-20
0.000000000000000000e+00
4.653805294053953743e-20
0.000000000000000000e+00
2.730139253923019553e-19
4.746732858639555538e-20
1.450888865554219726e-21
9.185194416520747975e-20
1.827869292255164622e-19
1.798381089914112618e-21
2.052667924439084812e-19
0.000000000000000000e+00
0.000000000000000000e+00
0.000000000000000000e+00
1.141962964157575167e-19
1.038637383225916809e-21
6.938766160546466148e-22
0.000000000000000000e+00
4.151165010990277155e-22
0.000000000000000000e+00
1.135829255337770815e-19
6.844308625515525590e-20
1.137716420431087537e-19
5.116964443420606250e-22
4.568075828618352244e-20
3.185539300218247841e-22
0.000000000000000000e+00
0.000000000000000000e+00
0.000000000000000000e+00
3.218341794497076739e-23
9.070512329187991634e-20
4.163614906970147360e-24
9.853389876522696866e-25
1.590536910570958802e-25
1.783733286301139193e-26
1.774946693826495879e-27
2.229664926213410485e-28
3.213384772229022787e-29
4.265697758061343229e-30
5.074760258219490329e-31
5.543441796804064293e-32
5.759895960484664594e-33
5.923706696817515722e-34
6.176552907058885486e-35
6.554655578911639213e-36
7.037204287398980002e-37
7.587445992138318296e-38
8.214035079332490940e-39
8.909529841198697634e-40
9.708610850116240491e-41
1.064076156485735693e-41
1.168212029101628999e-42
1.274934781790940018e-43
1.375729036176870524e-44
1.469777593459524751e-45
1.568164695019707092e-46
1.692216668360985512e-47
1.867981287893415189e-48
2.119710654072744163e-49
2.463580632355246295e-50
2.902370861719280249e-51
3.423180170881938668e-52
4.000679762455249794e-53
4.606082818450597072e-54
5.218470604889446355e-55
5.833199714012281456e-56
6.463276038961637720e-57
7.133204250715247866e-58
7.869019976426155240e-59
8.690583045837687578e-60
9.610965711187911836e-61
1.064320891459395428e-61
1.180964061129676589e-62
1.314694586676755515e-63
1.470289397350029558e-64
1.652632950620169354e-65
1.865680097833433740e-66
2.112080126707782314e-67
2.393775399028279958e-68
2.713325446733562853e-69
3.075315428327519724e-70
3.487181438312881942e-71
3.959073685184399847e-72
4.502777302503624768e-73
5.130027770178675081e-74
5.850717414783482661e-75
6.671513450002187922e-76
7.595334727105947214e-77
8.621965126118741788e-78
9.749803663531867751e-79
1.097840302415882462e-79
1.231115119488474832e-80
1.375736616147281662e-81
1.533329969606023251e-82
1.706203127280000391e-83
1.897276861711152916e-84
2.110038300810164333e-85
2.348589633267139365e-86
2.617809327763768216e-87
2.923565975157032051e-88
3.272858737400483759e-89
3.673736700326553697e-90
4.134890559947428354e-91
4.664908916493632678e-92
5.271319775913525081e-93
5.959653206085628394e-94
6.732820934321262423e-95
7.591084934312315206e-96
8.532776112069625049e-97
9.555748942455347734e-98
1.065936120326748084e-98
1.184660003738620098e-99
1.312587992709540848e-100
1.451204077776315333e-101
1.602617929306494426e-102
1.769413835018148875e-103
1.954372706765757014e-104
2.160101051172567299e-105
2.388625074003287150e-106
2.641025780657294780e-107
2.917198085757929425e-108
3.215810413590069050e-109
3.534519535438326861e-110
3.870459411285046374e-111
4.220976614936644820e-112
4.584535573486837404e-113
4.961673510246664856e-114
5.355857247673779479e-115
5.774089832877671570e-116
6.227138537248670944e-117
6.729306339433741614e-118
7.297740300366577719e-119
7.951351417926441866e-120
8.709497851129800525e-121
9.590642522826268788e-122
1.061122469395699937e-122
1.178497502176638254e-123
1.312285267542661067e-124
1.463369595907925018e-125
1.632556609672600997e-126
1.820764459946640538e-127
2.029243867157854563e-128
2.259797735218616333e-129
2.514966081753070008e-130
2.798146625344956284e-131
3.113631517878349475e-132
3.466555641978596520e-133
3.862769259382339131e-134
4.308664509958565213e-135
4.810998068200091739e-136
5.376758421404943495e-137
6.013124163642162404e-138
6.727549455349347390e-139
7.527996206081659712e-140
8.423312933611848583e-141
9.423741823934317937e-142
1.054152235592117944e-142
1.179155491832342098e-143
1.319209207452932691e-144
1.476543696669570372e-145
1.653864385906390819e-146
1.854422944385657729e-147
2.082090940158380660e-148
2.341436822575552758e-149
2.637804966929583898e-150
2.977392231031374752e-151
3.367313562035425677e-152
3.815644574482490448e-153
4.331426781107539264e-154
4.924621329738710571e-155
5.606000442002926235e-156
6.386972564728953319e-157
7.279347272349008161e-158
8.295058364840136564e-159
9.445877063666648113e-160
1.074316004041729157e-160
1.219768736725790450e-161
1.381965150844619453e-162
1.561885851059827840e-163
1.760519528014344708e-164
1.978940148191477195e-165
2.218416112813254729e-166
2.480549831313496985e-167
2.767442594671020900e-168
3.081875923196975818e-169
3.427497177652413507e-170
3.808994733127759201e-171
4.232247028074464893e-172
4.704430868433489443e-173
5.234077880642430027e-174
5.831074091095368306e-175
6.506606031629569468e-176
7.273066897349507037e-177
8.143947090343240748e-178
9.133743631265170423e-179
1.025793089260202442e-179
1.153303938978783959e-180
1.297688865789529303e-181
1.460901365564928884e-182
1.645131137437591429e-183
1.852891578978649494e-184
2.087128613081354043e-185
2.351346751868275874e-186
2.649745681751241226e-187
2.987358291074666896e-188
3.370179260606234151e-189
3.805272385886153671e-190
4.300844940376140220e-191
4.866278781790453852e-192
5.512110606643915441e-193
6.249957699160497180e-194
7.092390494634054313e-195
8.052758949218129779e-196
9.144985634376589304e-197
1.038334413712419816e-197
1.178224619989925265e-198
1.335606455079106582e-199
1.511902010066858850e-200
1.708516177577019425e-201
1.926846451257129838e-202
2.168306582563646996e-203
2.434365399103151611e-204
2.726601154708200580e-205
3.046770692633801444e-206
3.396891515765374835e-207
3.779333639982408311e-208
4.196916938711230583e-209
4.653008658084058480e-210
5.151614990193478184e-211
5.697460136661013941e-212
6.296046271892170309e-213
6.953688307152730735e-214
7.677518420476521707e-215
8.475456974822115218e-216
9.356148673321373440e-217
1.032886551926446631e-217
1.140338123008029089e-218
1.258982502215911178e-219
1.389852592493021835e-220
1.533986176839245384e-221
1.692412949139060335e-222
1.866145523538674315e-223
2.056176366026877195e-224
2.263482594247935360e-225
2.489040495602156876e-226
2.733851422925344703e-227
2.998980452092524526e-228
3.285608844083816980e-229
3.595100968870103361e-230
3.929085948863249064e-231
4.289553899019922495e-232
4.678966315298239122e-233
5.100379929934811460e-234
5.557583245003970461e-235
6.055245001669804078e-236
6.599074055457757510e-237
7.195990503478997877e-238
7.854308420557451171e-239
8.583931154816762354e-240
9.396560732170968291e-241
1.030592342728221435e-241
1.132801387214669053e-242
1.248136009708275289e-243
1.378731156494250240e-244
1.527035154896876326e-245
1.695843416650729173e-246
1.888334514411549047e-247
2.108108416875999697e-248
2.359226576653608914e-249
2.646253539373378383e-250
2.974299819913172165e-251
3.349066007822278893e-252
3.776888448282321927e-253
4.264787415573891233e-254
4.820519456142433624e-255
5.452636513159740573e-256
6.170555519803308627e-257
6.984643311164996909e-258
7.906322884498868473e-259
8.948208150195321835e-260
1.012427526705714515e-260
1.145007934464540725e-261
1.294302561970243505e-262
1.462270407074848673e-263
1.651129572629905997e-264
1.863405755587784246e-265
2.101989072815928621e-266
2.370199411369159970e-267
2.671860116464589446e-268
3.011379372625417343e-269
3.393838098908213886e-270
3.825082582415190595e-271
4.311819440407659470e-272
4.861709867678504764e-273
5.483459543627463029e-274
6.186900108029788159e-275
6.983057843917328671e-276
7.884205217981600186e-277
8.903891315312991763e-278
1.005694805465955055e-278
1.135947045875905781e-279
1.282877123490914209e-280
1.448331251381091611e-281
1.634262077723830988e-282
1.842719470479408019e-283
2.075841976079875275e-284
2.335850764487669427e-285
2.625048301673799607e-286
2.945824391181567226e-287
3.300672570114199163e-288
3.692220102171168523e-289
4.123274953184514402e-290
4.596893138215038296e-291
5.116469673986767315e-292
5.685856043099238919e-293
6.309506571370792482e-294
6.992655439070032754e-295
7.741525200830957558e-296
8.563566695362013626e-297
9.467729109197246324e-298
1.046475774956938916e-298
1.156751581689992834e-299
1.279132519049492526e-300
1.415432000190434424e-301
1.567780562764547259e-302
1.738661475573724077e-303
1.930945145077013308e-304
2.147921375716120726e-305
2.393328545351520711e-306
2.671378823296936136e-307
2.986778697991605812e-308
3.344744309699885396e-309
3.751011416328672795e-310
4.211840271940830430e-311
4.734016279523264644e-312
5.324847999066579900e-313
5.992164949164592966e-314
6.744318621430559244e-315
7.590191239953508011e-316
8.539217680426747692e-317
9.601424728455864716e-318
1.078747871786236117e-318
1.210856084827727030e-319
1.357198329125904257e-320
1.516781532732626891e-321
1.630416631276113596e-322
4.940656458412465442e-324
0.000000000000000000e+00
0.000000000000000000e+00
0.000000000000000000e+00
0.000000000000000000e+00
0.000000000000000000e+00
0.000000000000000000e+00
0.000000000000000000e+00
0.000000000000000000e+00
0.000000000000000000e+00
0.000000000000000000e+00
0.000000000000000000e+00
0.000000000000000000e+00
0.000000000000000000e+00
0.000000000000000000e+00
0.000000000000000000e+00
0.000000000000000000e+00
0.000000000000000000e+00
0.000000000000000000e+00
0.000000000000000000e+00
0.000000000000000000e+00
0.000000000000000000e+00
0.000000000000000000e+00
0.000000000000000000e+00
0.000000000000000000e+00
0.000000000000000000e+00
0.000000000000000000e+00
0.000000000000000000e+00
0.000000000000000000e+00
0.000000000000000000e+00
0.000000000000000000e+00
0.000000000000000000e+00
0.000000000000000000e+00
0.000000000000000000e+00
0.000000000000000000e+00
0.000000000000000000e+00
0.000000000000000000e+00
0.000000000000000000e+00
0.000000000000000000e+00
0.000000000000000000e+00
0.000000000000000000e+00
0.000000000000000000e+00
0.000000000000000000e+00
0.000000000000000000e+00
0.000000000000000000e+00
0.000000000000000000e+00
0.000000000000000000e+00
0.000000000000000000e+00
0.000000000000000000e+00
0.000000000000000000e+00
0.000000000000000000e+00
0.000000000000000000e+00
0.000000000000000000e+00
0.000000000000000000e+00
0.000000000000000000e+00
0.000000000000000000e+00
0.000000000000000000e+00
0.000000000000000000e+00
0.000000000000000000e+00
0.000000000000000000e+00
0.000000000000000000e+00
0.000000000000000000e+00
0.000000000000000000e+00
0.000000000000000000e+00
0.000000000000000000e+00
0.000000000000000000e+00
0.000000000000000000e+00
0.000000000000000000e+00
0.000000000000000000e+00
0.000000000000000000e+00
0.000000000000000000e+00
0.000000000000000000e+00
0.000000000000000000e+00
0.000000000000000000e+00
0.000000000000000000e+00
0.000000000000000000e+00
0.000000000000000000e+00
0.000000000000000000e+00
0.000000000000000000e+00
0.000000000000000000e+00
0.000000000000000000e+00
0.000000000000000000e+00
0.000000000000000000e+00
0.000000000000000000e+00
0.000000000000000000e+00
0.000000000000000000e+00
0.000000000000000000e+00
0.000000000000000000e+00
0.000000000000000000e+00
0.000000000000000000e+00
0.000000000000000000e+00
0.000000000000000000e+00
0.000000000000000000e+00
0.000000000000000000e+00
0.000000000000000000e+00
0.000000000000000000e+00
0.000000000000000000e+00
0.000000000000000000e+00
0.000000000000000000e+00
0.000000000000000000e+00
0.000000000000000000e+00
0.000000000000000000e+00
0.000000000000000000e+00
0.000000000000000000e+00
0.000000000000000000e+00
0.000000000000000000e+00
0.000000000000000000e+00
0.000000000000000000e+00
0.000000000000000000e+00
0.000000000000000000e+00
0.000000000000000000e+00
0.000000000000000000e+00
0.000000000000000000e+00
0.000000000000000000e+00
0.000000000000000000e+00
0.000000000000000000e+00
0.000000000000000000e+00
0.000000000000000000e+00
0.000000000000000000e+00
0.000000000000000000e+00
0.000000000000000000e+00
0.000000000000000000e+00
0.000000000000000000e+00
0.000000000000000000e+00
0.000000000000000000e+00
0.000000000000000000e+00
0.000000000000000000e+00
0.000000000000000000e+00
0.000000000000000000e+00
0.000000000000000000e+00
0.000000000000000000e+00
0.000000000000000000e+00
0.000000000000000000e+00
0.000000000000000000e+00
0.000000000000000000e+00
0.000000000000000000e+00
0.000000000000000000e+00
0.000000000000000000e+00
0.000000000000000000e+00
0.000000000000000000e+00
0.000000000000000000e+00
0.000000000000000000e+00
0.000000000000000000e+00
0.000000000000000000e+00
0.000000000000000000e+00
0.000000000000000000e+00
0.000000000000000000e+00
0.000000000000000000e+00
0.000000000000000000e+00
0.000000000000000000e+00
0.000000000000000000e+00
0.000000000000000000e+00
0.000000000000000000e+00
0.000000000000000000e+00
0.000000000000000000e+00
0.000000000000000000e+00
0.000000000000000000e+00
0.000000000000000000e+00
0.000000000000000000e+00
0.000000000000000000e+00
0.000000000000000000e+00
0.000000000000000000e+00
0.000000000000000000e+00
0.000000000000000000e+00
0.000000000000000000e+00
0.000000000000000000e+00
0.000000000000000000e+00
0.000000000000000000e+00
0.000000000000000000e+00
0.000000000000000000e+00
0.000000000000000000e+00
0.000000000000000000e+00
0.000000000000000000e+00
0.000000000000000000e+00
0.000000000000000000e+00
0.000000000000000000e+00
0.000000000000000000e+00
0.000000000000000000e+00
0.000000000000000000e+00
0.000000000000000000e+00
0.000000000000000000e+00
0.000000000000000000e+00
0.000000000000000000e+00
0.000000000000000000e+00
0.000000000000000000e+00
0.000000000000000000e+00
0.000000000000000000e+00
0.000000000000000000e+00
0.000000000000000000e+00
0.000000000000000000e+00
0.000000000000000000e+00
0.000000000000000000e+00
0.000000000000000000e+00
0.000000000000000000e+00
0.000000000000000000e+00
0.000000000000000000e+00
0.000000000000000000e+00
0.000000000000000000e+00
0.000000000000000000e+00
0.000000000000000000e+00
0.000000000000000000e+00
0.000000000000000000e+00
0.000000000000000000e+00
0.000000000000000000e+00
0.000000000000000000e+00
0.000000000000000000e+00
0.000000000000000000e+00
0.000000000000000000e+00
0.000000000000000000e+00
0.000000000000000000e+00
0.000000000000000000e+00
0.000000000000000000e+00
0.000000000000000000e+00
0.000000000000000000e+00
0.000000000000000000e+00
0.000000000000000000e+00
0.000000000000000000e+00
0.000000000000000000e+00
0.000000000000000000e+00
0.000000000000000000e+00
0.000000000000000000e+00
0.000000000000000000e+00
0.000000000000000000e+00
0.000000000000000000e+00
0.000000000000000000e+00
0.000000000000000000e+00
0.000000000000000000e+00
0.000000000000000000e+00
0.000000000000000000e+00
0.000000000000000000e+00
0.000000000000000000e+00
0.000000000000000000e+00
0.000000000000000000e+00
0.000000000000000000e+00
0.000000000000000000e+00
0.000000000000000000e+00
0.000000000000000000e+00
0.000000000000000000e+00
0.000000000000000000e+00
0.000000000000000000e+00
0.000000000000000000e+00
0.000000000000000000e+00
0.000000000000000000e+00
0.000000000000000000e+00
0.000000000000000000e+00
0.000000000000000000e+00
0.000000000000000000e+00
0.000000000000000000e+00
0.000000000000000000e+00
0.000000000000000000e+00
0.000000000000000000e+00
0.000000000000000000e+00
0.000000000000000000e+00
0.000000000000000000e+00
0.000000000000000000e+00
0.000000000000000000e+00
0.000000000000000000e+00
0.000000000000000000e+00
0.000000000000000000e+00
0.000000000000000000e+00
0.000000000000000000e+00
0.000000000000000000e+00
0.000000000000000000e+00
0.000000000000000000e+00
0.000000000000000000e+00
0.000000000000000000e+00
0.000000000000000000e+00
0.000000000000000000e+00
0.000000000000000000e+00
0.000000000000000000e+00
0.000000000000000000e+00
0.000000000000000000e+00
0.000000000000000000e+00
0.000000000000000000e+00
0.000000000000000000e+00
0.000000000000000000e+00
0.000000000000000000e+00
0.000000000000000000e+00
0.000000000000000000e+00
0.000000000000000000e+00
0.000000000000000000e+00
0.000000000000000000e+00
0.000000000000000000e+00
0.000000000000000000e+00
0.000000000000000000e+00
0.000000000000000000e+00
0.000000000000000000e+00
0.000000000000000000e+00
0.000000000000000000e+00
0.000000000000000000e+00
0.000000000000000000e+00
0.000000000000000000e+00
0.000000000000000000e+00
0.000000000000000000e+00
0.000000000000000000e+00
0.000000000000000000e+00
0.000000000000000000e+00
0.000000000000000000e+00
0.000000000000000000e+00
0.000000000000000000e+00
0.000000000000000000e+00
0.000000000000000000e+00
0.000000000000000000e+00
0.000000000000000000e+00
0.000000000000000000e+00
0.000000000000000000e+00
0.000000000000000000e+00
0.000000000000000000e+00
0.000000000000000000e+00
0.000000000000000000e+00
0.000000000000000000e+00
0.000000000000000000e+00
0.000000000000000000e+00
0.000000000000000000e+00
0.000000000000000000e+00
0.000000000000000000e+00
0.000000000000000000e+00
0.000000000000000000e+00
0.000000000000000000e+00
0.000000000000000000e+00
0.000000000000000000e+00
0.000000000000000000e+00
0.000000000000000000e+00
0.000000000000000000e+00
0.000000000000000000e+00
0.000000000000000000e+00
0.000000000000000000e+00
0.000000000000000000e+00
0.000000000000000000e+00
0.000000000000000000e+00
0.000000000000000000e+00
0.000000000000000000e+00
0.000000000000000000e+00
0.000000000000000000e+00
0.000000000000000000e+00
0.000000000000000000e+00
0.000000000000000000e+00
0.000000000000000000e+00
0.000000000000000000e+00
0.000000000000000000e+00
0.000000000000000000e+00
0.000000000000000000e+00
0.000000000000000000e+00
0.000000000000000000e+00
0.000000000000000000e+00
0.000000000000000000e+00
0.000000000000000000e+00
0.000000000000000000e+00
0.000000000000000000e+00
0.000000000000000000e+00
0.000000000000000000e+00
0.000000000000000000e+00
0.000000000000000000e+00
0.000000000000000000e+00
0.000000000000000000e+00
0.000000000000000000e+00
0.000000000000000000e+00
0.000000000000000000e+00
0.000000000000000000e+00
0.000000000000000000e+00
0.000000000000000000e+00
0.000000000000000000e+00
0.000000000000000000e+00
0.000000000000000000e+00
0.000000000000000000e+00
0.000000000000000000e+00
0.000000000000000000e+00
0.000000000000000000e+00
0.000000000000000000e+00
0.000000000000000000e+00
0.000000000000000000e+00
0.000000000000000000e+00
0.000000000000000000e+00
0.000000000000000000e+00
0.000000000000000000e+00
0.000000000000000000e+00
0.000000000000000000e+00
0.000000000000000000e+00
0.000000000000000000e+00
0.000000000000000000e+00
0.000000000000000000e+00
0.000000000000000000e+00
0.000000000000000000e+00
0.000000000000000000e+00
0.000000000000000000e+00
0.000000000000000000e+00
0.000000000000000000e+00
0.000000000000000000e+00
0.000000000000000000e+00
0.000000000000000000e+00
0.000000000000000000e+00
0.000000000000000000e+00
0.000000000000000000e+00
0.000000000000000000e+00
0.000000000000000000e+00
0.000000000000000000e+00
0.000000000000000000e+00
0.000000000000000000e+00
0.000000000000000000e+00
0.000000000000000000e+00
0.000000000000000000e+00
0.000000000000000000e+00
0.000000000000000000e+00
0.000000000000000000e+00
0.000000000000000000e+00
0.000000000000000000e+00
0.000000000000000000e+00
0.000000000000000000e+00
0.000000000000000000e+00
0.000000000000000000e+00
0.000000000000000000e+00
0.000000000000000000e+00
0.000000000000000000e+00
0.000000000000000000e+00
0.000000000000000000e+00
0.000000000000000000e+00
0.000000000000000000e+00
0.000000000000000000e+00
0.000000000000000000e+00
0.000000000000000000e+00
0.000000000000000000e+00
0.000000000000000000e+00
0.000000000000000000e+00
0.000000000000000000e+00
0.000000000000000000e+00
0.000000000000000000e+00
0.000000000000000000e+00
0.000000000000000000e+00
0.000000000000000000e+00
0.000000000000000000e+00
0.000000000000000000e+00
0.000000000000000000e+00
0.000000000000000000e+00
0.000000000000000000e+00
0.000000000000000000e+00
0.000000000000000000e+00
0.000000000000000000e+00
0.000000000000000000e+00
0.000000000000000000e+00
0.000000000000000000e+00
0.000000000000000000e+00
0.000000000000000000e+00
0.000000000000000000e+00
0.000000000000000000e+00
0.000000000000000000e+00
0.000000000000000000e+00
0.000000000000000000e+00
0.000000000000000000e+00
0.000000000000000000e+00
0.000000000000000000e+00
0.000000000000000000e+00
0.000000000000000000e+00
0.000000000000000000e+00
0.000000000000000000e+00
0.000000000000000000e+00
0.000000000000000000e+00
0.000000000000000000e+00
0.000000000000000000e+00
0.000000000000000000e+00
0.000000000000000000e+00
0.000000000000000000e+00
0.000000000000000000e+00
0.000000000000000000e+00
0.000000000000000000e+00
0.000000000000000000e+00
0.000000000000000000e+00
0.000000000000000000e+00
0.000000000000000000e+00
0.000000000000000000e+00
0.000000000000000000e+00
0.000000000000000000e+00
0.000000000000000000e+00
0.000000000000000000e+00
0.000000000000000000e+00
0.000000000000000000e+00
0.000000000000000000e+00
0.000000000000000000e+00
0.000000000000000000e+00
0.000000000000000000e+00
0.000000000000000000e+00
0.000000000000000000e+00
0.000000000000000000e+00
0.000000000000000000e+00
0.000000000000000000e+00
0.000000000000000000e+00
0.000000000000000000e+00
0.000000000000000000e+00
0.000000000000000000e+00
0.000000000000000000e+00
0.000000000000000000e+00
0.000000000000000000e+00
0.000000000000000000e+00
0.000000000000000000e+00
0.000000000000000000e+00
0.000000000000000000e+00
0.000000000000000000e+00
0.000000000000000000e+00
0.000000000000000000e+00
0.000000000000000000e+00
0.000000000000000000e+00
0.000000000000000000e+00
0.000000000000000000e+00
0.000000000000000000e+00
0.000000000000000000e+00
0.000000000000000000e+00
0.000000000000000000e+00
0.000000000000000000e+00
0.000000000000000000e+00
0.000000000000000000e+00
0.000000000000000000e+00
0.000000000000000000e+00
0.000000000000000000e+00
0.000000000000000000e+00
0.000000000000000000e+00
0.000000000000000000e+00
0.000000000000000000e+00
0.000000000000000000e+00
0.000000000000000000e+00
0.000000000000000000e+00
0.000000000000000000e+00
0.000000000000000000e+00
0.000000000000000000e+00
0.000000000000000000e+00
0.000000000000000000e+00
0.000000000000000000e+00
0.000000000000000000e+00
0.000000000000000000e+00
0.000000000000000000e+00
0.000000000000000000e+00
0.000000000000000000e+00
0.000000000000000000e+00
0.000000000000000000e+00
0.000000000000000000e+00
0.000000000000000000e+00
0.000000000000000000e+00
0.000000000000000000e+00
0.000000000000000000e+00
0.000000000000000000e+00
0.000000000000000000e+00
0.000000000000000000e+00
0.000000000000000000e+00
0.000000000000000000e+00
0.000000000000000000e+00
0.000000000000000000e+00
0.000000000000000000e+00
0.000000000000000000e+00
0.000000000000000000e+00
0.000000000000000000e+00
0.000000000000000000e+00
0.000000000000000000e+00
0.000000000000000000e+00
0.000000000000000000e+00
0.000000000000000000e+00
0.000000000000000000e+00
0.000000000000000000e+00
0.000000000000000000e+00
0.000000000000000000e+00
0.000000000000000000e+00
0.000000000000000000e+00
0.000000000000000000e+00
0.000000000000000000e+00
0.000000000000000000e+00
0.000000000000000000e+00
0.000000000000000000e+00
0.000000000000000000e+00
0.000000000000000000e+00
0.000000000000000000e+00
0.000000000000000000e+00
0.000000000000000000e+00
0.000000000000000000e+00
0.000000000000000000e+00
0.000000000000000000e+00
0.000000000000000000e+00
0.000000000000000000e+00
0.000000000000000000e+00
0.000000000000000000e+00
0.000000000000000000e+00
0.000000000000000000e+00
0.000000000000000000e+00
0.000000000000000000e+00
0.000000000000000000e+00
0.000000000000000000e+00
0.000000000000000000e+00
0.000000000000000000e+00
0.000000000000000000e+00
0.000000000000000000e+00
0.000000000000000000e+00
0.000000000000000000e+00
0.000000000000000000e+00
0.000000000000000000e+00
0.000000000000000000e+00
0.000000000000000000e+00
0.000000000000000000e+00
0.000000000000000000e+00
0.000000000000000000e+00
0.000000000000000000e+00
0.000000000000000000e+00
0.000000000000000000e+00
0.000000000000000000e+00
0.000000000000000000e+00
0.000000000000000000e+00
0.000000000000000000e+00
0.000000000000000000e+00
0.000000000000000000e+00
0.000000000000000000e+00
0.000000000000000000e+00
0.000000000000000000e+00
0.000000000000000000e+00
0.000000000000000000e+00
0.000000000000000000e+00
0.000000000000000000e+00
0.000000000000000000e+00
0.000000000000000000e+00
0.000000000000000000e+00
0.000000000000000000e+00
0.000000000000000000e+00
0.000000000000000000e+00
0.000000000000000000e+00
0.000000000000000000e+00
0.000000000000000000e+00
0.000000000000000000e+00
0.000000000000000000e+00
0.000000000000000000e+00
0.000000000000000000e+00
0.000000000000000000e+00
0.000000000000000000e+00
0.000000000000000000e+00
0.000000000000000000e+00
0.000000000000000000e+00
0.000000000000000000e+00
0.000000000000000000e+00
0.000000000000000000e+00
0.000000000000000000e+00
0.000000000000000000e+00
0.000000000000000000e+00
0.000000000000000000e+00
0.000000000000000000e+00
0.000000000000000000e+00
0.000000000000000000e+00
0.000000000000000000e+00
0.000000000000000000e+00
0.000000000000000000e+00
0.000000000000000000e+00
0.000000000000000000e+00
0.000000000000000000e+00
0.000000000000000000e+00
0.000000000000000000e+00
0.000000000000000000e+00
0.000000000000000000e+00
0.000000000000000000e+00
0.000000000000000000e+00
0.000000000000000000e+00
0.000000000000000000e+00
0.000000000000000000e+00
0.000000000000000000e+00
0.000000000000000000e+00
0.000000000000000000e+00
0.000000000000000000e+00
0.000000000000000000e+00
0.000000000000000000e+00
0.000000000000000000e+00
0.000000000000000000e+00
0.000000000000000000e+00
0.000000000000000000e+00
0.000000000000000000e+00
0.000000000000000000e+00
0.000000000000000000e+00
0.000000000000000000e+00
0.000000000000000000e+00
0.000000000000000000e+00
0.000000000000000000e+00
0.000000000000000000e+00
0.000000000000000000e+00
0.000000000000000000e+00
0.000000000000000000e+00
0.000000000000000000e+00
0.000000000000000000e+00
0.000000000000000000e+00
0.000000000000000000e+00
0.000000000000000000e+00
0.000000000000000000e+00
0.000000000000000000e+00
0.000000000000000000e+00
0.000000000000000000e+00
0.000000000000000000e+00
0.000000000000000000e+00
0.000000000000000000e+00
0.000000000000000000e+00
0.000000000000000000e+00
0.000000000000000000e+00
0.000000000000000000e+00
0.000000000000000000e+00
0.000000000000000000e+00
0.000000000000000000e+00
0.000000000000000000e+00
0.000000000000000000e+00
0.000000000000000000e+00
0.000000000000000000e+00
0.000000000000000000e+00
0.000000000000000000e+00
0.000000000000000000e+00
0.000000000000000000e+00
0.000000000000000000e+00
0.000000000000000000e+00
0.000000000000000000e+00
0.000000000000000000e+00
0.000000000000000000e+00
0.000000000000000000e+00
0.000000000000000000e+00
0.000000000000000000e+00
0.000000000000000000e+00
0.000000000000000000e+00
0.000000000000000000e+00
0.000000000000000000e+00
0.000000000000000000e+00
0.000000000000000000e+00
0.000000000000000000e+00
0.000000000000000000e+00
0.000000000000000000e+00
0.000000000000000000e+00
0.000000000000000000e+00
0.000000000000000000e+00
0.000000000000000000e+00
0.000000000000000000e+00
0.000000000000000000e+00
0.000000000000000000e+00
0.000000000000000000e+00
0.000000000000000000e+00
0.000000000000000000e+00
0.000000000000000000e+00
0.000000000000000000e+00
0.000000000000000000e+00
0.000000000000000000e+00
0.000000000000000000e+00
0.000000000000000000e+00
0.000000000000000000e+00
0.000000000000000000e+00
0.000000000000000000e+00
0.000000000000000000e+00
0.000000000000000000e+00
0.000000000000000000e+00
0.000000000000000000e+00
0.000000000000000000e+00
0.000000000000000000e+00
0.000000000000000000e+00
0.000000000000000000e+00
0.000000000000000000e+00
0.000000000000000000e+00
0.000000000000000000e+00
0.000000000000000000e+00
0.000000000000000000e+00
0.000000000000000000e+00
0.000000000000000000e+00
0.000000000000000000e+00
0.000000000000000000e+00
0.000000000000000000e+00
0.000000000000000000e+00
0.000000000000000000e+00
0.000000000000000000e+00
0.000000000000000000e+00
0.000000000000000000e+00
0.000000000000000000e+00
0.000000000000000000e+00
0.000000000000000000e+00
0.000000000000000000e+00
0.000000000000000000e+00
0.000000000000000000e+00
0.000000000000000000e+00
0.000000000000000000e+00
0.000000000000000000e+00
0.000000000000000000e+00
0.000000000000000000e+00
0.000000000000000000e+00
0.000000000000000000e+00
0.000000000000000000e+00
0.000000000000000000e+00
0.000000000000000000e+00
0.000000000000000000e+00
0.000000000000000000e+00
0.000000000000000000e+00
0.000000000000000000e+00
0.000000000000000000e+00
0.000000000000000000e+00
0.000000000000000000e+00
0.000000000000000000e+00
0.000000000000000000e+00
0.000000000000000000e+00
0.000000000000000000e+00
0.000000000000000000e+00
0.000000000000000000e+00
0.000000000000000000e+00
0.000000000000000000e+00
0.000000000000000000e+00
0.000000000000000000e+00
0.000000000000000000e+00
0.000000000000000000e+00
0.000000000000000000e+00
0.000000000000000000e+00
0.000000000000000000e+00
0.000000000000000000e+00
0.000000000000000000e+00
0.000000000000000000e+00
0.000000000000000000e+00
0.000000000000000000e+00
0.000000000000000000e+00
0.000000000000000000e+00
0.000000000000000000e+00
0.000000000000000000e+00
0.000000000000000000e+00
0.000000000000000000e+00
0.000000000000000000e+00
0.000000000000000000e+00
0.000000000000000000e+00
0.000000000000000000e+00
0.000000000000000000e+00
0.000000000000000000e+00
0.000000000000000000e+00
0.000000000000000000e+00
0.000000000000000000e+00
0.000000000000000000e+00
0.000000000000000000e+00
0.000000000000000000e+00
0.000000000000000000e+00
0.000000000000000000e+00
0.000000000000000000e+00
0.000000000000000000e+00
0.000000000000000000e+00
0.000000000000000000e+00
0.000000000000000000e+00
0.000000000000000000e+00
0.000000000000000000e+00
0.000000000000000000e+00
0.000000000000000000e+00
0.000000000000000000e+00
0.000000000000000000e+00
0.000000000000000000e+00
0.000000000000000000e+00
0.000000000000000000e+00
0.000000000000000000e+00
0.000000000000000000e+00
0.000000000000000000e+00
0.000000000000000000e+00
0.000000000000000000e+00
0.000000000000000000e+00
0.000000000000000000e+00
0.000000000000000000e+00
0.000000000000000000e+00
0.000000000000000000e+00
0.000000000000000000e+00
0.000000000000000000e+00
0.000000000000000000e+00
0.000000000000000000e+00
0.000000000000000000e+00
0.000000000000000000e+00
0.000000000000000000e+00
0.000000000000000000e+00
0.000000000000000000e+00
0.000000000000000000e+00
0.000000000000000000e+00
0.000000000000000000e+00
0.000000000000000000e+00
0.000000000000000000e+00
0.000000000000000000e+00
0.000000000000000000e+00
0.000000000000000000e+00
0.000000000000000000e+00
0.000000000000000000e+00
0.000000000000000000e+00
0.000000000000000000e+00
0.000000000000000000e+00
0.000000000000000000e+00
0.000000000000000000e+00
0.000000000000000000e+00
0.000000000000000000e+00
0.000000000000000000e+00
0.000000000000000000e+00
0.000000000000000000e+00
0.000000000000000000e+00
0.000000000000000000e+00
0.000000000000000000e+00
0.000000000000000000e+00
0.000000000000000000e+00
0.000000000000000000e+00
0.000000000000000000e+00
0.000000000000000000e+00
0.000000000000000000e+00
0.000000000000000000e+00
0.000000000000000000e+00
0.000000000000000000e+00
0.000000000000000000e+00
0.000000000000000000e+00
0.000000000000000000e+00
0.000000000000000000e+00
0.000000000000000000e+00
0.000000000000000000e+00
0.000000000000000000e+00
0.000000000000000000e+00
0.000000000000000000e+00
0.000000000000000000e+00
0.000000000000000000e+00
0.000000000000000000e+00
0.000000000000000000e+00
0.000000000000000000e+00
0.000000000000000000e+00
0.000000000000000000e+00
0.000000000000000000e+00
0.000000000000000000e+00
0.000000000000000000e+00
0.000000000000000000e+00
0.000000000000000000e+00
0.000000000000000000e+00
0.000000000000000000e+00
0.000000000000000000e+00
0.000000000000000000e+00
0.000000000000000000e+00
0.000000000000000000e+00
0.000000000000000000e+00
0.000000000000000000e+00
0.000000000000000000e+00
0.000000000000000000e+00
0.000000000000000000e+00
0.000000000000000000e+00
0.000000000000000000e+00
0.000000000000000000e+00
0.000000000000000000e+00
0.000000000000000000e+00
0.000000000000000000e+00
0.000000000000000000e+00
0.000000000000000000e+00
0.000000000000000000e+00
0.000000000000000000e+00
0.000000000000000000e+00
0.000000000000000000e+00
0.000000000000000000e+00
0.000000000000000000e+00
0.000000000000000000e+00
0.000000000000000000e+00
0.000000000000000000e+00
0.000000000000000000e+00
0.000000000000000000e+00
0.000000000000000000e+00
0.000000000000000000e+00
0.000000000000000000e+00
0.000000000000000000e+00
0.000000000000000000e+00
0.000000000000000000e+00
0.000000000000000000e+00
0.000000000000000000e+00
0.000000000000000000e+00
0.000000000000000000e+00
0.000000000000000000e+00
0.000000000000000000e+00
0.000000000000000000e+00
0.000000000000000000e+00
0.000000000000000000e+00
0.000000000000000000e+00
0.000000000000000000e+00
0.000000000000000000e+00
0.000000000000000000e+00
0.000000000000000000e+00
0.000000000000000000e+00
0.000000000000000000e+00
0.000000000000000000e+00
0.000000000000000000e+00
0.000000000000000000e+00
0.000000000000000000e+00
0.000000000000000000e+00
0.000000000000000000e+00
0.000000000000000000e+00
0.000000000000000000e+00
0.000000000000000000e+00
0.000000000000000000e+00
0.000000000000000000e+00
0.000000000000000000e+00
0.000000000000000000e+00
0.000000000000000000e+00
0.000000000000000000e+00
0.000000000000000000e+00
0.000000000000000000e+00
0.000000000000000000e+00
0.000000000000000000e+00
0.000000000000000000e+00
0.000000000000000000e+00
0.000000000000000000e+00
0.000000000000000000e+00
0.000000000000000000e+00
0.000000000000000000e+00
0.000000000000000000e+00
0.000000000000000000e+00
0.000000000000000000e+00
0.000000000000000000e+00
0.000000000000000000e+00
0.000000000000000000e+00
0.000000000000000000e+00
0.000000000000000000e+00
0.000000000000000000e+00
0.000000000000000000e+00
0.000000000000000000e+00
0.000000000000000000e+00
0.000000000000000000e+00
0.000000000000000000e+00
0.000000000000000000e+00
0.000000000000000000e+00
0.000000000000000000e+00
0.000000000000000000e+00
0.000000000000000000e+00
0.000000000000000000e+00
0.000000000000000000e+00
0.000000000000000000e+00
0.000000000000000000e+00
0.000000000000000000e+00
0.000000000000000000e+00
0.000000000000000000e+00
0.000000000000000000e+00
0.000000000000000000e+00
0.000000000000000000e+00
0.000000000000000000e+00
0.000000000000000000e+00
0.000000000000000000e+00
0.000000000000000000e+00
0.000000000000000000e+00
0.000000000000000000e+00
0.000000000000000000e+00
0.000000000000000000e+00
0.000000000000000000e+00
0.000000000000000000e+00
0.000000000000000000e+00
0.000000000000000000e+00
0.000000000000000000e+00
0.000000000000000000e+00
0.000000000000000000e+00
0.000000000000000000e+00
0.000000000000000000e+00
0.000000000000000000e+00
0.000000000000000000e+00
0.000000000000000000e+00
0.000000000000000000e+00
0.000000000000000000e+00
0.000000000000000000e+00
0.000000000000000000e+00
0.000000000000000000e+00
0.000000000000000000e+00
0.000000000000000000e+00
0.000000000000000000e+00
0.000000000000000000e+00
0.000000000000000000e+00
0.000000000000000000e+00
0.000000000000000000e+00
0.000000000000000000e+00
0.000000000000000000e+00
0.000000000000000000e+00
0.000000000000000000e+00
0.000000000000000000e+00
0.000000000000000000e+00
0.000000000000000000e+00
0.000000000000000000e+00
0.000000000000000000e+00
0.000000000000000000e+00
0.000000000000000000e+00
0.000000000000000000e+00
0.000000000000000000e+00
0.000000000000000000e+00
0.000000000000000000e+00
0.000000000000000000e+00
0.000000000000000000e+00
0.000000000000000000e+00
0.000000000000000000e+00
0.000000000000000000e+00
0.000000000000000000e+00
0.000000000000000000e+00
0.000000000000000000e+00
0.000000000000000000e+00
0.000000000000000000e+00
0.000000000000000000e+00
0.000000000000000000e+00
0.000000000000000000e+00
0.000000000000000000e+00
0.000000000000000000e+00
0.000000000000000000e+00
0.000000000000000000e+00
0.000000000000000000e+00
0.000000000000000000e+00
0.000000000000000000e+00
0.000000000000000000e+00
0.000000000000000000e+00
0.000000000000000000e+00
0.000000000000000000e+00
0.000000000000000000e+00
0.000000000000000000e+00
0.000000000000000000e+00
0.000000000000000000e+00
0.000000000000000000e+00
0.000000000000000000e+00
0.000000000000000000e+00
0.000000000000000000e+00
0.000000000000000000e+00
0.000000000000000000e+00
0.000000000000000000e+00
0.000000000000000000e+00
0.000000000000000000e+00
0.000000000000000000e+00
0.000000000000000000e+00
0.000000000000000000e+00
0.000000000000000000e+00
0.000000000000000000e+00
0.000000000000000000e+00
0.000000000000000000e+00
0.000000000000000000e+00
0.000000000000000000e+00
0.000000000000000000e+00
0.000000000000000000e+00
0.000000000000000000e+00
0.000000000000000000e+00
0.000000000000000000e+00
0.000000000000000000e+00
0.000000000000000000e+00
0.000000000000000000e+00
0.000000000000000000e+00
0.000000000000000000e+00
0.000000000000000000e+00
0.000000000000000000e+00
0.000000000000000000e+00
0.000000000000000000e+00
0.000000000000000000e+00
0.000000000000000000e+00
0.000000000000000000e+00
0.000000000000000000e+00
0.000000000000000000e+00
0.000000000000000000e+00
0.000000000000000000e+00
0.000000000000000000e+00
0.000000000000000000e+00
0.000000000000000000e+00
0.000000000000000000e+00
0.000000000000000000e+00
0.000000000000000000e+00
0.000000000000000000e+00
0.000000000000000000e+00
0.000000000000000000e+00
0.000000000000000000e+00
0.000000000000000000e+00
0.000000000000000000e+00
0.000000000000000000e+00
0.000000000000000000e+00
0.000000000000000000e+00
0.000000000000000000e+00
0.000000000000000000e+00
0.000000000000000000e+00
0.000000000000000000e+00
0.000000000000000000e+00
0.000000000000000000e+00
0.000000000000000000e+00
0.000000000000000000e+00
0.000000000000000000e+00
