2.283056431078993309e-01
8.205517055094065093e-02
9.168633060882880326e-02
1.034905710270449392e-01
1.042666477354571575e-01
9.604763025710970348e-02
8.267800285434138974e-02
6.714732607983460444e-02
5.148825071121770208e-02
3.707373056909304965e-02
2.484080637249557952e-02
1.531052749351826531e-02
8.557666490500914422e-03
4.261638792595339939e-03
1.849256653693939767e-03
6.797380563942711324e-04
2.040962739487940344e-04
4.775613652884175465e-05
8.190128436489724773e-06
9.503583513084427547e-07
6.718762986600121451e-08
2.513308144921939159e-09
4.062589901544721406e-11
2.049449330076104982e-13
1.750078860759381311e-16
6.163068473271670546e-21
9.183689863795542642e-29
