2.140784330573641536e-01
2.818358806279322795e-02
1.001310596144787401e-02
6.879226324663486637e-03
6.589512364797393308e-03
6.899967821756287055e-03
7.306261651705438405e-03
7.699452926336892468e-03
8.063112217822939257e-03
8.399503867320870509e-03
8.712791287393295905e-03
9.006058012444679781e-03
9.281235661040596052e-03
9.539439251120253316e-03
9.781248850204362841e-03
1.000690174073645342e-02
1.021642172141838147e-02
1.040970872121330972e-02
1.058660282728729474e-02
1.074693081742576425e-02
1.089053996326149083e-02
1.101732210211542849e-02
1.112723002776208267e-02
1.122028772626385007e-02
1.129659567485129593e-02
1.135633222203679023e-02
1.139975192041539631e-02
1.142718156246464237e-02
1.143901456153023806e-02
1.143570422025403342e-02
1.141775633587620818e-02
1.138572150659455419e-02
1.134018742631983344e-02
1.128177138738538712e-02
1.121111315231305278e-02
1.112886830645776377e-02
1.103570216275882865e-02
1.093228425717428579e-02
1.081928344778128152e-02
1.069736361104385927e-02
1.056717991443271824e-02
1.042937563454243537e-02
1.028457948327073102e-02
1.013340340078986226e-02
9.976440772326953740e-03
9.814265025660897854e-03
9.647428567305077474e-03
9.476462017230414744e-03
9.301873704412233837e-03
9.124149388243211686e-03
8.943752173774360478e-03
8.761122591706067483e-03
8.576678816959205920e-03
8.390817002451181686e-03
8.203911707341072362e-03
8.016316401467410424e-03
7.828364029966712254e-03
7.640367624130192312e-03
7.452620946429397604e-03
7.265399159327736410e-03
7.078959509004968502e-03
6.893542016466496468e-03
6.709370169701081403e-03
6.526651611605149839e-03
6.345578819318635662e-03
6.166329771431227832e-03
5.989068600229699446e-03
5.813946226775484200e-03
5.641100977141504449e-03
5.470659178599979536e-03
5.302735734953753499e-03
5.137434680544930056e-03
4.974849712763928546e-03
4.815064703126020924e-03
4.658154187184552000e-03
4.504183833715932374e-03
4.353210893744774088e-03
4.205284630081844444e-03
4.060446728126055650e-03
3.918731688738138520e-03
3.780167204029591908e-03
3.644774516929869933e-03
3.512568765398583256e-03
3.383559312140940224e-03
3.257750060665400016e-03
3.135139758493957641e-03
3.015722288300104470e-03
2.899486947708535076e-03
2.786418718444999380e-03
2.676498525476885774e-03
2.569703486734758405e-03
2.466007153954532811e-03
2.365379745129261597e-03
2.267788369009915688e-03
2.173197242046415005e-03
2.081567898114238674e-03
1.992859391328377291e-03
1.907028492206320688e-03
1.824029877403877216e-03
1.743816313214078401e-03
1.666338832988711492e-03
1.591546908614699645e-03
1.519388616154153512e-03
1.449810795736341563e-03
1.382759205772849179e-03
1.318178671553017984e-03
1.256013228265732322e-03
1.196206258485180965e-03
1.138700624152167318e-03
1.083438793079091267e-03
1.030362960004845745e-03
9.794151622263230599e-04
9.305373898348331951e-04
8.836716905889991161e-04
8.387602694600117302e-04
7.957455828904088377e-04
7.545704278136504796e-04
7.151780254884074076e-04
6.775121002086105211e-04
6.415169529576913434e-04
6.071375300829921469e-04
5.743194870739245974e-04
5.430092475348851722e-04
5.131540574513040629e-04
4.847020348542129355e-04
4.576022149954604950e-04
4.318045911519841767e-04
4.072601511834343701e-04
3.839209099728909270e-04
3.617399378851266856e-04
3.406713853813617696e-04
3.206705039331239127e-04
3.016936633810524690e-04
2.836983658871004908e-04
2.666432566306816050e-04
2.504881314007762101e-04
2.351939412369592189e-04
2.207227942727711353e-04
2.070379549346925763e-04
1.941038406494499213e-04
1.818860162112436374e-04
1.703511859590291634e-04
1.594671839120145201e-04
1.492029620092351295e-04
1.395285765962979527e-04
1.304151732994710640e-04
1.218349704238286149e-04
1.137612410086461971e-04
1.061682936692828652e-04
9.903145235078408967e-05
9.232703511408908476e-05
8.603233207132243113e-05
8.012558258203843372e-05
7.458595181762884196e-05
6.939350679628506413e-05
6.452919198607539859e-05
5.997480456884734899e-05
5.571296945269079749e-05
5.172711411586691056e-05
4.800144336022381554e-05
4.452091404721720202e-05
4.127120988494674181e-05
3.823871632988520847e-05
3.541049566232278538e-05
3.277426229006271768e-05
3.031835833047432526e-05
2.803172951668844167e-05
2.590390146959813274e-05
2.392495637324787539e-05
2.208551008736790917e-05
2.037668972699300751e-05
1.879011173560981015e-05
1.731786047479379800e-05
1.595246735004625529e-05
1.468689048945379669e-05
1.351449498885135957e-05
1.242903373437488800e-05
1.142462881070375220e-05
1.049575350084166598e-05
9.637214880974107804e-06
8.844137011810415983e-06
8.111944725897794498e-06
7.436348008452333316e-06
6.813326967693520660e-06
6.239117389050149841e-06
5.710196866232930929e-06
5.223271500915540959e-06
4.775263161579479305e-06
4.363297291135343823e-06
3.984691251973750631e-06
3.636943196315620418e-06
3.317721449110247056e-06
3.024854390073980679e-06
2.756320821029249545e-06
2.510240804274610532e-06
2.284866957448391526e-06
2.078576190062990153e-06
1.889861866757645404e-06
1.717326382233021772e-06
1.559674132763043962e-06
1.415704869237845831e-06
1.284307416771964375e-06
1.164453746001533299e-06
1.055193381410286769e-06
9.556481322021443180e-07
8.650071314904120752e-07
7.825221698424583093e-07
7.075033095273540723e-07
6.393147661312131881e-07
5.773710445470467691e-07
5.211333167064514383e-07
4.701060288037349093e-07
4.238337261290170615e-07
3.818980840357333917e-07
3.439151339696732584e-07
3.095326738689254151e-07
2.784278526733570232e-07
2.503049190739783895e-07
2.248931250385320360e-07
2.019447750478211282e-07
1.812334123863438815e-07
1.625521341970460372e-07
1.457120274081802738e-07
1.305407180336276714e-07
1.168810266657432544e-07
1.045897233935546550e-07
9.353637568808673331e-08
8.360228314423845199e-08
7.467949331914900947e-08
6.666989317739859320e-08
5.948437099794447698e-08
5.304204387851877316e-08
4.726954624043937456e-08
4.210037503602513533e-08
3.747428758493714125e-08
3.333674825254268305e-08
2.963842037581520636e-08
2.633470011565611289e-08
2.338528906864376852e-08
2.075380275490648227e-08
1.840741220081593065e-08
1.631651609183847961e-08
1.445444111121635230e-08
1.279716822881741022e-08
1.132308291730006049e-08
1.001274733500134913e-08
8.848692723764923821e-09
7.815230362712775689e-09
6.898279547916085275e-09
6.085211188302621295e-09
5.364705681896570838e-09
4.726623902483377313e-09
4.161890144555624629e-09
3.662385999206124339e-09
3.220854238998854583e-09
2.830811787436653702e-09
2.486471019617845443e-09
2.182668610228705599e-09
1.914801282559377837e-09
1.678767805840462887e-09
1.470916700840118654e-09
1.287999093623409436e-09
1.127126274807061845e-09
9.857314938938428078e-10
8.615356173942808103e-10
7.525162630028724081e-10
6.568800789360689791e-10
5.730378935196833135e-10
4.995824084539546935e-10
4.352682367389218655e-10
3.789940182680819801e-10
3.297864190124875710e-10
2.867858402881804472e-10
2.492336403060929732e-10
2.164607329326699777e-10
1.878774185982028768e-10
1.629643195552836220e-10
1.412643066450282584e-10
1.223753119825169722e-10
1.059439399633833487e-10
9.165978811829096714e-11
7.925040290732407132e-11
6.847680523708018987e-11
5.912952094445839720e-11
5.102506487791005923e-11
4.400282668355934259e-11
3.792231850794379090e-11
3.266073343379643197e-11
2.811080078193039844e-11
2.417888114336376857e-11
2.078329319614762220e-11
1.785283257906083263e-11
1.532547729798089120e-11
1.314723558985492050e-11
1.127114172219182942e-11
9.656369547469339591e-12
8.267453363199832562e-12
7.073609039772522866e-12
6.048131804370655373e-12
5.167871595532580866e-12
4.412776641685611228e-12
3.765489151960342783e-12
3.210994113637006790e-12
2.736312920036931826e-12
2.330234183071666630e-12
1.983080677752176566e-12
1.686505168820102434e-12
1.433312493712672570e-12
1.217304973594867644e-12
1.033148587320591359e-12
8.762543395045746805e-13
7.426800538956681343e-13
6.290367424358071607e-13
5.324178642878601639e-13
4.503303559181264588e-13
3.806378907274323398e-13
3.215087438600098638e-13
2.713779076710496966e-13
2.289046699309429335e-13
1.929455704979351407e-13
1.625220838451672046e-13
1.368011508441310652e-13
1.150699220238934329e-13
9.672354292944399323e-14
8.124550644840777000e-14
6.819640767434850478e-14
5.720307737887124408e-14
4.794775209148815710e-14
4.016167984776455898e-14
3.361652284566259592e-14
2.811799930550495684e-14
2.350194679823361165e-14
1.963031398008160702e-14
1.638350194691985564e-14
1.366468607228015107e-14
1.138862258389277573e-14
9.485192556951698031e-15
7.894428605294101769e-15
6.565530479619030597e-15
5.456280445489678607e-15
4.530927182203894512e-15
3.759835392472097610e-15
3.117983341902112481e-15
2.583548381958250404e-15
2.139179475617866902e-15
1.769837457338249046e-15
1.463550529374745288e-15
1.209038579201459455e-15
9.982177556614475306e-16
8.235858501282947126e-16
6.786768226839736004e-16
5.592901799279787048e-16
4.598650274970239473e-16
3.782765475124451544e-16
3.108882638278356494e-16
2.552471416743949181e-16
2.094653800487312891e-16
1.717065632530613484e-16
1.405959883605261471e-16
1.151627596184767443e-16
9.381645322643164807e-17
7.678661050336099393e-17
6.263793100124085700e-17
5.094486804935377388e-17
4.159061348856189586e-17
3.412848373994712765e-17
2.773616809007560388e-17
2.243462140220695691e-17
1.854353849812668074e-17
1.493652194894615392e-17
1.220020339702245625e-17
9.781140016107539759e-18
8.232097726373868798e-18
6.417521655968816741e-18
5.271922039497168218e-18
4.322623462651477225e-18
3.564908175047005491e-18
2.679971945253938129e-18
2.208288716383953366e-18
1.856798279934253131e-18
1.593784090833934602e-18
1.445679941854413984e-18
1.043257716235154240e-18
8.317527419663992666e-19
6.784750168270170611e-19
5.575411085265382589e-19
7.783391148168746975e-19
4.354069190952365324e-19
3.717928521947821787e-19
2.825235821389169854e-19
1.546339732586632528e-19
3.132577479623149084e-19
1.119579689291595074e-19
4.263165172395503562e-19
2.977746261927704294e-19
1.897349078409337318e-19
1.252861488276326960e-19
1.063722274052276113e-19
9.694346901746319930e-20
0.000000000000000000e+00
0.000000000000000000e+00
0.000000000000000000e+00
6.905384779629552324e-20
6.907953403594691612e-20
6.616832101676381150e-20
1.029203859068771746e-19
6.798991699278363977e-20
9.945597167453194151e-20
1.434820522597281858e-19
0.000000000000000000e+00
5.184480106963832094e-20
2.503049983532278176e-19
1.604250257295180327e-19
0.000000000000000000e+00
8.907769683911218393e-20
1.757718480268882017e-19
2.275404059951913875e-19
7.636201106635441080e-20
0.000000000000000000e+00
1.261634400577396275e-19
1.391953871371890292e-19
6.174095953506950691e-20
2.092741684489024920e-19
1.905351831552257417e-19
2.691807146665945629e-19
1.222983724181381978e-19
1.432665842107396843e-19
6.548048724939195566e-20
0.000000000000000000e+00
1.277859201164118146e-19
1.763260875822576932e-19
1.486213758268037825e-19
2.992551589486536294e-19
2.854486176235335527e-19
7.956952525609548016e-21
2.535189501443890308e-19
2.024998944300808430e-19
1.976120945723480179e-19
7.867100630591337373e-20
3.006766798305068239e-19
2.065869756157798254e-19
2.411843879875626375e-19
8.735109681027088630e-20
6.735839567393602334e-20
2.227434911208125934e-19
1.639511221276669319e-19
2.765163718924438381e-19
1.333722818448803999e-19
1.960238748198054474e-19
0.000000000000000000e+00
1.828677117369227169e-19
8.166094081460801565e-20
3.860040260084027985e-19
1.872744185586973168e-19
5.023341109726893638e-21
0.000000000000000000e+00
1.810940712438448973e-19
0.000000000000000000e+00
1.016866884980741984e-19
1.486182058487196000e-19
2.324308432762522172e-19
4.636788397734661906e-21
6.052752053692605864e-20
6.050161958101633155e-20
1.385805402046411506e-19
3.062832533335040787e-19
2.082995535762238758e-19
0.000000000000000000e+00
2.560465164035681757e-19
2.019934527407540651e-19
7.772686861740417909e-20
1.015931064820993137e-19
2.235504075952756929e-19
3.166804676878585139e-19
2.100258370336093762e-19
5.491063442107345847e-22
0.000000000000000000e+00
1.351435830324024259e-19
1.464313490252269911e-19
0.000000000000000000e+00
1.737122986288322189e-19
6.990121405574261890e-20
5.718172926330661059e-20
5.419503888723441891e-20
1.319837482771688186e-19
0.000000000000000000e+00
1.278707795725253194e-19
5.780827219514050151e-20
0.000000000000000000e+00
1.236301676119676362e-19
1.729663019063506650e-19
2.584437101549104867e-19
2.286421276060507504e-19
6.726952932317483930e-20
4.069852844456660350e-19
8.713004617218380189e-20
5.418167394187934185e-20
8.868540833688812528e-20
0.000000000000000000e+00
0.000000000000000000e+00
4.265238986661357984e-20
8.317054134279470238e-20
0.000000000000000000e+00
1.193503996958753738e-19
3.666678901446602115e-19
1.952571413771541596e-19
2.195439415413142359e-19
2.311175848174729567e-20
4.322491231942278812e-20
4.277793632586100232e-20
2.007653348168420347e-19
5.799123971099128367e-20
4.371614344822925062e-20
1.204056195468587840e-19
0.000000000000000000e+00
0.000000000000000000e+00
3.935824366416929236e-19
0.000000000000000000e+00
0.000000000000000000e+00
3.636176465052669445e-20
1.161088748463378769e-19
4.398686476206222519e-20
1.955578782069767146e-19
9.088173128048422615e-20
0.000000000000000000e+00
0.000000000000000000e+00
0.000000000000000000e+00
0.000000000000000000e+00
0.000000000000000000e+00
1.076772493409026778e-19
3.621002557953155972e-20
2.907826113442245044e-20
0.000000000000000000e+00
1.838603361058820671e-19
3.691927727192169561e-20
2.663065886894507751e-20
6.425433728731571498e-20
1.473637548330727911e-19
1.150953792732605229e-19
0.000000000000000000e+00
4.599933263940421182e-19
1.439818344877297387e-19
1.186745378490920450e-19
2.351598290841471523e-19
2.069164558379439710e-19
4.706803805347748023e-20
3.324147516745448511e-20
7.091406723320324217e-20
3.497379473318382027e-20
3.092490176467424291e-20
1.490966150231032805e-19
1.199752798827504761e-19
2.370050020676972485e-19
4.922175589178566353e-20
1.925695671886694156e-19
1.250011788902872502e-19
4.068073467637148707e-20
3.312431919357667462e-20
3.155616408728353477e-20
3.066192016906531386e-20
2.682722976963760617e-19
2.089613767975688434e-19
4.377896564118790093e-20
3.506207799601478544e-19
5.834493161202958344e-20
7.585857607899631962e-20
3.152918745136774486e-19
1.362553229031247858e-19
2.427173130847417883e-19
2.119503354471377481e-19
0.000000000000000000e+00
1.156556915266470384e-19
1.618263149078930351e-19
0.000000000000000000e+00
1.945550026458921475e-19
3.266179544122772100e-19
0.000000000000000000e+00
0.000000000000000000e+00
7.494954627112478734e-20
3.939118477743493043e-20
2.738526371662354871e-19
3.712236732781759072e-19
0.000000000000000000e+00
0.000000000000000000e+00
1.144497462818829914e-19
8.108752626903591625e-20
2.381628340219867271e-19
1.301330466327830194e-19
4.086626519536024953e-20
7.521207725059218207e-20
3.766440499922078956e-20
1.528244636071375466e-19
4.161257560432183111e-20
0.000000000000000000e+00
1.093878905770528045e-19
1.547658658823025280e-19
0.000000000000000000e+00
0.000000000000000000e+00
1.063719754892776450e-19
0.000000000000000000e+00
1.846241410474588727e-19
3.656314482506243578e-20
0.000000000000000000e+00
0.000000000000000000e+00
0.000000000000000000e+00
0.000000000000000000e+00
0.000000000000000000e+00
9.834545507618719938e-20
2.399259346476994457e-20
1.871105937634425199e-20
1.762815629134858442e-19
2.747542054702452930e-20
0.000000000000000000e+00
1.350598826419756667e-19
2.388778246858365962e-20
1.665414523237127658e-20
1.345027339136163508e-19
1.818922316927275943e-19
2.657331831398237490e-20
0.000000000000000000e+00
1.500317916280563631e-20
2.134696596153004284e-19
1.467313470262040672e-19
0.000000000000000000e+00
9.578367980932226856e-20
2.082765488646994309e-20
4.137981339605679043e-19
4.108455353027549935e-20
2.992048403836581997e-19
0.000000000000000000e+00
0.000000000000000000e+00
2.577574177580278600e-19
0.000000000000000000e+00
2.126820176566112636e-20
1.396911662419723460e-19
1.069680326692733952e-19
1.054174919223958666e-19
1.848279861964992182e-19
4.281762627329140769e-19
2.848030492350157266e-19
4.099876535933513069e-20
0.000000000000000000e+00
0.000000000000000000e+00
3.420021279903054925e-19
2.016844519672648757e-19
1.145007790003856074e-19
3.499358570996695381e-19
0.000000000000000000e+00
2.275457059850807397e-19
7.886085381373181814e-20
2.309808314269990492e-19
0.000000000000000000e+00
1.082666964227138050e-19
7.203446997395565470e-20
3.058606612421914813e-20
0.000000000000000000e+00
2.507269841252124775e-20
3.424331226111027000e-19
1.995399092761075995e-19
0.000000000000000000e+00
0.000000000000000000e+00
1.823257366462521573e-19
0.000000000000000000e+00
0.000000000000000000e+00
2.200003581814167876e-19
1.502648854339930467e-19
0.000000000000000000e+00
1.006834088209097479e-19
1.832424322631413209e-19
1.077553183078587600e-19
0.000000000000000000e+00
0.000000000000000000e+00
1.847294511064498620e-20
3.358612834508534674e-19
3.255374734829421568e-20
1.788740632997585072e-19
2.392382037181688883e-20
1.848012253063468957e-20
5.698707004079248284e-20
1.864748878304684673e-20
5.582308013474901447e-20
5.708035916158081824e-20
1.362589960964902903e-19
9.950200171428889253e-20
0.000000000000000000e+00
0.000000000000000000e+00
1.300477553757362239e-20
1.248019329478061601e-20
9.124180377922755076e-20
2.530004255363775047e-19
6.139799883565120380e-20
1.503605014303186232e-20
1.711173631590671287e-19
2.169204729624464565e-19
0.000000000000000000e+00
1.322687960273242684e-20
9.192557769120071154e-20
1.331058699267397614e-19
5.667145520823558284e-20
9.386419495078758365e-20
9.472084739108706433e-20
0.000000000000000000e+00
0.000000000000000000e+00
9.047623622275688684e-20
1.329470398580223329e-19
1.563360338038093198e-20
5.098218192530448185e-20
1.221655664824703664e-20
3.679434219034081838e-19
2.317768006002385695e-20
0.000000000000000000e+00
1.699207948308874724e-19
2.151763886874574569e-19
1.898167650276745249e-20
1.264779105320059261e-20
2.898797143260081240e-19
0.000000000000000000e+00
0.000000000000000000e+00
3.693556310254941617e-19
6.352992610788618893e-20
1.566245883901437650e-20
2.118309580083640224e-19
2.179575097277366709e-19
1.793747370091751714e-19
1.974420160848065704e-20
1.480413987922561895e-20
1.330631540675368053e-19
2.556375827248536543e-19
2.596672533303687658e-19
3.004608369829303090e-19
3.025846962622735590e-19
0.000000000000000000e+00
1.751684572107720448e-20
2.153118691962047702e-19
0.000000000000000000e+00
3.739413264262531496e-19
0.000000000000000000e+00
1.758378269607212377e-19
0.000000000000000000e+00
2.541453615589142205e-19
2.997915968911367030e-19
1.826041305196543649e-19
0.000000000000000000e+00
1.751606513491998312e-19
9.909706475986518544e-20
1.766528078038331409e-19
3.371814193333906663e-19
1.427891926710577234e-19
1.785522494115066733e-19
1.999574793423144842e-20
1.588345985481465897e-20
1.468558998262849807e-20
1.365134887431175386e-20
1.318369679446733585e-19
0.000000000000000000e+00
1.304757622064358637e-19
1.324440012376556071e-20
2.486590876827056408e-19
0.000000000000000000e+00
0.000000000000000000e+00
1.677220113341943592e-19
1.090070550240956460e-20
8.766651693600544076e-20
0.000000000000000000e+00
4.683120201952150292e-20
7.494468099099245220e-21
6.123006107740841943e-21
8.496707464487201869e-20
5.917111531811429564e-21
2.829088853799474463e-19
0.000000000000000000e+00
5.376358828463626074e-21
0.000000000000000000e+00
3.223061267765534754e-19
0.000000000000000000e+00
4.518597256890942693e-20
1.250420065028810955e-19
2.455358164496972818e-19
0.000000000000000000e+00
2.046910914781847107e-19
1.679437298296607579e-19
2.474122766246012332e-19
0.000000000000000000e+00
1.264765628291414689e-19
8.685617522442801801e-21
4.655502855703772860e-20
0.000000000000000000e+00
5.775398700536279999e-21
4.423934667070344828e-19
1.113951304795448684e-20
8.584796462803036428e-20
6.745385680049885431e-21
0.000000000000000000e+00
4.458992001784967522e-20
0.000000000000000000e+00
2.822250846894212240e-19
7.116505869988369891e-21
8.385388123788671003e-20
2.432614941999888890e-19
2.848546171430153678e-19
7.697026299795061029e-21
8.463126437947256839e-20
4.489248845832306235e-20
4.876199582873178614e-21
0.000000000000000000e+00
3.436502766064657276e-21
2.946177344752002562e-21
2.012081849551325391e-19
8.348665740506605372e-20
1.619383934600355333e-19
8.325287097211820317e-20
1.225371358360907837e-19
3.612439442501629633e-21
2.808696287092699896e-19
2.032330577566798080e-19
4.465214184132693888e-21
1.224234277291642179e-19
2.818582185075032718e-19
0.000000000000000000e+00
4.289161731617740172e-20
8.247031505511992521e-20
2.802159509842860722e-21
3.598011560751732930e-19
0.000000000000000000e+00
0.000000000000000000e+00
1.826227786825803968e-21
1.419614297852745122e-21
0.000000000000000000e+00
1.994738459418205950e-19
1.602749522856210608e-19
0.000000000000000000e+00
8.037390499904747357e-20
0.000000000000000000e+00
5.385184917936967901e-22
0.000000000000000000e+00
3.992725573260341633e-20
0.000000000000000000e+00
1.193043480197950507e-19
1.944215021034561943e-23
2.727157804204883797e-24
4.447093856256336883e-25
5.316044699736941574e-26
6.135269532870728242e-27
8.105092434866569179e-28
1.044627445155946466e-28
1.221655245060616156e-29
1.344250176091807830e-30
1.407194325940112957e-31
1.424236907057200273e-32
1.461464728447595510e-33
1.585738113088798369e-34
1.820950861594911300e-35
2.139683058629565081e-36
2.487376725799834202e-37
2.837417014031125873e-38
3.196369281301598732e-39
3.603197955425614835e-40
4.078994934765038522e-41
4.599594799656989974e-42
5.107092850859184049e-43
5.542796596524807388e-44
5.877980543807768733e-45
6.133120968671383830e-46
6.384124927067061352e-47
6.753480836001579757e-48
7.387575734947612811e-49
8.429102598785835740e-50
9.995588403664317183e-51
1.216884987803171632e-51
1.499277789894276244e-52
1.847423046281604485e-53
2.258363013142314631e-54
2.725529948620734521e-55
3.239050752501819508e-56
3.786662024346696721e-57
4.355262668112062634e-58
4.932647334204708252e-59
5.508725981149749017e-60
6.075819122891171276e-61
6.628252152106210960e-62
7.161953552504436906e-63
7.674705978312546421e-64
8.167170697775724105e-65
8.644234203887751324e-66
9.116020563825087877e-67
9.598150838354513749e-68
1.011126148107590655e-68
1.068009974456928762e-69
1.133256512345526641e-70
1.209896717029109388e-71
1.301171132429698500e-72
1.410568452373528978e-73
1.541968566932275412e-74
1.699913899050351850e-75
1.889993916431925700e-76
2.119271385451769932e-77
2.396633759993467465e-78
2.732948851787679211e-79
3.140952402529629616e-80
3.634879985662325133e-81
4.229937584874602987e-82
4.941741064511322580e-83
5.785820511156712525e-84
6.777191201661663492e-85
7.929881588889860407e-86
9.256237724867809047e-87
1.076583898863433898e-87
1.246397450722140973e-88
1.434981496772848978e-89
1.641461104137434207e-90
1.864038870518997498e-91
2.099964102524663187e-92
2.345641848958602530e-93
2.596902014620208909e-94
2.849424256988017119e-95
3.099292212561151687e-96
3.343636433035939469e-97
3.581321524663581612e-98
3.813637553047930780e-99
4.044963724659288562e-100
4.283377610109980441e-101
4.541181419049821256e-102
4.835307616144858307e-103
5.187553359964618673e-104
5.624583653194244963e-105
6.177643717140892899e-106
6.881936292934539979e-107
7.775649240986969021e-108
8.898658452775924981e-109
1.029097345371768765e-109
1.199103066939713945e-110
1.403396662060783206e-111
1.645001778157152700e-112
1.926319559139736741e-113
2.249037554531293493e-114
2.614091960020524842e-115
3.021692152561741231e-116
3.471412497722187231e-117
3.962351456931837339e-118
4.493352455944402946e-119
5.063275570184616846e-120
5.671305037222929082e-121
6.317276332605473252e-122
7.002009256712066324e-123
7.727640670052404494e-124
8.497961467097600937e-125
9.318774911134944293e-126
1.019830405665605510e-126
1.114768047060404643e-127
1.218154105439028767e-128
1.331874244868585135e-129
1.458317423938309917e-130
1.600461759618463701e-131
1.761956307836224993e-132
1.947188017727110906e-133
2.161323148001808582e-134
2.410315279644560475e-135
2.700877825650231144e-136
3.040427028107043933e-137
3.437010566617909955e-138
3.899245325590216595e-139
4.436293705508944155e-140
5.057909536082030985e-141
5.774581252217979224e-142
6.597791533158170401e-143
7.540400033111137594e-144
8.617140874379362390e-145
9.845211396668492106e-146
1.124491545177889501e-146
1.284031512412554515e-147
1.465984029291184703e-148
1.673680623955911218e-149
1.910979499998034487e-150
2.182286510064599612e-151
2.492556497032503407e-152
2.847273584640147177e-153
3.252409887063794937e-154
3.714362752859970056e-155
4.239871101501011572e-156
4.835911827506239268e-157
5.509577949995198088e-158
6.267941581686851219e-159
7.117907305077997542e-160
8.066065506149582336e-161
9.118560744203174915e-162
1.028099712569998133e-162
1.155841031317335930e-163
1.295534327727651552e-164
1.447606894903922076e-165
1.612500619319824795e-166
1.790737474392553995e-167
1.983012898521480757e-168
2.190319929161095301e-169
2.414105326281727105e-170
2.656456841536169194e-171
2.920318411758914907e-172
3.209727554925908983e-173
3.530066821020718008e-174
3.888318996706577591e-175
4.293314061560604005e-176
4.755954797062764196e-177
5.289407577182580105e-178
5.909245310045096927e-179
6.633530818000120566e-180
7.482831186878670753e-181
8.480156825452345125e-182
9.650823192259978836e-183
1.102223840460494154e-183
1.262362626363860240e-184
1.448570158893932046e-185
1.664032305376519562e-186
1.912015771352721993e-187
2.195840070284402391e-188
2.518860248749084025e-189
2.884466369972239736e-190
3.296106286021778725e-191
3.757338401561654404e-192
4.271920844762977120e-193
4.843942655148108611e-194
5.478001310015726381e-195
6.179429346407842868e-196
6.954571499508595298e-197
7.811113734263783231e-198
8.758468978713072095e-199
9.808235844829482884e-200
1.097477596529604141e-200
1.227602429761038607e-201
1.373480244807664275e-202
1.538125329982192931e-203
1.725778963090511801e-204
1.942966513837488306e-205
2.200806387432055631e-206
2.520093218658332033e-207
2.942500920772853146e-208
3.555224159055862609e-209
4.544993176766435893e-210
6.315993037521163650e-211
9.746156705691789304e-212
1.674165303671065926e-212
3.143089070437776129e-213
6.272339647111886760e-214
1.297674492531299922e-214
2.735339972983961613e-215
5.812842112923866937e-216
1.237997387853910674e-216
2.633935719464564697e-217
5.588513468059289211e-218
1.181391648454227889e-218
2.487045211661277552e-219
5.212533375816295161e-220
1.087486705264507911e-220
2.258243004466672518e-221
4.667292602841396418e-222
9.600429757989689781e-223
1.965329272956479672e-223
4.003951871521612003e-224
8.117873432802012022e-225
1.637899447139773253e-225
3.288635006681642397e-226
6.570821881398237582e-227
1.306446005885908680e-227
2.584777603174572563e-228
5.088702191793337422e-229
9.968623631551258967e-230
1.943120900708271442e-230
3.768712652620627649e-231
7.272887902671818244e-232
1.396476013900028842e-232
2.667870865635994137e-233
5.070991098653644918e-234
9.589800211750827975e-235
1.804292107000987678e-235
3.377354067986644895e-236
6.289420443902190337e-237
1.165200753776243059e-237
2.147527549980719192e-238
3.937461466874216036e-239
7.181665367688567534e-240
1.303037582453909267e-240
2.351815572388261914e-241
4.222364304022243342e-242
7.540598190865702574e-243
1.339507213033887274e-243
2.366818385078643931e-244
4.159650626618292977e-245
7.271302359111898233e-246
1.264219035665717800e-246
2.186142788213316502e-247
3.759863407397300903e-248
6.431232063069516896e-249
1.094047177945093556e-249
1.850925001597620652e-250
3.114179209231353122e-251
5.210644603396600932e-252
8.670085916527712565e-253
1.434598687571727021e-253
2.360497139890163606e-254
3.862188349540386433e-255
6.283638621310959338e-256
1.016547198443172003e-256
1.635208990166290529e-257
2.615405829315036434e-258
4.159256469357996546e-259
6.576483773321204233e-260
1.033865033024420167e-260
1.615907673590152518e-261
2.510974823513059439e-262
3.879107047598037430e-263
5.957652814353695708e-264
9.096263273055287748e-265
1.380656356733299617e-265
2.083210766644207994e-266
3.124612139910623882e-267
4.658697532559610428e-268
6.904441710183693952e-269
1.017134506157870876e-269
1.489374945069171375e-270
2.167681923859797714e-271
3.135760607400178010e-272
4.508540795106701650e-273
6.442653106656805569e-274
9.149955189927568701e-275
1.291482266217949106e-275
1.811602562424726847e-276
2.525411158940406299e-277
3.498529945686959380e-278
4.816294349149552935e-279
6.588763453958682880e-280
8.956694797662186917e-281
1.209857012434030868e-281
1.623873232310220514e-282
2.165665373819160253e-283
2.869729955439596212e-284
3.778247495647402822e-285
4.942294987367540533e-286
6.423104009414349365e-287
8.293318964266532259e-288
1.063819497908303685e-288
1.355665904956172022e-289
1.716214186774524274e-290
2.158307255900750077e-291
2.696291563672256921e-292
3.345962047919165997e-293
4.124435032332001197e-294
5.049936199563833099e-295
6.141492112327962348e-296
7.418516188664017450e-297
8.900283653333035647e-298
1.060529482417013182e-298
1.255053210019002716e-299
1.475062304322944660e-300
1.721692971741481838e-301
1.995659258288233220e-302
2.297156523313155291e-303
2.625768352888934534e-304
2.980381856590550284e-305
3.359116675525175628e-306
3.759273146694308807e-307
4.177304866551268866e-308
4.608820338518042938e-309
5.048617460733434851e-310
5.490753323380413167e-311
5.928650180924926991e-312
6.355236614717763572e-313
6.763120904694776954e-314
7.144791608640491135e-315
7.492838420614671674e-316
7.800184900130140128e-317
8.060320343978473258e-318
8.267496891249083172e-319
8.416902342551476127e-320
8.502869764927853025e-321
8.497929108469440560e-322
7.905050333459944707e-323
0.000000000000000000e+00
0.000000000000000000e+00
0.000000000000000000e+00
0.000000000000000000e+00
0.000000000000000000e+00
0.000000000000000000e+00
0.000000000000000000e+00
0.000000000000000000e+00
0.000000000000000000e+00
0.000000000000000000e+00
0.000000000000000000e+00
0.000000000000000000e+00
0.000000000000000000e+00
0.000000000000000000e+00
0.000000000000000000e+00
0.000000000000000000e+00
0.000000000000000000e+00
0.000000000000000000e+00
0.000000000000000000e+00
0.000000000000000000e+00
0.000000000000000000e+00
0.000000000000000000e+00
0.000000000000000000e+00
0.000000000000000000e+00
0.000000000000000000e+00
0.000000000000000000e+00
0.000000000000000000e+00
0.000000000000000000e+00
0.000000000000000000e+00
0.000000000000000000e+00
0.000000000000000000e+00
0.000000000000000000e+00
0.000000000000000000e+00
0.000000000000000000e+00
0.000000000000000000e+00
0.000000000000000000e+00
0.000000000000000000e+00
0.000000000000000000e+00
0.000000000000000000e+00
0.000000000000000000e+00
0.000000000000000000e+00
0.000000000000000000e+00
0.000000000000000000e+00
0.000000000000000000e+00
0.000000000000000000e+00
0.000000000000000000e+00
0.000000000000000000e+00
0.000000000000000000e+00
0.000000000000000000e+00
0.000000000000000000e+00
0.000000000000000000e+00
0.000000000000000000e+00
0.000000000000000000e+00
0.000000000000000000e+00
0.000000000000000000e+00
0.000000000000000000e+00
0.000000000000000000e+00
0.000000000000000000e+00
0.000000000000000000e+00
0.000000000000000000e+00
0.000000000000000000e+00
0.000000000000000000e+00
0.000000000000000000e+00
0.000000000000000000e+00
0.000000000000000000e+00
0.000000000000000000e+00
0.000000000000000000e+00
0.000000000000000000e+00
0.000000000000000000e+00
0.000000000000000000e+00
0.000000000000000000e+00
0.000000000000000000e+00
0.000000000000000000e+00
0.000000000000000000e+00
0.000000000000000000e+00
0.000000000000000000e+00
0.000000000000000000e+00
0.000000000000000000e+00
0.000000000000000000e+00
0.000000000000000000e+00
0.000000000000000000e+00
0.000000000000000000e+00
0.000000000000000000e+00
0.000000000000000000e+00
0.000000000000000000e+00
0.000000000000000000e+00
0.000000000000000000e+00
0.000000000000000000e+00
0.000000000000000000e+00
0.000000000000000000e+00
0.000000000000000000e+00
0.000000000000000000e+00
0.000000000000000000e+00
0.000000000000000000e+00
0.000000000000000000e+00
0.000000000000000000e+00
0.000000000000000000e+00
0.000000000000000000e+00
0.000000000000000000e+00
0.000000000000000000e+00
0.000000000000000000e+00
0.000000000000000000e+00
0.000000000000000000e+00
0.000000000000000000e+00
0.000000000000000000e+00
0.000000000000000000e+00
0.000000000000000000e+00
0.000000000000000000e+00
0.000000000000000000e+00
0.000000000000000000e+00
0.000000000000000000e+00
0.000000000000000000e+00
0.000000000000000000e+00
0.000000000000000000e+00
0.000000000000000000e+00
0.000000000000000000e+00
0.000000000000000000e+00
0.000000000000000000e+00
0.000000000000000000e+00
0.000000000000000000e+00
0.000000000000000000e+00
0.000000000000000000e+00
0.000000000000000000e+00
0.000000000000000000e+00
0.000000000000000000e+00
0.000000000000000000e+00
0.000000000000000000e+00
0.000000000000000000e+00
0.000000000000000000e+00
0.000000000000000000e+00
0.000000000000000000e+00
0.000000000000000000e+00
0.000000000000000000e+00
0.000000000000000000e+00
0.000000000000000000e+00
0.000000000000000000e+00
0.000000000000000000e+00
0.000000000000000000e+00
0.000000000000000000e+00
0.000000000000000000e+00
0.000000000000000000e+00
0.000000000000000000e+00
0.000000000000000000e+00
0.000000000000000000e+00
0.000000000000000000e+00
0.000000000000000000e+00
0.000000000000000000e+00
0.000000000000000000e+00
0.000000000000000000e+00
0.000000000000000000e+00
0.000000000000000000e+00
0.000000000000000000e+00
0.000000000000000000e+00
0.000000000000000000e+00
0.000000000000000000e+00
0.000000000000000000e+00
0.000000000000000000e+00
0.000000000000000000e+00
0.000000000000000000e+00
0.000000000000000000e+00
0.000000000000000000e+00
0.000000000000000000e+00
0.000000000000000000e+00
0.000000000000000000e+00
0.000000000000000000e+00
0.000000000000000000e+00
0.000000000000000000e+00
0.000000000000000000e+00
0.000000000000000000e+00
0.000000000000000000e+00
0.000000000000000000e+00
0.000000000000000000e+00
0.000000000000000000e+00
0.000000000000000000e+00
0.000000000000000000e+00
0.000000000000000000e+00
0.000000000000000000e+00
0.000000000000000000e+00
0.000000000000000000e+00
0.000000000000000000e+00
0.000000000000000000e+00
0.000000000000000000e+00
0.000000000000000000e+00
0.000000000000000000e+00
0.000000000000000000e+00
0.000000000000000000e+00
0.000000000000000000e+00
0.000000000000000000e+00
0.000000000000000000e+00
0.000000000000000000e+00
0.000000000000000000e+00
0.000000000000000000e+00
0.000000000000000000e+00
0.000000000000000000e+00
0.000000000000000000e+00
0.000000000000000000e+00
0.000000000000000000e+00
0.000000000000000000e+00
0.000000000000000000e+00
0.000000000000000000e+00
0.000000000000000000e+00
0.000000000000000000e+00
0.000000000000000000e+00
0.000000000000000000e+00
0.000000000000000000e+00
0.000000000000000000e+00
0.000000000000000000e+00
0.000000000000000000e+00
0.000000000000000000e+00
0.000000000000000000e+00
0.000000000000000000e+00
0.000000000000000000e+00
0.000000000000000000e+00
0.000000000000000000e+00
0.000000000000000000e+00
0.000000000000000000e+00
0.000000000000000000e+00
0.000000000000000000e+00
0.000000000000000000e+00
0.000000000000000000e+00
0.000000000000000000e+00
0.000000000000000000e+00
0.000000000000000000e+00
0.000000000000000000e+00
0.000000000000000000e+00
0.000000000000000000e+00
0.000000000000000000e+00
0.000000000000000000e+00
0.000000000000000000e+00
0.000000000000000000e+00
0.000000000000000000e+00
0.000000000000000000e+00
0.000000000000000000e+00
0.000000000000000000e+00
0.000000000000000000e+00
0.000000000000000000e+00
0.000000000000000000e+00
0.000000000000000000e+00
0.000000000000000000e+00
0.000000000000000000e+00
0.000000000000000000e+00
0.000000000000000000e+00
0.000000000000000000e+00
0.000000000000000000e+00
0.000000000000000000e+00
0.000000000000000000e+00
0.000000000000000000e+00
0.000000000000000000e+00
0.000000000000000000e+00
0.000000000000000000e+00
0.000000000000000000e+00
0.000000000000000000e+00
0.000000000000000000e+00
0.000000000000000000e+00
0.000000000000000000e+00
0.000000000000000000e+00
0.000000000000000000e+00
0.000000000000000000e+00
0.000000000000000000e+00
0.000000000000000000e+00
0.000000000000000000e+00
0.000000000000000000e+00
0.000000000000000000e+00
0.000000000000000000e+00
0.000000000000000000e+00
0.000000000000000000e+00
0.000000000000000000e+00
0.000000000000000000e+00
0.000000000000000000e+00
0.000000000000000000e+00
0.000000000000000000e+00
0.000000000000000000e+00
0.000000000000000000e+00
0.000000000000000000e+00
0.000000000000000000e+00
0.000000000000000000e+00
0.000000000000000000e+00
0.000000000000000000e+00
0.000000000000000000e+00
0.000000000000000000e+00
0.000000000000000000e+00
0.000000000000000000e+00
0.000000000000000000e+00
0.000000000000000000e+00
0.000000000000000000e+00
0.000000000000000000e+00
0.000000000000000000e+00
0.000000000000000000e+00
0.000000000000000000e+00
0.000000000000000000e+00
0.000000000000000000e+00
0.000000000000000000e+00
0.000000000000000000e+00
0.000000000000000000e+00
0.000000000000000000e+00
0.000000000000000000e+00
0.000000000000000000e+00
0.000000000000000000e+00
0.000000000000000000e+00
0.000000000000000000e+00
0.000000000000000000e+00
0.000000000000000000e+00
0.000000000000000000e+00
0.000000000000000000e+00
0.000000000000000000e+00
0.000000000000000000e+00
0.000000000000000000e+00
0.000000000000000000e+00
0.000000000000000000e+00
0.000000000000000000e+00
0.000000000000000000e+00
0.000000000000000000e+00
0.000000000000000000e+00
0.000000000000000000e+00
0.000000000000000000e+00
0.000000000000000000e+00
0.000000000000000000e+00
0.000000000000000000e+00
0.000000000000000000e+00
0.000000000000000000e+00
0.000000000000000000e+00
0.000000000000000000e+00
0.000000000000000000e+00
0.000000000000000000e+00
0.000000000000000000e+00
0.000000000000000000e+00
0.000000000000000000e+00
0.000000000000000000e+00
0.000000000000000000e+00
0.000000000000000000e+00
0.000000000000000000e+00
0.000000000000000000e+00
0.000000000000000000e+00
0.000000000000000000e+00
0.000000000000000000e+00
0.000000000000000000e+00
0.000000000000000000e+00
0.000000000000000000e+00
0.000000000000000000e+00
0.000000000000000000e+00
0.000000000000000000e+00
0.000000000000000000e+00
0.000000000000000000e+00
0.000000000000000000e+00
0.000000000000000000e+00
0.000000000000000000e+00
0.000000000000000000e+00
0.000000000000000000e+00
0.000000000000000000e+00
0.000000000000000000e+00
0.000000000000000000e+00
0.000000000000000000e+00
0.000000000000000000e+00
0.000000000000000000e+00
0.000000000000000000e+00
0.000000000000000000e+00
0.000000000000000000e+00
0.000000000000000000e+00
0.000000000000000000e+00
0.000000000000000000e+00
0.000000000000000000e+00
0.000000000000000000e+00
0.000000000000000000e+00
0.000000000000000000e+00
0.000000000000000000e+00
0.000000000000000000e+00
0.000000000000000000e+00
0.000000000000000000e+00
0.000000000000000000e+00
0.000000000000000000e+00
0.000000000000000000e+00
0.000000000000000000e+00
0.000000000000000000e+00
0.000000000000000000e+00
0.000000000000000000e+00
0.000000000000000000e+00
0.000000000000000000e+00
0.000000000000000000e+00
0.000000000000000000e+00
0.000000000000000000e+00
0.000000000000000000e+00
0.000000000000000000e+00
0.000000000000000000e+00
0.000000000000000000e+00
0.000000000000000000e+00
0.000000000000000000e+00
0.000000000000000000e+00
0.000000000000000000e+00
0.000000000000000000e+00
0.000000000000000000e+00
0.000000000000000000e+00
0.000000000000000000e+00
0.000000000000000000e+00
0.000000000000000000e+00
0.000000000000000000e+00
0.000000000000000000e+00
0.000000000000000000e+00
0.000000000000000000e+00
0.000000000000000000e+00
0.000000000000000000e+00
0.000000000000000000e+00
0.000000000000000000e+00
0.000000000000000000e+00
0.000000000000000000e+00
0.000000000000000000e+00
0.000000000000000000e+00
0.000000000000000000e+00
0.000000000000000000e+00
0.000000000000000000e+00
0.000000000000000000e+00
0.000000000000000000e+00
0.000000000000000000e+00
0.000000000000000000e+00
0.000000000000000000e+00
0.000000000000000000e+00
0.000000000000000000e+00
0.000000000000000000e+00
0.000000000000000000e+00
0.000000000000000000e+00
0.000000000000000000e+00
0.000000000000000000e+00
0.000000000000000000e+00
0.000000000000000000e+00
0.000000000000000000e+00
0.000000000000000000e+00
0.000000000000000000e+00
0.000000000000000000e+00
0.000000000000000000e+00
0.000000000000000000e+00
0.000000000000000000e+00
0.000000000000000000e+00
0.000000000000000000e+00
0.000000000000000000e+00
0.000000000000000000e+00
0.000000000000000000e+00
0.000000000000000000e+00
0.000000000000000000e+00
0.000000000000000000e+00
0.000000000000000000e+00
0.000000000000000000e+00
0.000000000000000000e+00
0.000000000000000000e+00
0.000000000000000000e+00
0.000000000000000000e+00
0.000000000000000000e+00
0.000000000000000000e+00
0.000000000000000000e+00
0.000000000000000000e+00
0.000000000000000000e+00
0.000000000000000000e+00
0.000000000000000000e+00
0.000000000000000000e+00
0.000000000000000000e+00
0.000000000000000000e+00
0.000000000000000000e+00
0.000000000000000000e+00
0.000000000000000000e+00
0.000000000000000000e+00
0.000000000000000000e+00
0.000000000000000000e+00
0.000000000000000000e+00
0.000000000000000000e+00
0.000000000000000000e+00
0.000000000000000000e+00
0.000000000000000000e+00
0.000000000000000000e+00
0.000000000000000000e+00
0.000000000000000000e+00
0.000000000000000000e+00
0.000000000000000000e+00
0.000000000000000000e+00
0.000000000000000000e+00
0.000000000000000000e+00
0.000000000000000000e+00
0.000000000000000000e+00
0.000000000000000000e+00
0.000000000000000000e+00
0.000000000000000000e+00
0.000000000000000000e+00
0.000000000000000000e+00
0.000000000000000000e+00
0.000000000000000000e+00
0.000000000000000000e+00
0.000000000000000000e+00
0.000000000000000000e+00
0.000000000000000000e+00
0.000000000000000000e+00
0.000000000000000000e+00
0.000000000000000000e+00
0.000000000000000000e+00
0.000000000000000000e+00
0.000000000000000000e+00
0.000000000000000000e+00
0.000000000000000000e+00
0.000000000000000000e+00
0.000000000000000000e+00
0.000000000000000000e+00
0.000000000000000000e+00
0.000000000000000000e+00
0.000000000000000000e+00
0.000000000000000000e+00
0.000000000000000000e+00
