2.145723718729378726e-01
3.023830661867439595e-02
1.355211481437653895e-02
1.150950818227197345e-02
1.198428221676627221e-02
1.285940455126799616e-02
1.372223055233157303e-02
1.450965045322165185e-02
1.522177579026069878e-02
1.586390214660074460e-02
1.643829012152343838e-02
1.694483171768994267e-02
1.738241080447495285e-02
1.774983258889009305e-02
1.804636589066281604e-02
1.827202551464408506e-02
1.842768228986426185e-02
1.851505924767517242e-02
1.853665590409139807e-02
1.849563171880967347e-02
1.839567137042688941e-02
1.824084759922966342e-02
1.803549183284042581e-02
1.778407854815102981e-02
1.749112620986622083e-02
1.716111548235528875e-02
1.679842403638297926e-02
1.640727647271482056e-02
1.599170749346938425e-02
1.555553633510713650e-02
1.510235053227953865e-02
1.463549723599850277e-02
1.415808051225942062e-02
1.367296326537023078e-02
1.318277264353298964e-02
1.268990798128239242e-02
1.219655050874855762e-02
1.170467420970394863e-02
1.121605733958916558e-02
1.073229422304720730e-02
1.025480704034673583e-02
9.784857385991331882e-03
9.323557443210265042e-03
8.871880667070248389e-03
8.430671908480404445e-03
8.000656942925794823e-03
7.582451392615317462e-03
7.176569049897045527e-03
6.783429624127344966e-03
6.403365944394005978e-03
6.036630657209053966e-03
5.683402462058332293e-03
5.343791929028789307e-03
5.017846942099740519e-03
4.705557809516556188e-03
4.406862079363626020e-03
4.121649094380271626e-03
3.849764315539177563e-03
3.591013439205133738e-03
3.345166328042839532e-03
3.111960771425353271e-03
2.891106087047060156e-03
2.682286571859801138e-03
2.485164807385109500e-03
2.299384821933429541e-03
2.124575110280167017e-03
1.960351509885376476e-03
1.806319931759302983e-03
1.662078943521087858e-03
1.527222202015858206e-03
1.401340732988223554e-03
1.284025055699046991e-03
1.174867150960866649e-03
1.073462271803768365e-03
9.794105968198389949e-04
8.923187271291438058e-04
8.118010288271453306e-04
7.374808236821394150e-04
6.689914317265791477e-04
6.059770702081478371e-04
5.480936141192799911e-04
4.950092241969587716e-04
4.464048488690776405e-04
4.019746071161114909e-04
3.614260596139877695e-04
3.244803758270627591e-04
2.908724049305017436e-04
2.603506585629255057e-04
2.326772134475941080e-04
2.076275418795309343e-04
1.849902779631246879e-04
1.645669273069389144e-04
1.461715276469579259e-04
1.296302675836903033e-04
1.147810702900867776e-04
1.014731486830178653e-04
8.956653815897909314e-05
7.893161258082488586e-05
6.944858877394813747e-05
6.100702435287520603e-05
5.350531325887806952e-05
4.685018295078413413e-05
4.095619675929380009e-05
3.574526449416024079e-05
3.114616398663962556e-05
2.709407586017710656e-05
2.353013345239910164e-05
2.040098946350111443e-05
1.765840058128874388e-05
1.525883103262204262e-05
1.316307573543939155e-05
1.133590347525532217e-05
9.745720304748656520e-06
8.364253164645981677e-06
7.166253547671523962e-06
6.129220874240097235e-06
5.233145117592792621e-06
4.460268105913005078e-06
3.794862838692519268e-06
3.223030082239516309e-06
2.732511453731246963e-06
2.312518163002037343e-06
1.953574554515965929e-06
1.647375577785315289e-06
1.386657310823227867e-06
1.165079667106240494e-06
9.771204303562863325e-07
8.179797821152047126e-07
6.834945134755292734e-07
5.700611429727251430e-07
4.745671971958763594e-07
3.943299475876755659e-07
3.270419357219249901e-07
2.707226593321507772e-07
2.236758318310869098e-07
1.844516683196138566e-07
1.518136910937396038e-07
1.247095864757128045e-07
1.022456826105513001e-07
8.366465410846490217e-08
6.832609393731070382e-08
5.568962584153676945e-08
4.530026134090649755e-08
3.677573431670735851e-08
2.979557304317155256e-08
2.409169454609392346e-08
1.944032903477535755e-08
1.565510337121430999e-08
1.258113169554376720e-08
1.008997893052067455e-08
8.075378748922523115e-09
6.449601869188565594e-09
5.140383463136515537e-09
4.088329958195261385e-09
3.244735816156557496e-09
2.569749931500583015e-09
2.030839499894109544e-09
1.601506198431056560e-09
1.260215903997041723e-09
9.895086436904247050e-10
7.752601976018843217e-10
6.060710785670675904e-10
4.727621430715534823e-10
3.679592531313874978e-10
2.857521258684164716e-10
2.214148204857996371e-10
1.711772735110720873e-10
1.320390590296711980e-10
1.016179135202281408e-10
7.802688569977120347e-11
5.977491903111966570e-11
4.568661495831734485e-11
3.483763594926048747e-11
2.650284943896811592e-11
2.011476915244423211e-11
1.523037101424079275e-11
1.150464408176764813e-11
8.669567457259238431e-12
6.517445436594250612e-12
4.887732644565661806e-12
3.656634168041696029e-12
2.728939134081301897e-12
2.031601866313035862e-12
1.508722279464878162e-12
1.117635966762214475e-12
8.258584364899054229e-13
6.087211435199544368e-13
4.475421128305074123e-13
3.282040331517319094e-13
2.400736068703577093e-13
1.751571039932011794e-13
1.274636819485016204e-13
9.251548831260588483e-14
6.697423024146745761e-14
4.835766543997914170e-14
3.482182276955157536e-14
2.500897511148891704e-14
1.791344158920321573e-14
1.279658518722928938e-14
9.115915869525396018e-15
6.476602863792566189e-15
4.587809477206436055e-15
3.242406569860815740e-15
2.284576844669485735e-15
1.604952274099095368e-15
1.124119650451168362e-15
7.856852363417797489e-16
5.469613989162013194e-16
3.797843414250656763e-16
2.627229269596676254e-16
1.817151744052676844e-16
1.247397255498716057e-16
8.520524825999362595e-17
5.827401243355616940e-17
3.979730929036062819e-17
2.689266133403893251e-17
1.798072838963786413e-17
1.244736273132011870e-17
8.718511330172981273e-18
5.793699864481489021e-18
3.512379934647957328e-18
3.171204026781822433e-18
2.074097156065389884e-18
1.394899023423057423e-18
5.981239384371437247e-19
8.441052910892837994e-19
4.973145470760317880e-19
2.744342055146486589e-19
2.949535873292232846e-19
3.579744646452431064e-19
4.369901881874155690e-19
0.000000000000000000e+00
0.000000000000000000e+00
1.694631389879850705e-19
6.862724258760801376e-20
4.693607675680748594e-19
7.960923952066175695e-20
2.612414912748985360e-19
6.324455690125394283e-20
4.951343267796159888e-20
3.556107749802926007e-19
6.380131485856629378e-20
2.525482460717389939e-19
2.566888499127131304e-19
0.000000000000000000e+00
3.830681705695078988e-20
0.000000000000000000e+00
3.423408918929457486e-19
0.000000000000000000e+00
1.353488421893866126e-19
5.540893576005424925e-19
6.003111889291847025e-20
7.607487369646755966e-19
0.000000000000000000e+00
2.490064305346084049e-19
5.103310349070106293e-20
1.445831206274700449e-19
4.487585800546697238e-20
3.774844417707629080e-20
1.381140335514988479e-19
4.519962514965304622e-19
0.000000000000000000e+00
3.373016067957178820e-20
3.093644544206009513e-20
0.000000000000000000e+00
3.352399518060685026e-19
4.514418112074103500e-19
5.571914843561600730e-19
5.096363614450374335e-20
0.000000000000000000e+00
4.428458520745367219e-19
0.000000000000000000e+00
4.439178629276178728e-19
0.000000000000000000e+00
2.371144093453397003e-19
5.529365000057509776e-19
2.547982153895580723e-19
3.711086822598273855e-20
1.343103865851853456e-19
3.242537300275165063e-20
3.371552238126041524e-19
1.381563345532910688e-19
1.329120438151335890e-19
2.347815634945919117e-19
2.647773772813651835e-20
0.000000000000000000e+00
2.252196402731177998e-19
2.222015046784379470e-20
0.000000000000000000e+00
2.204510571149539489e-19
5.345367235779648660e-19
2.329043258571367554e-19
0.000000000000000000e+00
1.520853819012168561e-20
1.353797900238502229e-20
5.288790943747715605e-19
1.252032992134636279e-19
0.000000000000000000e+00
5.297382788840763412e-19
4.354031552245502145e-19
2.240258484348898442e-20
1.593029736214238306e-20
4.274407513580007691e-19
1.882562180006720866e-20
1.163431178415523216e-19
1.267185548807289263e-20
9.629662691951514986e-21
7.621833553761566587e-21
0.000000000000000000e+00
1.077489223778022043e-19
4.840185231298968229e-21
3.133872504825538983e-19
1.091846760256643186e-19
4.900526152981938390e-21
3.517677970961748910e-21
5.197144879525499258e-19
0.000000000000000000e+00
3.137114603428342624e-19
1.077322645798170234e-19
3.137209255966235784e-19
0.000000000000000000e+00
6.217099938723372234e-19
2.524493281117681886e-22
2.423248043689547727e-23
2.141037443564586642e-24
1.880257856477049085e-25
2.087157703709633184e-26
2.765548089828377231e-27
4.080249699872233170e-28
5.637594235944993242e-29
6.889353478380434360e-30
7.619080861656394839e-31
7.975129057805978853e-32
8.300371696803479381e-33
8.922773888868116322e-34
1.005372828763717336e-34
1.182445708357798802e-35
1.429740624417570042e-36
1.740680768237199357e-37
2.084186999382212426e-38
2.425856578558789357e-39
2.742670358344353514e-40
3.032725555684469875e-41
3.317022571695201492e-42
3.632994054587243532e-43
4.020265678444156795e-44
4.504211302420181592e-45
5.086403875208362332e-46
5.749054423113064999e-47
6.473410652759291863e-48
7.262963788647180056e-49
8.157340293412967557e-50
9.227004789372765486e-51
1.055027985702794966e-51
1.218451122634491515e-52
1.414563896125724034e-53
1.640479653294037212e-54
1.890235754564346034e-55
2.157485639249517177e-56
2.439020244592584252e-57
2.739023277070281111e-58
3.074915565908191278e-59
3.488815966825590617e-60
4.079065465004306667e-61
5.098221518327015120e-62
7.259381668044551484e-63
1.267605454964813938e-63
2.769798970666590098e-64
7.135985031685485868e-65
2.002876262896454171e-65
5.814012466224718574e-66
1.702076364400256385e-66
4.971728683838177475e-67
1.442686013444352444e-67
4.151546104611879972e-68
1.183870217221532611e-68
3.344337257869252409e-69
9.357284918187873196e-70
2.592810327598946135e-70
7.114254267122417004e-71
1.932794424059201334e-71
5.198768342687752835e-72
1.384314473753218209e-72
3.648793472870561767e-73
9.519286658463581628e-74
2.457876639333024358e-74
6.280233988338199635e-75
1.587854455734093907e-75
3.972128392563877610e-76
9.830411709661194668e-77
2.406653835361917534e-77
5.827821005431440214e-78
1.395745109970367287e-78
3.305746453299668067e-79
7.741982088362533641e-80
1.792706333507989791e-80
4.103884899742728550e-81
9.286762903577528695e-82
2.077161780187943427e-82
4.591622177610560335e-83
1.003007916352878090e-83
2.164895611554055621e-84
4.616526974566044002e-85
9.725019608859403928e-86
2.023543700859787267e-86
4.158449299681126880e-87
8.439099294198136625e-88
1.691045122432095962e-88
3.345466299727746696e-89
6.533529100041724232e-90
1.259434061290572314e-90
2.395993179603944751e-91
4.498044316288663761e-92
8.331721086643197759e-93
1.522519062008197669e-93
2.744424585013650314e-94
4.879139866018857891e-95
8.554227980692081651e-96
1.478786428675047789e-96
2.520333299833977380e-97
4.234269374408273553e-98
7.011426068301416856e-99
1.144142890626679790e-99
1.839662407477360405e-100
2.914185185760206425e-101
4.547301324779421592e-102
6.988493431269780922e-103
1.057648892906452559e-103
1.576019946175238402e-104
2.311944675332430067e-105
3.338267978917806861e-106
4.743781326593521735e-107
6.633132472208963337e-108
9.125007285127786302e-109
1.234802342888326964e-109
1.643386108802801522e-110
2.150735991213378064e-111
2.767364747101093195e-112
3.500282461883792879e-113
4.351327970761256830e-114
5.315526632932043869e-115
6.379685875360682846e-116
7.521467891808950554e-117
8.709175575256135980e-118
9.902444908557679230e-119
1.105395215572500589e-119
1.211212272464764214e-120
1.302468465059749370e-121
1.374276496741922040e-122
1.422510779354007048e-123
1.444192414987188772e-124
1.437788443910155547e-125
1.403384286600067674e-126
1.342703211941349541e-127
1.258966513444974920e-128
1.156609637363179792e-129
1.040889062586095665e-130
9.174288532002423870e-132
7.917620861359868170e-133
6.689199294225998137e-134
5.531108336863777844e-135
4.475163798876578998e-136
3.542119789873645061e-137
2.742031962653901814e-138
2.075547913911344527e-139
1.535813890516655575e-140
1.110665126717388542e-141
7.847982998907082270e-143
5.416933286554646829e-144
3.651388426889468826e-145
2.403027383561288620e-146
1.543621990400068803e-147
9.675836442274287181e-149
5.916753827503293991e-150
3.528631322570879209e-151
2.051802261259292601e-152
1.162915076507368181e-153
6.422717039977236763e-155
3.455580477538974694e-156
1.810614101789588329e-157
9.236399749304758537e-159
4.585838394176192480e-160
2.215333880688069460e-161
1.040943517777695202e-162
4.756019575972611423e-164
2.112259876655901468e-165
9.115800374106272135e-167
3.821555554516362684e-168
1.555733699525064865e-169
6.147936986331139888e-171
2.357596476161560165e-172
8.770002939969732318e-174
3.163456339358091935e-175
1.106100840235568275e-176
3.747438519471343219e-178
1.229743430809244934e-179
3.907194652908105773e-181
1.201471416262649613e-182
3.574241579440599978e-184
1.028246955522914229e-185
2.859379142538856217e-187
7.682828958363997203e-189
1.993684933598780624e-190
4.994420156513239151e-192
1.207286518654036406e-193
2.814699833206330534e-195
6.326246165729001514e-197
1.370074253256769848e-198
2.857680833982544931e-200
5.737704988440702932e-202
1.108399750274129312e-203
2.059029606296437507e-205
3.676260334189350564e-207
6.305101286398879163e-209
1.038196657925499481e-210
1.640300199328311463e-212
2.485262266465162192e-214
3.608857711736469246e-216
5.019421430580399117e-218
6.682757676306237671e-220
8.511410915214623359e-222
1.036359609032595065e-223
1.205577633486993084e-225
1.338941391236031175e-227
1.418758519389254087e-229
1.433268227726879658e-231
1.379439067606339164e-233
1.263891421303571609e-235
1.101582982325556530e-237
9.126083956368068782e-240
7.180626359880010224e-242
5.361577537079761799e-244
3.795837337739509745e-246
2.545832969184243443e-248
1.616113822478957438e-250
9.701425942023379492e-253
5.501887296814157451e-255
2.944962687931865920e-257
1.486303635356864462e-259
7.065619324117038064e-262
3.160460490760653816e-264
1.328730968957647580e-266
5.244758888488976774e-269
1.941406618057982076e-271
6.731248507642930049e-274
2.183397357878566715e-276
6.617309736574336543e-279
1.871449218504380178e-281
4.932204199943797574e-284
1.209679563094783408e-286
2.757060793353411826e-289
5.830813131139975908e-292
1.142503437757029330e-294
2.070847588419183685e-297
3.466525288305213324e-300
5.350141954277679483e-303
7.599842210799639107e-306
9.918116056046701328e-309
1.186938540236709634e-311
1.300054503842303803e-314
1.300643622777748447e-317
1.186251615664832953e-320
9.881312916824930884e-324
0.000000000000000000e+00
0.000000000000000000e+00
0.000000000000000000e+00
0.000000000000000000e+00
0.000000000000000000e+00
0.000000000000000000e+00
0.000000000000000000e+00
0.000000000000000000e+00
0.000000000000000000e+00
0.000000000000000000e+00
0.000000000000000000e+00
0.000000000000000000e+00
0.000000000000000000e+00
0.000000000000000000e+00
0.000000000000000000e+00
0.000000000000000000e+00
0.000000000000000000e+00
0.000000000000000000e+00
0.000000000000000000e+00
0.000000000000000000e+00
0.000000000000000000e+00
0.000000000000000000e+00
0.000000000000000000e+00
0.000000000000000000e+00
0.000000000000000000e+00
0.000000000000000000e+00
0.000000000000000000e+00
0.000000000000000000e+00
0.000000000000000000e+00
0.000000000000000000e+00
0.000000000000000000e+00
0.000000000000000000e+00
0.000000000000000000e+00
0.000000000000000000e+00
0.000000000000000000e+00
0.000000000000000000e+00
0.000000000000000000e+00
0.000000000000000000e+00
0.000000000000000000e+00
0.000000000000000000e+00
0.000000000000000000e+00
0.000000000000000000e+00
0.000000000000000000e+00
0.000000000000000000e+00
0.000000000000000000e+00
0.000000000000000000e+00
0.000000000000000000e+00
0.000000000000000000e+00
0.000000000000000000e+00
0.000000000000000000e+00
0.000000000000000000e+00
0.000000000000000000e+00
0.000000000000000000e+00
0.000000000000000000e+00
0.000000000000000000e+00
0.000000000000000000e+00
0.000000000000000000e+00
0.000000000000000000e+00
0.000000000000000000e+00
0.000000000000000000e+00
0.000000000000000000e+00
0.000000000000000000e+00
0.000000000000000000e+00
0.000000000000000000e+00
0.000000000000000000e+00
0.000000000000000000e+00
0.000000000000000000e+00
0.000000000000000000e+00
0.000000000000000000e+00
0.000000000000000000e+00
0.000000000000000000e+00
0.000000000000000000e+00
0.000000000000000000e+00
0.000000000000000000e+00
0.000000000000000000e+00
0.000000000000000000e+00
0.000000000000000000e+00
0.000000000000000000e+00
0.000000000000000000e+00
0.000000000000000000e+00
0.000000000000000000e+00
