2.140225518542492877e-01
2.794187417573741963e-02
9.579131851931653105e-03
6.298674193108698936e-03
5.906525333329118790e-03
6.143502972203166400e-03
6.492271693377019842e-03
6.836314381264000858e-03
7.155679072044058078e-03
7.451248852748600625e-03
7.726746784351807076e-03
7.985197067603014634e-03
8.228627103616676514e-03
8.458313266207750578e-03
8.675022162195166267e-03
8.879179909517113597e-03
9.070985812434092382e-03
9.250490475299601861e-03
9.417651461016477571e-03
9.572374174961364654e-03
9.714542456015880928e-03
9.844041583989365102e-03
9.960775434544592855e-03
1.006467896467245181e-02
1.015572689729664010e-02
1.023393928652098148e-02
1.029938452703624621e-02
1.035218028997701191e-02
1.039249280535177282e-02
1.042053485869931691e-02
1.043656282225841753e-02
1.044087299674480510e-02
1.043379749827233992e-02
1.041569988615458076e-02
1.038697069161130179e-02
1.034802297511489173e-02
1.029928801146070411e-02
1.024121117670788624e-02
1.017424808983995871e-02
1.009886104416181721e-02
1.001551574880781871e-02
9.924678388973562707e-03
9.826813004252856962e-03
9.722379177420045412e-03
9.611830020806901367e-03
9.495610443776938622e-03
9.374155682412685722e-03
9.247890071155151145e-03
9.117226035556012104e-03
8.982563285333797221e-03
8.844288187415037111e-03
8.702773299463058970e-03
8.558377045443718925e-03
8.411443515973371018e-03
8.262302377468933728e-03
8.111268875425728039e-03
7.958643918449590307e-03
7.804714230935103428e-03
7.649752563495232360e-03
7.494017951392836427e-03
7.337756012297632496e-03
7.181199275684274977e-03
7.024567537102425693e-03
6.868068231383518858e-03
6.711896819608738698e-03
6.556237185349237176e-03
6.401262036307434067e-03
6.247133308043960331e-03
6.094002566970129972e-03
5.942011410228208688e-03
5.791291860475192461e-03
5.641966753933103443e-03
5.494150120377032723e-03
5.347947554002830187e-03
5.203456574353716897e-03
5.060766976693686393e-03
4.919961171395947387e-03
4.781114512071897409e-03
4.644295612301257113e-03
4.509566650939499793e-03
4.376983666076980119e-03
4.246596837806410236e-03
4.118450760023391506e-03
3.992584701540615073e-03
3.869032856839941994e-03
3.747824586821133647e-03
3.628984649930729056e-03
3.512533424071592487e-03
3.398487119703845309e-03
3.286857984551565942e-03
3.177654500328239585e-03
3.070881571887778150e-03
2.966540709198170391e-03
2.864630202521213729e-03
2.765145291166516781e-03
2.668078326169406097e-03
2.573418927223358917e-03
2.481154134176636553e-03
2.391268553381573850e-03
2.303744499163055438e-03
2.218562130651411009e-03
2.135699584202865788e-03
2.055133101610329312e-03
1.976837154286597339e-03
1.900784563583063011e-03
1.826946617388475712e-03
1.755293183135266284e-03
1.685792817325067628e-03
1.618412871670370061e-03
1.553119595936003827e-03
1.489878237552169811e-03
1.428653138060172884e-03
1.369407826442588629e-03
1.312105109381713798e-03
1.256707158483112404e-03
1.203175594495700402e-03
1.151471568554943842e-03
1.101555840472551086e-03
1.053388854093115830e-03
1.006930809736814991e-03
9.621417337461252899e-04
9.189815451543669909e-04
8.774101194944860464e-04
8.373873497672685174e-04
7.988732045898164083e-04
7.618277835469444183e-04
7.262113697704668941e-04
6.919844797736947111e-04
6.591079105714395692e-04
6.275427841184201810e-04
5.972505891022004141e-04
5.681932201297252519e-04
5.403330143495784291e-04
5.136327855551724294e-04
4.880558558170633096e-04
4.635660846954240137e-04
4.401278960865688344e-04
4.177063027599956782e-04
3.962669286448914437e-04
3.757760289274425015e-04
3.562005080222523969e-04
3.375079354832249208e-04
3.196665599208787308e-04
3.026453209946503888e-04
2.864138595498881990e-04
2.709425259704345600e-04
2.562023868184488788e-04
2.421652298337828070e-04
2.288035673656079708e-04
2.160906383092619728e-04
2.040004086211987520e-04
1.925075704848236522e-04
1.815875401995520908e-04
1.712164548649217110e-04
1.613711679308646864e-04
1.520292436842700867e-04
1.431689507411318949e-04
1.347692546121361673e-04
1.268098094084774152e-04
1.192709487531260718e-04
1.121336759612603598e-04
1.053796535519643324e-04
9.899119215155541068e-05
9.295123884707789691e-05
8.724336504666672779e-05
8.185175390149856099e-05
7.676118734211579829e-05
7.195703277983733217e-05
6.742522952192551240e-05
6.315227494712448333e-05
5.912521048602123881e-05
5.533160744863350409e-05
5.175955273950254857e-05
4.839763449843615013e-05
4.523492770298271942e-05
4.226097976667992902e-05
3.946579616497210080e-05
3.683982611879613742e-05
3.437394836374718372e-05
3.205945703087247658e-05
2.988804766316270885e-05
2.785180339002815675e-05
2.594318128019105921e-05
2.415499889169026861e-05
2.248042103599132428e-05
2.091294677157242197e-05
1.944639664075334978e-05
1.807490016201011008e-05
1.679288358859306785e-05
1.559505794284949537e-05
1.447640733428644678e-05
1.343217756821602036e-05
1.245786505055500970e-05
1.154920599323035266e-05
1.070216592356454740e-05
9.912929500018221649e-06
9.177890635666256479e-06
8.493642929920953153e-06
7.856970408223111577e-06
7.264838568515713074e-06
6.714385732774077949e-06
6.202914701043934125e-06
5.727884704922956143e-06
5.286903656845229476e-06
4.877720690990005538e-06
4.498218991215938709e-06
4.146408900987296849e-06
3.820421309899947086e-06
3.518501311085308981e-06
3.239002123494870957e-06
2.980379272801076820e-06
2.741185024473862417e-06
2.520063062389426221e-06
2.315743406194637825e-06
2.127037560554452531e-06
1.952833889300575329e-06
1.792093207471997663e-06
1.643844584189078916e-06
1.507181349304755834e-06
1.381257296787938747e-06
1.265283077844458499e-06
1.158522776797648847e-06
1.060290662863468820e-06
9.699481110187964585e-07
8.869006852519905854e-07
8.105953776172004877e-07
7.405179966194712985e-07
6.761906985894818985e-07
6.171696558686159086e-07
5.630428557348157706e-07
5.134280241860850299e-07
4.679706688454941155e-07
4.263422353999581572e-07
3.882383721890428892e-07
3.533772976737342882e-07
3.214982657463994176e-07
2.923601239579870387e-07
2.657399599649091817e-07
2.414318315964949315e-07
2.192455762201146408e-07
1.990056951301254704e-07
1.805503089477951042e-07
1.637301801442478205e-07
1.484077989472875515e-07
1.344565291069471571e-07
1.217598100807768722e-07
1.102104124061829547e-07
9.970974315637544247e-08
9.016719852056733118e-08
8.149956070269052651e-08
7.363043643352151917e-08
6.648973459427328295e-08
6.001318050257614723e-08
5.414186457126601120e-08
4.882182319553025536e-08
4.400364977502703254e-08
3.964213395768689420e-08
3.569592724447359801e-08
3.212723323401602456e-08
2.890152085893554242e-08
2.598725908273658634e-08
2.335567158294023237e-08
2.098051007705634121e-08
1.883784498168251206e-08
1.690587221255479011e-08
1.516473498513333303e-08
1.359635953692195795e-08
1.218430380856207804e-08
1.091361810945635690e-08
9.770716920624624630e-09
8.743261009293071192e-09
7.820049079369441185e-09
6.990918275426884294e-09
6.246652834859162623e-09
5.578900302427725809e-09
4.980094707355573072e-09
4.443386180259783350e-09
3.962576497155743084e-09
3.532060092753349757e-09
3.146770113940811435e-09
2.802129104146398995e-09
2.494003954815518261e-09
2.218664777448282291e-09
1.972747374909605524e-09
1.753219021048755052e-09
1.557347272525458761e-09
1.382671564409355184e-09
1.226977347886153406e-09
1.088272574928529527e-09
9.647663051008558054e-10
8.548492751133303371e-10
7.570762464441575273e-10
6.701499964190810584e-10
5.929067836330470438e-10
5.243031794999687400e-10
4.634041394348232203e-10
4.093721942107358583e-10
3.614576829989418276e-10
3.189899025557656027e-10
2.813691220737719257e-10
2.480593657823884554e-10
2.185818931616440005e-10
1.925093217200211785e-10
1.694603274714189070e-10
1.490948614096886057e-10
1.311098539695726586e-10
1.152353379483558877e-10
1.012309651611569139e-10
8.888287379657063103e-11
7.800087512897420455e-11
6.841592385955538905e-11
5.997785319727108993e-11
5.255333606205337907e-11
4.602406526884174525e-11
4.028511718479340515e-11
3.524349167530103504e-11
3.081679731297275046e-11
2.693208820558167379e-11
2.352481044360061378e-11
2.053787460598159690e-11
1.792081513756305353e-11
1.562904998592176032e-11
1.362321516289620156e-11
1.186857271562798807e-11
1.033448662205089189e-11
8.993949819749820797e-12
7.823171612199546229e-12
6.801202097402851735e-12
5.909606640608104471e-12
5.132173023233973493e-12
4.454647436847351611e-12
3.864510525884320253e-12
3.350767852840818770e-12
2.903770370668450214e-12
2.515060262385873449e-12
2.177218280056751883e-12
1.883749318541198829e-12
1.628961663247520159e-12
1.407878900096169870e-12
1.216146519550082605e-12
1.049958533124502604e-12
9.059912177557488527e-13
7.813415535134229612e-13
6.734762154946655478e-13
5.801873858276552515e-13
4.995489567193292036e-13
4.298848808991229215e-13
3.697328412446379017e-13
3.178250128189678603e-13
2.730554622691798602e-13
2.344629764461052716e-13
2.012153495322875414e-13
1.725863707620711227e-13
1.479503415462215520e-13
1.267608703391929625e-13
1.085460516196159222e-13
9.289731540653099624e-14
7.946070927394071038e-14
6.792958588616918200e-14
5.803970429078299101e-14
4.956193442368004983e-14
4.229933752231813365e-14
3.608026646134805788e-14
3.075867797565901309e-14
2.620687344166379045e-14
2.231704584555564284e-14
1.899297324205420412e-14
1.615484330348463037e-14
1.373388460736582283e-14
1.166879515715292831e-14
9.908495316326987929e-15
8.408864475602101946e-15
7.132393251604211884e-15
6.045874492020177077e-15
5.122226671681329439e-15
4.337003363555883867e-15
3.670177482093432204e-15
3.103940413936953950e-15
2.623629615256324245e-15
2.216668206272081315e-15
1.871744477932521689e-15
1.579221177476147446e-15
1.331429705246017393e-15
1.121934318336638741e-15
9.449470144658960509e-16
7.954956168645385302e-16
6.697030033098074969e-16
5.627421252151917504e-16
4.728793909463224879e-16
3.969733445189388237e-16
3.331624088595633472e-16
2.793410912839575234e-16
2.339026736704718025e-16
1.961878668285026435e-16
1.641211823455182333e-16
1.372575748226082355e-16
1.148028382577907741e-16
9.579400931294010793e-17
7.990066657844348775e-17
6.637377507697584406e-17
5.523009473678245294e-17
4.598078859105382450e-17
3.849613368681148009e-17
3.208421075814215814e-17
2.672064365499938631e-17
2.230749053816866064e-17
1.851098445514164515e-17
1.542060785948399888e-17
1.286182045355825668e-17
1.057169079786108325e-17
8.819005700160538875e-18
7.487692142576418031e-18
6.174129539056751085e-18
4.994244652246975971e-18
4.212960190221574672e-18
3.574524198924440175e-18
3.029118978568357403e-18
2.414912016927577282e-18
1.919859453793761520e-18
1.705855029313248792e-18
1.442510948471517899e-18
1.148878693881636290e-18
1.079259643547468010e-18
9.111358364309071986e-19
8.471551014787418663e-19
6.205062294409436142e-19
5.456190805817552971e-19
4.082144223751802672e-19
1.712889429530368429e-19
3.115668178960883014e-19
3.483661070561552783e-19
2.621400960837910713e-19
3.917567152272306452e-19
3.636663064926167520e-19
1.147113820883964149e-19
2.953582043930082478e-19
2.473589100575755006e-19
2.325072520140562036e-19
1.250921076430450618e-19
2.661813950746846600e-19
2.209543009548382962e-19
2.443697607494642692e-19
1.136070522623998070e-19
8.923357802681789907e-20
2.150142908557647209e-19
1.690168210199378703e-19
2.599774443299963821e-19
1.432228141901095694e-19
1.904678197624994928e-19
0.000000000000000000e+00
1.728443750106871399e-19
9.375921686186509069e-20
3.440536103764760176e-19
1.878835492817252046e-19
6.392066013563528900e-20
0.000000000000000000e+00
1.693550311402489442e-19
0.000000000000000000e+00
1.034997666985202838e-19
1.458000481599690984e-19
2.172075964802518185e-19
3.053573521068576707e-20
7.024503162550304223e-20
7.110314418641687840e-20
1.361896743695717685e-19
2.783808781146005145e-19
2.025998635358573465e-19
0.000000000000000000e+00
2.325668334566657941e-19
1.954010305214266613e-19
9.126542768077882167e-20
1.069742313343070418e-19
2.090159758792854215e-19
2.903335721316573044e-19
2.051115864668864637e-19
2.800377183540409784e-20
3.384709851831821758e-21
1.316137702620132182e-19
1.454092425812502523e-19
0.000000000000000000e+00
1.639857913379024954e-19
8.311703344525987744e-20
6.966162608268138677e-20
6.643066122078544965e-20
1.309750815694123893e-19
0.000000000000000000e+00
1.255608182804573152e-19
7.115753249990115899e-20
0.000000000000000000e+00
1.215210465946614867e-19
1.665210936120424807e-19
2.398486708632201830e-19
2.179716271108136825e-19
8.294388973071178236e-20
3.604822669553554105e-19
1.044513150549790225e-19
6.796175618040991593e-20
9.451048051873739214e-20
0.000000000000000000e+00
0.000000000000000000e+00
5.319261029973934295e-20
8.837982467037464462e-20
0.000000000000000000e+00
1.169119577605767509e-19
3.265227719998568984e-19
1.921537987027705908e-19
2.080832174766507440e-19
1.155421370078008045e-20
5.393107591510945455e-20
5.416444745978728009e-20
1.856207290523594964e-19
7.177830211578907299e-20
5.589467603630252278e-20
1.187510745232370860e-19
0.000000000000000000e+00
0.000000000000000000e+00
3.437554070063356171e-19
2.442345732702311064e-20
0.000000000000000000e+00
4.616222459911243833e-20
1.136022850638455800e-19
5.612163514287459900e-20
1.802368121419424433e-19
9.765052550433098013e-20
0.000000000000000000e+00
1.050589201975896437e-20
0.000000000000000000e+00
0.000000000000000000e+00
0.000000000000000000e+00
1.036635483000974528e-19
4.768127077363772024e-20
3.974149116326260400e-20
0.000000000000000000e+00
1.334359480998382842e-19
4.891127522241299448e-20
3.718580254450648802e-20
6.767274210714966363e-20
1.380601554571412834e-19
1.138187305190488587e-19
0.000000000000000000e+00
3.956760526075944780e-19
1.471350822299309235e-19
1.176664616349003201e-19
2.128093006233255522e-19
1.928146639720077741e-19
5.917846373990479525e-20
4.247788564781421814e-20
1.058124537580628954e-19
4.407581555232345280e-20
3.945876363831011105e-20
1.375667543820726157e-19
1.172582272143306854e-19
2.141402191296776765e-19
6.166702599296347536e-20
1.754349135341105359e-19
1.231623614145072378e-19
5.133141225711023017e-20
4.220995613888541328e-20
4.033706734557555235e-20
3.948613080528519953e-20
2.373003521049057314e-19
1.956329213899032444e-19
5.616005658645437133e-20
3.073071475325628227e-19
7.338238477516805640e-20
7.983588638620321681e-20
2.790754278832267800e-19
1.376185997500394691e-19
2.215433106173833805e-19
1.659483694724673285e-19
0.000000000000000000e+00
1.109950819671514896e-19
1.528189441340122490e-19
0.000000000000000000e+00
1.768717499807082922e-19
2.928295240834978912e-19
1.019431354674214899e-20
0.000000000000000000e+00
7.724138415974605736e-20
5.028849501889036729e-20
2.445452580204131868e-19
3.331567019440901141e-19
1.456932359939646520e-20
0.000000000000000000e+00
1.106490930067533723e-19
8.662046657223314114e-20
2.170437202801201571e-19
9.902531633054890135e-20
5.392605363655869777e-20
8.032530479812146995e-20
5.014427079531485034e-20
1.447613696041133103e-19
5.593922371872766296e-20
0.000000000000000000e+00
1.070722312258151155e-19
1.814582849758304826e-19
0.000000000000000000e+00
0.000000000000000000e+00
1.041201347566320355e-19
0.000000000000000000e+00
1.692880590435014028e-19
5.177791423284541735e-20
0.000000000000000000e+00
0.000000000000000000e+00
0.000000000000000000e+00
0.000000000000000000e+00
0.000000000000000000e+00
9.562009952787268080e-20
3.688016824664148798e-20
3.029648921331728401e-20
1.608669657670333652e-19
4.178728161971160664e-20
0.000000000000000000e+00
1.251465514655582057e-19
3.688363301122620352e-20
2.749713872508450392e-20
1.248062467198942646e-19
1.679121604149811666e-19
4.032375486613221139e-20
0.000000000000000000e+00
2.395709308773327586e-20
1.894672077926436670e-19
1.402669361078687659e-19
0.000000000000000000e+00
9.109925312828151668e-20
3.125604445884252278e-20
3.562028786157928509e-19
5.825599549019475508e-20
2.627653898003561163e-19
0.000000000000000000e+00
0.000000000000000000e+00
2.252252238686925781e-19
0.000000000000000000e+00
2.905461986930989343e-20
1.277710383930093647e-19
1.044648201851306453e-19
1.025408365192539161e-19
1.686369904529047400e-19
3.739071567531331761e-19
2.629176566415753213e-19
5.669246708167203077e-20
0.000000000000000000e+00
0.000000000000000000e+00
2.966237995719323617e-19
1.580505555575534461e-19
1.146017866738143794e-19
3.087691178987398037e-19
2.970001674009878601e-20
2.039527577852199924e-19
8.695195399980172034e-20
2.430894652881475402e-19
0.000000000000000000e+00
1.052261366526513934e-19
7.825479942246936937e-20
4.332906886855136247e-20
0.000000000000000000e+00
3.590591035357158952e-20
3.011150725307770124e-19
1.925944277920616445e-19
0.000000000000000000e+00
0.000000000000000000e+00
1.673314367346691244e-19
0.000000000000000000e+00
0.000000000000000000e+00
1.985550813271664603e-19
1.477995919340248640e-19
0.000000000000000000e+00
9.978185743450180364e-20
1.713979116572197703e-19
1.115148480683744745e-19
0.000000000000000000e+00
0.000000000000000000e+00
3.042738708104058921e-20
2.953169442479890253e-19
5.302445401373396171e-20
1.333078754260295252e-19
3.995031388484234603e-20
3.178481774650206042e-20
6.314616395941584844e-20
3.248289514850628466e-20
6.200807159848760811e-20
6.416450705123115312e-20
1.301157221542967761e-19
1.019089103042448024e-19
1.904303488684483142e-22
0.000000000000000000e+00
2.435778790748887413e-20
2.426319003435062697e-20
8.963797298394410975e-20
2.266271280193857804e-19
7.247843370495330483e-20
2.853443960152615461e-20
1.560265429491020868e-19
1.987196709246282042e-19
0.000000000000000000e+00
2.397712980650939888e-20
5.618385916148546747e-20
1.248267742835095220e-19
6.378059191281596881e-20
9.265726962158822598e-20
9.403871114354997538e-20
0.000000000000000000e+00
0.000000000000000000e+00
8.660700666396336752e-20
1.579618846591348909e-19
2.899385889043836151e-20
5.470857688708593413e-20
2.324885708723307400e-20
3.179364842097967031e-19
4.217802632432276876e-20
0.000000000000000000e+00
1.525570469080493541e-19
1.955705149622982583e-19
3.446398122612023537e-20
2.321091285771163590e-20
2.861808754133823373e-19
0.000000000000000000e+00
0.000000000000000000e+00
3.186592453176903337e-19
7.604082416623924786e-20
2.824661363096407596e-20
1.890236468270550646e-19
2.002287157041822060e-19
1.692552535821799336e-19
3.547621819832041773e-20
2.633813941943428020e-20
1.572187528944429803e-19
2.301075587423019545e-19
2.379686025084878374e-19
2.729619686487918441e-19
2.766153950939986768e-19
0.000000000000000000e+00
3.021101728971381542e-20
1.948942200322383679e-19
0.000000000000000000e+00
3.271300167427130914e-19
1.627741876827798503e-20
1.632588780149576998e-19
0.000000000000000000e+00
2.281267393121680057e-19
2.742169492576176293e-19
1.794213175616330770e-19
0.000000000000000000e+00
1.636484579997509665e-19
1.057172919936526882e-19
1.686424513797498157e-19
3.047903080420200278e-19
1.486761343330798914e-19
1.733967242639529262e-19
4.207353004509902941e-20
3.380218307277835054e-20
3.213912352388037976e-20
3.111421166636418411e-20
1.293807044854307807e-19
0.000000000000000000e+00
1.606784018419492015e-19
3.403657212394254026e-20
2.264377582739384430e-19
0.000000000000000000e+00
0.000000000000000000e+00
1.240451867864981733e-19
3.065775286753698198e-20
9.092418134658363619e-20
0.000000000000000000e+00
5.534970645892779052e-20
2.392718374758034319e-20
2.107757541984491870e-20
5.299275724884835553e-20
2.130117628571359470e-20
2.501288767564757304e-19
0.000000000000000000e+00
1.873936923154523212e-20
0.000000000000000000e+00
2.808714778986396647e-19
0.000000000000000000e+00
8.381376440707801219e-20
1.510301204540312117e-19
2.205965578880196638e-19
0.000000000000000000e+00
1.828362679754844368e-19
1.582878838994157894e-19
2.240147798356406506e-19
0.000000000000000000e+00
1.182476142224220087e-19
2.389773117941207631e-20
5.202732614769080144e-20
0.000000000000000000e+00
1.723474476593959132e-20
3.808719714981238264e-19
3.595558501382859199e-20
8.632763575634810522e-20
2.160120289096594672e-20
0.000000000000000000e+00
4.982810965463976540e-20
0.000000000000000000e+00
2.474331916913203565e-19
2.746874455875070129e-20
8.365692544918815627e-20
2.178966637448561968e-19
2.578436310668443010e-19
2.939520351714981610e-20
5.200768222408840307e-20
8.560120603341477370e-20
1.920002583870581733e-20
0.000000000000000000e+00
1.572789227949688172e-20
1.537496520821741327e-20
1.801699580199675678e-19
5.529962881925418037e-20
1.495379472977738688e-19
8.703255425468193115e-20
1.175642384767408597e-19
1.970684907352945524e-20
2.466894618176807853e-19
1.905816667406320529e-19
2.398102415815883677e-20
1.489651341963087361e-19
2.518677030471025206e-19
0.000000000000000000e+00
5.006871352541910315e-20
8.412540924200849003e-20
1.895445200131366610e-20
3.137569922939248752e-19
0.000000000000000000e+00
0.000000000000000000e+00
1.550577896435691905e-20
1.512364194441657195e-20
0.000000000000000000e+00
1.789546274416789366e-19
1.526750081839495313e-19
0.000000000000000000e+00
8.005849910255349181e-20
0.000000000000000000e+00
1.281629406215735575e-20
0.000000000000000000e+00
4.446245920927918315e-20
0.000000000000000000e+00
1.097125882460110540e-19
1.411595180132246415e-20
0.000000000000000000e+00
1.085271298256147044e-19
1.296767482777258704e-20
9.296599719196965391e-21
4.160453198974409387e-20
0.000000000000000000e+00
1.069740242733874397e-19
1.128029656736960477e-20
1.401504303181153799e-19
0.000000000000000000e+00
0.000000000000000000e+00
2.386312650325988750e-19
1.551559060700081829e-20
1.077925606135572643e-19
1.438329828289496842e-19
1.123868170677529037e-19
0.000000000000000000e+00
2.074425945890286179e-19
1.458429663712875237e-20
0.000000000000000000e+00
7.494918472819073845e-20
1.086814643201946357e-20
0.000000000000000000e+00
8.007947346799546618e-21
7.692021119908240067e-21
1.727254037203121538e-19
1.449535234297502488e-19
1.447362014107338825e-19
0.000000000000000000e+00
2.070253111340269923e-19
0.000000000000000000e+00
0.000000000000000000e+00
8.313067080073016139e-21
1.734957664277031203e-19
1.307278077933924711e-20
0.000000000000000000e+00
0.000000000000000000e+00
0.000000000000000000e+00
1.391951762830906497e-19
0.000000000000000000e+00
6.955727755998881800e-21
6.422423996553221453e-21
6.009558839188404152e-21
1.710700899014747963e-19
1.021925248708875449e-20
7.232544421254833022e-20
2.390942891618585819e-19
1.779102614206500608e-19
4.494915211878724916e-20
7.491160790649465210e-20
9.212547126929171794e-21
1.067323417859900211e-19
1.422691292681699487e-19
1.111309013044936746e-20
1.402685029098382069e-19
4.401924427171194243e-20
8.951209613077811751e-21
3.054113358790181926e-19
4.121431843261246154e-19
2.178162490732714674e-19
0.000000000000000000e+00
1.106075601018699959e-20
7.672109200292878657e-20
2.103199631085650694e-19
4.812147445072866290e-20
1.772213494647714200e-19
1.136144666091455242e-19
7.940841303068317348e-20
2.762808516688484989e-19
0.000000000000000000e+00
1.102678083581089721e-19
0.000000000000000000e+00
4.315886013419176416e-20
1.031469999045730319e-20
0.000000000000000000e+00
1.405466963949984240e-19
0.000000000000000000e+00
2.062038490907341790e-19
2.091614183020497419e-19
2.102480839385441665e-19
2.437988471902246620e-19
3.442388150778792242e-19
0.000000000000000000e+00
1.023007930523429908e-20
3.073472435095668220e-19
0.000000000000000000e+00
1.754452629027265983e-19
1.250270983519731436e-20
9.552919854282936295e-21
4.185199606915051166e-20
2.404903112127559497e-19
1.112731767713970103e-19
0.000000000000000000e+00
1.071738256173699645e-19
0.000000000000000000e+00
2.056680890206387057e-19
1.092498095116282609e-19
2.734797890887810835e-19
1.133205009720005484e-20
0.000000000000000000e+00
0.000000000000000000e+00
1.385855880753350791e-19
7.841838812987720924e-21
1.381956901488379571e-19
7.346641207285251545e-20
3.946807066126773599e-20
0.000000000000000000e+00
3.783032716692471989e-20
7.104552310494489188e-20
2.362202537848246006e-19
7.078129064812578031e-21
2.029774570267915281e-19
2.714033045101980886e-19
1.404459843544741153e-19
1.062777308338666175e-19
3.706885936360981074e-19
0.000000000000000000e+00
2.049621287992686821e-19
2.395623267457758285e-19
1.412892934256462503e-19
1.404449379529945959e-19
4.105897792136255188e-20
1.391583706853252320e-19
1.066263185062547995e-19
0.000000000000000000e+00
3.363763300844475513e-19
1.738248121275301201e-19
0.000000000000000000e+00
2.040303957451078209e-19
4.370459604070085211e-19
9.247467716450293243e-21
2.045810651809762663e-19
1.395333740087757029e-19
1.390003513660908969e-19
1.387657642207221110e-19
6.167125471024608782e-21
2.695492713858373547e-19
7.249959662245613465e-20
4.960103486892496604e-21
2.356442145275208499e-19
0.000000000000000000e+00
0.000000000000000000e+00
3.008321684263543305e-19
4.547396411116683091e-21
3.007858913128725035e-19
0.000000000000000000e+00
3.007271041233342144e-19
4.201730129051465191e-21
2.013913167381316422e-19
3.653974482477397890e-20
4.990243851004654887e-19
3.766280379273761796e-20
0.000000000000000000e+00
0.000000000000000000e+00
0.000000000000000000e+00
1.510436619997827628e-21
1.116595579187763162e-21
7.964338501502451461e-22
2.652816980493487067e-19
0.000000000000000000e+00
3.378881031873117181e-20
0.000000000000000000e+00
0.000000000000000000e+00
2.460424732506761245e-22
9.941628212037641755e-20
6.641613909395981252e-20
1.797768690626988013e-22
5.015855273322405286e-23
5.775539113382577936e-24
7.851005533649884027e-25
1.174146283633223823e-25
1.508237200170898219e-26
2.160173453464849636e-27
3.097241985340801333e-28
3.821035594943898053e-29
4.194607416777863983e-30
4.482535565048582139e-31
4.936857813480059306e-32
5.642008225641891644e-33
6.593513857602254279e-34
7.705169655060987626e-35
8.842223554836490837e-36
9.902047903488943169e-37
1.088590863268984039e-37
1.184596605209826449e-38
1.279995083898514327e-39
1.370646680820119710e-40
1.446706903662926577e-41
1.501735819199224377e-42
1.542485944442449220e-43
1.591196666438699821e-44
1.678393699720181840e-45
1.831222791260770197e-46
2.064596436385971522e-47
2.379321707710697632e-48
2.766280903510938353e-49
3.212521337060724210e-50
3.705449061826959137e-51
4.234130173428037498e-52
4.789437611644274367e-53
5.365415292801511626e-54
5.962501906540904613e-55
6.590617078369502469e-56
7.268689819034020110e-57
8.018410051115273137e-58
8.853430163814494528e-59
9.768751687705440736e-60
1.073608740237358170e-60
1.170863926169951970e-61
1.263433413434517009e-62
1.347274586950044809e-63
1.420971908146420587e-64
1.486527989752365157e-65
1.549338240323313203e-66
1.617467848285928864e-67
1.700486079383964139e-68
1.808127172000890893e-69
1.949000715440405646e-70
2.129525227408089993e-71
2.353229466718704651e-72
2.620544426696314779e-73
2.929167982594603948e-74
3.275009248895063193e-75
3.653625504353748024e-76
4.061987422262130116e-77
4.500376969186080612e-78
4.974230494840919418e-79
5.495748194240741764e-80
6.085063091048657066e-81
6.770702885142233060e-82
7.589043957997157754e-83
8.582526195372041695e-84
9.796612809803832920e-85
1.127580941198067293e-85
1.305939877229665304e-86
1.517777347901534128e-87
1.765026164177343860e-88
2.048511587571848713e-89
2.368192262942090901e-90
2.723618552596452783e-91
3.114535439357683568e-92
3.541521124406299258e-93
4.006536393452485317e-94
4.513269034618821989e-95
5.067194023878033023e-96
5.675331116375880345e-97
6.345758276628916956e-98
7.087017804987220930e-99
7.907614637557137102e-100
8.815836626515180646e-101
9.820113456882237971e-102
1.093007116644416903e-102
1.215833846802214017e-103
1.352303147830373696e-104
1.505070155840236417e-105
1.677939563862164074e-106
1.876136998023651102e-107
2.106493802484679291e-108
2.377494098786709398e-109
2.699142119399704808e-110
3.082625675894210024e-111
3.539776940850431161e-112
4.082361357621090688e-113
4.721254776861541398e-114
5.465592578552629501e-115
6.321987936166348549e-116
7.293916695371704535e-117
8.381353290913024902e-118
9.580718007205905750e-119
1.088516495063212432e-119
1.228520749699163389e-120
1.376964861817038829e-121
1.532676112815825264e-122
1.694564960318379180e-123
1.861772189301882593e-124
2.033820273269592954e-125
2.210763312051675409e-126
2.393331470215493611e-127
2.583067639169577925e-128
2.782455919723509937e-129
2.995043326540485084e-130
3.225557701472921946e-131
3.480025997132935595e-132
3.765897600628000984e-133
4.092176905416140010e-134
4.469567605258103965e-135
4.910627968102880051e-136
5.429931630998312804e-137
6.044222494804054663e-138
6.772545651082387169e-139
7.636329777629079594e-140
8.659391104356518994e-141
9.867825927787126659e-142
1.128975869158842918e-142
1.295491660373501674e-143
1.489401013883980378e-144
1.713791186402294960e-145
1.971664393271018305e-146
2.265820724680856294e-147
2.598731238827092433e-148
2.972410324545557277e-149
3.388299741125474956e-150
3.847180056590327539e-151
4.349128172424604342e-152
4.893541792188655098e-153
5.479252545086043086e-154
6.104748493905412171e-155
6.768523508772691632e-156
7.469565224705314025e-157
8.207985032292038639e-158
8.985783089368076827e-159
9.807729300093852693e-160
1.068232845370335025e-160
1.162282529182823355e-161
1.264819430666562407e-162
1.378405067932528003e-163
1.506341397872845632e-164
1.652725593825434562e-165
1.822476849135271934e-166
2.021329870698255127e-167
2.255791343491555579e-168
2.533057807854755612e-169
2.860896023425223554e-170
3.247489874803642504e-171
3.701261032372472751e-172
4.230673703379125995e-173
4.844036653454196317e-174
5.549318004617903898e-175
6.353989906252795106e-176
7.264920870487113886e-177
8.288333285334199816e-178
9.429842389501512421e-179
1.069459093640430138e-179
1.208749110547772952e-180
1.361358220975072243e-181
1.527850968847809337e-182
1.708912801391274615e-183
1.905422764493990570e-184
2.118538406272339073e-185
2.349792511877012981e-186
2.601201118787095608e-187
2.875382066323960107e-188
3.175683091687277281e-189
3.506318189924329674e-190
3.872510628497036433e-191
4.280640708552330296e-192
4.738396195663271663e-193
5.254923437503056407e-194
5.840977694688005472e-195
6.509072269919627921e-196
7.273627715045436382e-197
8.151124722718687931e-198
9.160267145949824527e-199
1.032216467521744953e-199
1.166054764728169888e-200
1.320202876936157764e-201
1.497642767787788104e-202
1.701717370226144606e-203
1.936179957367475050e-204
2.205253390034712857e-205
2.513699307387500475e-206
2.866896420855576091e-207
3.270926036477136141e-208
3.732661852508099227e-209
4.259860060650341520e-210
4.861244931646129338e-211
5.546584499974144057e-212
6.326750780681371650e-213
7.213759243986856251e-214
8.220783115836781800e-215
9.362139527473750684e-216
1.065324665602525136e-216
1.211055382410836352e-217
1.375145009276255254e-218
1.559416120609797605e-219
1.765764981686074861e-220
1.996153968101736477e-221
2.252609082603501064e-222
2.537225934396229051e-223
2.852188208920948720e-224
3.199803269192810802e-225
3.582560032039853306e-226
4.003214582068469257e-227
4.464909044610119527e-228
4.971328958316567325e-229
5.526903699410411314e-230
6.137053362436832976e-231
6.808483874819599600e-232
7.549530030263144840e-233
8.370543629226256917e-234
9.284321121968477553e-235
1.030656221850780095e-235
1.145634806295806686e-236
1.275662500778486130e-237
1.423467803453324923e-238
1.592257673398112440e-239
1.785757676344476439e-240
2.008246111269965493e-241
2.264580858244691471e-242
2.560218184213478761e-243
2.901223452902101512e-244
3.294274641333713968e-245
3.746660831948748215e-246
4.266279565736912817e-247
4.861639426109641903e-248
5.541878192135953828e-249
6.316813939983722641e-250
7.197060041425835622e-251
8.194262555823776733e-252
9.321575930774529909e-253
1.059461389682070037e-253
1.203336792564163829e-254
1.366612438509493934e-255
1.553754400731871873e-256
1.772543844467313903e-257
2.037572267404177609e-258
2.377528679201272288e-259
2.850375205535451349e-260
3.574876226354266924e-261
4.795901174169190852e-262
7.019199356220377550e-263
1.128849386554095067e-263
1.975291916883175556e-264
3.682430871690238790e-265
7.152775452626072492e-266
1.422559576994376519e-266
2.863453344652473697e-267
5.792828074272559691e-268
1.173065964297425292e-268
2.372491355752662574e-269
4.786225097021012799e-270
9.624681386563817655e-271
1.928485074468853302e-271
3.849354715396714994e-272
7.653259874156579098e-273
1.515510814535947031e-273
2.988855972485211319e-274
5.870435724908676687e-275
1.148272198367897432e-275
2.236765016353770732e-276
4.339002147711457805e-277
8.381987267262063724e-278
1.612448116181084354e-278
3.088874823580792226e-279
5.892301547874329350e-280
1.119267914588098829e-280
2.117102752064071139e-281
3.987520903914114306e-282
7.478448655863609969e-283
1.396567425274363415e-283
2.596859612142015689e-284
4.808011682422077777e-285
8.863542278613618010e-286
1.626927337207908544e-286
2.973324209121332439e-287
5.410331485741800969e-288
9.801830355105927978e-289
1.768016720409737029e-289
3.175086719283528579e-290
5.676870515632909931e-291
1.010510133671327643e-291
1.790790315912161805e-292
3.159477378908785105e-293
5.549402935101616776e-294
9.703575507052318323e-295
1.689140762802815403e-295
2.927132607851978309e-296
5.049581796829063940e-297
8.671591637436872517e-298
1.482403825805711857e-298
2.522623440457386726e-299
4.273172073826219268e-300
7.205335904441018706e-301
1.209366114217910279e-301
2.020481447585411039e-302
3.359999526809800097e-303
5.561661976921273335e-304
9.163148215755098219e-305
1.502634234905788785e-305
2.452584439206232785e-306
3.984285307089027011e-307
6.442082613072765592e-308
1.036681028028197454e-308
1.660353607088665690e-309
2.646586914024597043e-310
4.198511929745923840e-311
6.628599591942096418e-312
1.041498915696043780e-312
1.628545715494237157e-313
2.534186719854435178e-314
3.924354166126818235e-315
6.047586427516261271e-316
9.274139340484310244e-317
1.415259441628230027e-317
2.149131212188379930e-318
3.247444083549929410e-319
4.882850777849039596e-320
7.302290245533623923e-321
1.086944420850742397e-321
1.581010066691988941e-322
1.976262583364986177e-323
0.000000000000000000e+00
0.000000000000000000e+00
0.000000000000000000e+00
0.000000000000000000e+00
0.000000000000000000e+00
0.000000000000000000e+00
0.000000000000000000e+00
0.000000000000000000e+00
0.000000000000000000e+00
0.000000000000000000e+00
0.000000000000000000e+00
0.000000000000000000e+00
0.000000000000000000e+00
0.000000000000000000e+00
0.000000000000000000e+00
0.000000000000000000e+00
0.000000000000000000e+00
0.000000000000000000e+00
0.000000000000000000e+00
0.000000000000000000e+00
0.000000000000000000e+00
0.000000000000000000e+00
0.000000000000000000e+00
0.000000000000000000e+00
0.000000000000000000e+00
0.000000000000000000e+00
0.000000000000000000e+00
0.000000000000000000e+00
0.000000000000000000e+00
0.000000000000000000e+00
0.000000000000000000e+00
0.000000000000000000e+00
0.000000000000000000e+00
0.000000000000000000e+00
0.000000000000000000e+00
0.000000000000000000e+00
0.000000000000000000e+00
0.000000000000000000e+00
0.000000000000000000e+00
0.000000000000000000e+00
0.000000000000000000e+00
0.000000000000000000e+00
0.000000000000000000e+00
0.000000000000000000e+00
0.000000000000000000e+00
0.000000000000000000e+00
0.000000000000000000e+00
0.000000000000000000e+00
0.000000000000000000e+00
0.000000000000000000e+00
0.000000000000000000e+00
0.000000000000000000e+00
0.000000000000000000e+00
0.000000000000000000e+00
0.000000000000000000e+00
0.000000000000000000e+00
0.000000000000000000e+00
0.000000000000000000e+00
0.000000000000000000e+00
0.000000000000000000e+00
0.000000000000000000e+00
0.000000000000000000e+00
0.000000000000000000e+00
0.000000000000000000e+00
0.000000000000000000e+00
0.000000000000000000e+00
0.000000000000000000e+00
0.000000000000000000e+00
0.000000000000000000e+00
0.000000000000000000e+00
0.000000000000000000e+00
0.000000000000000000e+00
0.000000000000000000e+00
0.000000000000000000e+00
0.000000000000000000e+00
0.000000000000000000e+00
0.000000000000000000e+00
0.000000000000000000e+00
0.000000000000000000e+00
0.000000000000000000e+00
0.000000000000000000e+00
0.000000000000000000e+00
0.000000000000000000e+00
0.000000000000000000e+00
0.000000000000000000e+00
0.000000000000000000e+00
0.000000000000000000e+00
0.000000000000000000e+00
0.000000000000000000e+00
0.000000000000000000e+00
0.000000000000000000e+00
0.000000000000000000e+00
0.000000000000000000e+00
0.000000000000000000e+00
0.000000000000000000e+00
0.000000000000000000e+00
0.000000000000000000e+00
0.000000000000000000e+00
0.000000000000000000e+00
0.000000000000000000e+00
0.000000000000000000e+00
0.000000000000000000e+00
0.000000000000000000e+00
0.000000000000000000e+00
0.000000000000000000e+00
0.000000000000000000e+00
0.000000000000000000e+00
0.000000000000000000e+00
0.000000000000000000e+00
0.000000000000000000e+00
0.000000000000000000e+00
0.000000000000000000e+00
0.000000000000000000e+00
0.000000000000000000e+00
0.000000000000000000e+00
0.000000000000000000e+00
0.000000000000000000e+00
0.000000000000000000e+00
0.000000000000000000e+00
0.000000000000000000e+00
0.000000000000000000e+00
0.000000000000000000e+00
0.000000000000000000e+00
0.000000000000000000e+00
0.000000000000000000e+00
0.000000000000000000e+00
0.000000000000000000e+00
0.000000000000000000e+00
0.000000000000000000e+00
0.000000000000000000e+00
0.000000000000000000e+00
0.000000000000000000e+00
0.000000000000000000e+00
0.000000000000000000e+00
0.000000000000000000e+00
0.000000000000000000e+00
0.000000000000000000e+00
0.000000000000000000e+00
0.000000000000000000e+00
0.000000000000000000e+00
0.000000000000000000e+00
0.000000000000000000e+00
0.000000000000000000e+00
0.000000000000000000e+00
0.000000000000000000e+00
0.000000000000000000e+00
0.000000000000000000e+00
0.000000000000000000e+00
0.000000000000000000e+00
0.000000000000000000e+00
0.000000000000000000e+00
0.000000000000000000e+00
0.000000000000000000e+00
0.000000000000000000e+00
0.000000000000000000e+00
0.000000000000000000e+00
0.000000000000000000e+00
0.000000000000000000e+00
0.000000000000000000e+00
0.000000000000000000e+00
0.000000000000000000e+00
0.000000000000000000e+00
0.000000000000000000e+00
0.000000000000000000e+00
0.000000000000000000e+00
0.000000000000000000e+00
0.000000000000000000e+00
0.000000000000000000e+00
0.000000000000000000e+00
0.000000000000000000e+00
0.000000000000000000e+00
0.000000000000000000e+00
0.000000000000000000e+00
0.000000000000000000e+00
0.000000000000000000e+00
0.000000000000000000e+00
0.000000000000000000e+00
0.000000000000000000e+00
0.000000000000000000e+00
0.000000000000000000e+00
0.000000000000000000e+00
0.000000000000000000e+00
0.000000000000000000e+00
0.000000000000000000e+00
0.000000000000000000e+00
0.000000000000000000e+00
0.000000000000000000e+00
0.000000000000000000e+00
0.000000000000000000e+00
0.000000000000000000e+00
0.000000000000000000e+00
0.000000000000000000e+00
0.000000000000000000e+00
0.000000000000000000e+00
0.000000000000000000e+00
0.000000000000000000e+00
0.000000000000000000e+00
0.000000000000000000e+00
0.000000000000000000e+00
0.000000000000000000e+00
0.000000000000000000e+00
0.000000000000000000e+00
0.000000000000000000e+00
0.000000000000000000e+00
0.000000000000000000e+00
0.000000000000000000e+00
0.000000000000000000e+00
0.000000000000000000e+00
0.000000000000000000e+00
0.000000000000000000e+00
0.000000000000000000e+00
0.000000000000000000e+00
0.000000000000000000e+00
0.000000000000000000e+00
0.000000000000000000e+00
0.000000000000000000e+00
0.000000000000000000e+00
0.000000000000000000e+00
0.000000000000000000e+00
0.000000000000000000e+00
0.000000000000000000e+00
0.000000000000000000e+00
0.000000000000000000e+00
0.000000000000000000e+00
0.000000000000000000e+00
0.000000000000000000e+00
0.000000000000000000e+00
0.000000000000000000e+00
0.000000000000000000e+00
0.000000000000000000e+00
0.000000000000000000e+00
0.000000000000000000e+00
0.000000000000000000e+00
0.000000000000000000e+00
0.000000000000000000e+00
0.000000000000000000e+00
0.000000000000000000e+00
0.000000000000000000e+00
0.000000000000000000e+00
0.000000000000000000e+00
0.000000000000000000e+00
0.000000000000000000e+00
0.000000000000000000e+00
0.000000000000000000e+00
0.000000000000000000e+00
0.000000000000000000e+00
0.000000000000000000e+00
0.000000000000000000e+00
0.000000000000000000e+00
0.000000000000000000e+00
0.000000000000000000e+00
0.000000000000000000e+00
0.000000000000000000e+00
0.000000000000000000e+00
0.000000000000000000e+00
0.000000000000000000e+00
0.000000000000000000e+00
0.000000000000000000e+00
0.000000000000000000e+00
0.000000000000000000e+00
0.000000000000000000e+00
0.000000000000000000e+00
0.000000000000000000e+00
0.000000000000000000e+00
0.000000000000000000e+00
0.000000000000000000e+00
0.000000000000000000e+00
0.000000000000000000e+00
0.000000000000000000e+00
0.000000000000000000e+00
0.000000000000000000e+00
0.000000000000000000e+00
0.000000000000000000e+00
0.000000000000000000e+00
0.000000000000000000e+00
0.000000000000000000e+00
0.000000000000000000e+00
0.000000000000000000e+00
0.000000000000000000e+00
0.000000000000000000e+00
0.000000000000000000e+00
0.000000000000000000e+00
0.000000000000000000e+00
0.000000000000000000e+00
0.000000000000000000e+00
0.000000000000000000e+00
0.000000000000000000e+00
0.000000000000000000e+00
0.000000000000000000e+00
0.000000000000000000e+00
0.000000000000000000e+00
0.000000000000000000e+00
0.000000000000000000e+00
0.000000000000000000e+00
0.000000000000000000e+00
0.000000000000000000e+00
0.000000000000000000e+00
0.000000000000000000e+00
0.000000000000000000e+00
0.000000000000000000e+00
0.000000000000000000e+00
0.000000000000000000e+00
0.000000000000000000e+00
0.000000000000000000e+00
0.000000000000000000e+00
0.000000000000000000e+00
0.000000000000000000e+00
0.000000000000000000e+00
0.000000000000000000e+00
0.000000000000000000e+00
0.000000000000000000e+00
0.000000000000000000e+00
0.000000000000000000e+00
0.000000000000000000e+00
0.000000000000000000e+00
0.000000000000000000e+00
0.000000000000000000e+00
0.000000000000000000e+00
0.000000000000000000e+00
0.000000000000000000e+00
0.000000000000000000e+00
0.000000000000000000e+00
0.000000000000000000e+00
0.000000000000000000e+00
0.000000000000000000e+00
0.000000000000000000e+00
0.000000000000000000e+00
0.000000000000000000e+00
0.000000000000000000e+00
0.000000000000000000e+00
0.000000000000000000e+00
0.000000000000000000e+00
0.000000000000000000e+00
0.000000000000000000e+00
0.000000000000000000e+00
0.000000000000000000e+00
0.000000000000000000e+00
0.000000000000000000e+00
0.000000000000000000e+00
0.000000000000000000e+00
0.000000000000000000e+00
0.000000000000000000e+00
0.000000000000000000e+00
0.000000000000000000e+00
0.000000000000000000e+00
0.000000000000000000e+00
0.000000000000000000e+00
0.000000000000000000e+00
0.000000000000000000e+00
0.000000000000000000e+00
0.000000000000000000e+00
0.000000000000000000e+00
0.000000000000000000e+00
0.000000000000000000e+00
0.000000000000000000e+00
0.000000000000000000e+00
0.000000000000000000e+00
0.000000000000000000e+00
0.000000000000000000e+00
0.000000000000000000e+00
0.000000000000000000e+00
0.000000000000000000e+00
0.000000000000000000e+00
0.000000000000000000e+00
0.000000000000000000e+00
0.000000000000000000e+00
0.000000000000000000e+00
0.000000000000000000e+00
0.000000000000000000e+00
0.000000000000000000e+00
0.000000000000000000e+00
0.000000000000000000e+00
0.000000000000000000e+00
0.000000000000000000e+00
0.000000000000000000e+00
0.000000000000000000e+00
0.000000000000000000e+00
0.000000000000000000e+00
0.000000000000000000e+00
0.000000000000000000e+00
0.000000000000000000e+00
0.000000000000000000e+00
0.000000000000000000e+00
0.000000000000000000e+00
0.000000000000000000e+00
0.000000000000000000e+00
0.000000000000000000e+00
0.000000000000000000e+00
0.000000000000000000e+00
0.000000000000000000e+00
0.000000000000000000e+00
0.000000000000000000e+00
0.000000000000000000e+00
0.000000000000000000e+00
0.000000000000000000e+00
0.000000000000000000e+00
0.000000000000000000e+00
0.000000000000000000e+00
0.000000000000000000e+00
0.000000000000000000e+00
0.000000000000000000e+00
0.000000000000000000e+00
0.000000000000000000e+00
0.000000000000000000e+00
0.000000000000000000e+00
0.000000000000000000e+00
0.000000000000000000e+00
0.000000000000000000e+00
0.000000000000000000e+00
0.000000000000000000e+00
0.000000000000000000e+00
0.000000000000000000e+00
0.000000000000000000e+00
0.000000000000000000e+00
0.000000000000000000e+00
0.000000000000000000e+00
0.000000000000000000e+00
0.000000000000000000e+00
0.000000000000000000e+00
0.000000000000000000e+00
0.000000000000000000e+00
0.000000000000000000e+00
0.000000000000000000e+00
0.000000000000000000e+00
0.000000000000000000e+00
0.000000000000000000e+00
0.000000000000000000e+00
0.000000000000000000e+00
0.000000000000000000e+00
0.000000000000000000e+00
0.000000000000000000e+00
0.000000000000000000e+00
0.000000000000000000e+00
0.000000000000000000e+00
0.000000000000000000e+00
0.000000000000000000e+00
0.000000000000000000e+00
0.000000000000000000e+00
0.000000000000000000e+00
0.000000000000000000e+00
0.000000000000000000e+00
0.000000000000000000e+00
0.000000000000000000e+00
0.000000000000000000e+00
0.000000000000000000e+00
0.000000000000000000e+00
0.000000000000000000e+00
0.000000000000000000e+00
0.000000000000000000e+00
0.000000000000000000e+00
0.000000000000000000e+00
0.000000000000000000e+00
0.000000000000000000e+00
0.000000000000000000e+00
0.000000000000000000e+00
0.000000000000000000e+00
0.000000000000000000e+00
0.000000000000000000e+00
0.000000000000000000e+00
0.000000000000000000e+00
0.000000000000000000e+00
0.000000000000000000e+00
0.000000000000000000e+00
0.000000000000000000e+00
0.000000000000000000e+00
0.000000000000000000e+00
0.000000000000000000e+00
0.000000000000000000e+00
0.000000000000000000e+00
0.000000000000000000e+00
0.000000000000000000e+00
0.000000000000000000e+00
0.000000000000000000e+00
0.000000000000000000e+00
0.000000000000000000e+00
0.000000000000000000e+00
0.000000000000000000e+00
0.000000000000000000e+00
0.000000000000000000e+00
0.000000000000000000e+00
0.000000000000000000e+00
0.000000000000000000e+00
0.000000000000000000e+00
0.000000000000000000e+00
0.000000000000000000e+00
0.000000000000000000e+00
0.000000000000000000e+00
0.000000000000000000e+00
0.000000000000000000e+00
0.000000000000000000e+00
0.000000000000000000e+00
0.000000000000000000e+00
0.000000000000000000e+00
0.000000000000000000e+00
0.000000000000000000e+00
0.000000000000000000e+00
0.000000000000000000e+00
0.000000000000000000e+00
0.000000000000000000e+00
0.000000000000000000e+00
0.000000000000000000e+00
0.000000000000000000e+00
0.000000000000000000e+00
0.000000000000000000e+00
0.000000000000000000e+00
0.000000000000000000e+00
0.000000000000000000e+00
0.000000000000000000e+00
0.000000000000000000e+00
0.000000000000000000e+00
0.000000000000000000e+00
0.000000000000000000e+00
0.000000000000000000e+00
0.000000000000000000e+00
0.000000000000000000e+00
0.000000000000000000e+00
0.000000000000000000e+00
0.000000000000000000e+00
0.000000000000000000e+00
0.000000000000000000e+00
0.000000000000000000e+00
0.000000000000000000e+00
0.000000000000000000e+00
0.000000000000000000e+00
0.000000000000000000e+00
0.000000000000000000e+00
0.000000000000000000e+00
0.000000000000000000e+00
0.000000000000000000e+00
0.000000000000000000e+00
0.000000000000000000e+00
0.000000000000000000e+00
0.000000000000000000e+00
0.000000000000000000e+00
0.000000000000000000e+00
0.000000000000000000e+00
0.000000000000000000e+00
0.000000000000000000e+00
0.000000000000000000e+00
0.000000000000000000e+00
0.000000000000000000e+00
0.000000000000000000e+00
0.000000000000000000e+00
0.000000000000000000e+00
0.000000000000000000e+00
0.000000000000000000e+00
0.000000000000000000e+00
0.000000000000000000e+00
0.000000000000000000e+00
0.000000000000000000e+00
0.000000000000000000e+00
0.000000000000000000e+00
0.000000000000000000e+00
0.000000000000000000e+00
0.000000000000000000e+00
0.000000000000000000e+00
0.000000000000000000e+00
0.000000000000000000e+00
0.000000000000000000e+00
0.000000000000000000e+00
0.000000000000000000e+00
0.000000000000000000e+00
0.000000000000000000e+00
0.000000000000000000e+00
0.000000000000000000e+00
0.000000000000000000e+00
0.000000000000000000e+00
0.000000000000000000e+00
0.000000000000000000e+00
0.000000000000000000e+00
0.000000000000000000e+00
0.000000000000000000e+00
0.000000000000000000e+00
0.000000000000000000e+00
0.000000000000000000e+00
0.000000000000000000e+00
0.000000000000000000e+00
0.000000000000000000e+00
0.000000000000000000e+00
0.000000000000000000e+00
0.000000000000000000e+00
0.000000000000000000e+00
0.000000000000000000e+00
0.000000000000000000e+00
0.000000000000000000e+00
0.000000000000000000e+00
0.000000000000000000e+00
0.000000000000000000e+00
0.000000000000000000e+00
0.000000000000000000e+00
0.000000000000000000e+00
0.000000000000000000e+00
0.000000000000000000e+00
0.000000000000000000e+00
0.000000000000000000e+00
0.000000000000000000e+00
0.000000000000000000e+00
0.000000000000000000e+00
0.000000000000000000e+00
0.000000000000000000e+00
0.000000000000000000e+00
0.000000000000000000e+00
0.000000000000000000e+00
0.000000000000000000e+00
0.000000000000000000e+00
0.000000000000000000e+00
0.000000000000000000e+00
0.000000000000000000e+00
0.000000000000000000e+00
0.000000000000000000e+00
0.000000000000000000e+00
0.000000000000000000e+00
0.000000000000000000e+00
0.000000000000000000e+00
0.000000000000000000e+00
0.000000000000000000e+00
0.000000000000000000e+00
0.000000000000000000e+00
0.000000000000000000e+00
0.000000000000000000e+00
0.000000000000000000e+00
0.000000000000000000e+00
0.000000000000000000e+00
0.000000000000000000e+00
0.000000000000000000e+00
0.000000000000000000e+00
0.000000000000000000e+00
0.000000000000000000e+00
0.000000000000000000e+00
0.000000000000000000e+00
0.000000000000000000e+00
0.000000000000000000e+00
0.000000000000000000e+00
0.000000000000000000e+00
0.000000000000000000e+00
0.000000000000000000e+00
0.000000000000000000e+00
0.000000000000000000e+00
0.000000000000000000e+00
0.000000000000000000e+00
0.000000000000000000e+00
0.000000000000000000e+00
0.000000000000000000e+00
0.000000000000000000e+00
0.000000000000000000e+00
0.000000000000000000e+00
0.000000000000000000e+00
0.000000000000000000e+00
0.000000000000000000e+00
0.000000000000000000e+00
0.000000000000000000e+00
0.000000000000000000e+00
0.000000000000000000e+00
0.000000000000000000e+00
0.000000000000000000e+00
0.000000000000000000e+00
0.000000000000000000e+00
0.000000000000000000e+00
0.000000000000000000e+00
0.000000000000000000e+00
0.000000000000000000e+00
0.000000000000000000e+00
0.000000000000000000e+00
0.000000000000000000e+00
0.000000000000000000e+00
0.000000000000000000e+00
0.000000000000000000e+00
0.000000000000000000e+00
0.000000000000000000e+00
0.000000000000000000e+00
0.000000000000000000e+00
0.000000000000000000e+00
0.000000000000000000e+00
