2.140500038385204362e-01
2.806096501696441273e-02
9.793614902801093397e-03
6.586119087031730435e-03
6.244985677311628430e-03
6.518491508629984006e-03
6.895776543174331197e-03
7.264131549394857792e-03
7.605395011720160470e-03
7.921165428396451103e-03
8.215405099014428877e-03
8.491183078814461271e-03
8.750491557091686148e-03
8.994536841939824307e-03
9.224000725923863983e-03
9.439220946164162546e-03
9.640312433907574641e-03
9.827251048275422243e-03
9.999933425947566193e-03
1.015822083040701998e-02
1.030197160597779230e-02
1.043106506240993117e-02
1.054541864935386146e-02
1.064499974450237516e-02
1.072983307134415393e-02
1.080000457428067183e-02
1.085566245244101551e-02
1.089701595819735774e-02
1.092433248645330660e-02
1.093793340884775291e-02
1.093818904015259399e-02
1.092551306164808375e-02
1.090035666839923346e-02
1.086320265468798674e-02
1.081455960484381355e-02
1.075495631561397027e-02
1.068493654102811545e-02
1.060505412120913045e-02
1.051586853238054529e-02
1.041794087590808271e-02
1.031183030902607482e-02
1.019809090836086042e-02
1.007726894889973517e-02
9.949900575144356857e-03
9.816509837343083064e-03
9.677607063504531024e-03
9.533687536982192109e-03
9.385230449483571505e-03
9.232698100140714417e-03
9.076535312571045594e-03
8.917169043492883737e-03
8.755008158306936891e-03
8.590443351008211770e-03
8.423847187778816734e-03
8.255574255571154416e-03
8.085961398882431442e-03
7.915328029719694708e-03
7.743976497438537915e-03
7.572192506701764907e-03
7.400245573240470456e-03
7.228389508410002461e-03
7.056862924722267193e-03
6.885889755604797553e-03
6.715679783600087167e-03
6.546429172075557239e-03
6.378320996279210862e-03
6.211525770253773816e-03
6.046201966720969080e-03
5.882496527575934407e-03
5.720545363095082270e-03
5.560473838366960728e-03
5.402397245810377016e-03
5.246421262950586029e-03
5.092642394891687581e-03
4.941148401151316399e-03
4.792018706719460182e-03
4.645324797368905433e-03
4.501130599383172323e-03
4.359492843983224855e-03
4.220461416827847416e-03
4.084079693036439876e-03
3.950384858241453093e-03
3.819408216219791034e-03
3.691175483681689417e-03
3.565707072813746343e-03
3.443018362179530670e-03
3.323119956580660849e-03
3.206017936471637457e-03
3.091714097507240744e-03
2.980206180780475226e-03
2.871488094284596788e-03
2.765550126104849085e-03
2.662379149815070813e-03
2.561958822522270376e-03
2.464269775969260036e-03
2.369289801071649236e-03
2.276994026232372677e-03
2.187355089743982847e-03
2.100343306556971823e-03
2.015926829662178284e-03
1.934071806305978679e-03
1.854742529230201048e-03
1.777901583103181325e-03
1.703509986285523491e-03
1.631527328052851181e-03
1.561911901379363973e-03
1.494620831369017572e-03
1.429610199406823080e-03
1.366835163090288074e-03
1.306250071990462105e-03
1.247808579283568369e-03
1.191463749287362652e-03
1.137168160931207629e-03
1.084874007185329366e-03
1.034533190472356661e-03
9.860974140834071183e-04
9.395182696211039526e-04
8.947473204930156887e-04
8.517361814810850071e-04
8.104365944152845625e-04
7.708004999830962451e-04
7.327801057102679462e-04
6.963279501525068606e-04
6.613969633422863348e-04
6.279405235396428534e-04
5.959125103407305951e-04
5.652673542026693046e-04
5.359600824481265983e-04
5.079463618178534610e-04
4.811825376438693411e-04
4.556256697205538376e-04
4.312335649550172803e-04
4.079648068820248717e-04
3.857787821324504176e-04
3.646357039475208069e-04
3.444966328340587727e-04
3.253234944587300118e-04
3.070790948813991025e-04
2.897271332298178431e-04
2.732322119193989558e-04
2.575598445230069516e-04
2.426764613966961239e-04
2.285494131677618681e-04
2.151469721917824711e-04
2.024383320851104028e-04
1.903936054389419191e-04
1.789838198203301024e-04
1.681809121644950390e-04
1.579577216615486539e-04
1.482879812392203683e-04
1.391463077414124708e-04
1.305081909004689536e-04
1.223499811988452133e-04
1.146488767135711974e-04
1.073829090343625641e-04
1.005309283435398463e-04
9.407258774328321779e-05
8.798832691263933222e-05
8.225935517391824345e-05
7.686763404492563353e-05
7.179585935037388709e-05
6.702744296266144493e-05
6.254649423896913485e-05
5.833780121839036092e-05
5.438681163957118938e-05
5.067961383611618739e-05
4.720291756371770061e-05
4.394403480988834116e-05
4.089086063386678822e-05
3.803185408129279284e-05
3.535601921504670698e-05
3.285288630075168585e-05
3.051249318244253885e-05
2.832536688105302799e-05
2.628250544559473115e-05
2.437536008422074108e-05
2.259581759972571806e-05
2.093618315154852747e-05
1.938916336391237729e-05
1.794784979743163151e-05
1.660570279926087999e-05
1.535653574480408024e-05
1.419449968191036752e-05
1.311406838666339263e-05
1.211002383795510425e-05
1.117744211643678843e-05
1.031167973176260255e-05
9.508360380548800428e-06
8.763362136106281144e-06
8.072805069646356115e-06
7.433039301476561037e-06
6.840633479573575339e-06
6.292363681886569862e-06
5.785202737815149970e-06
5.316309963363507645e-06
4.883021303814693621e-06
4.482839876965141427e-06
4.113426909390247103e-06
3.772593057662288927e-06
3.458290105924760916e-06
3.168603030836685398e-06
2.901742424550886771e-06
2.656037266052925942e-06
2.429928030989352748e-06
2.221960129895008646e-06
2.030777664590306552e-06
1.855117492426199198e-06
1.693803587994447149e-06
1.545741691900978797e-06
1.409914236227177642e-06
1.285375536334447987e-06
1.171247238776030141e-06
1.066714015163855989e-06
9.710194919762374229e-07
8.834624064647965089e-07
8.033929789618855848e-07
7.302094921106370436e-07
6.633550677280076969e-07
6.023146322421474156e-07
5.466120618682751646e-07
4.958074989422956398e-07
4.494948310597613359e-07
4.072993249375609539e-07
3.688754071845209594e-07
3.339045843977071126e-07
3.020934953028177193e-07
2.731720878997100889e-07
2.468919148437968750e-07
2.230245405784308844e-07
2.013600539570150187e-07
1.817056803937724384e-07
1.638844878161886991e-07
1.477341809408498490e-07
1.331059786665864750e-07
1.198635695814958131e-07
1.078821408641204649e-07
9.704747603661600505e-08
8.725511731313411485e-08
7.840958842237043775e-08
7.042367410071615263e-08
6.321775253969354503e-08
5.671917735935988876e-08
5.086170582749079638e-08
4.558497020977081091e-08
4.083398937524656077e-08
3.655871786622558469e-08
3.271362986197996378e-08
2.925733560460916913e-08
2.615222798383638599e-08
2.336415715190036434e-08
2.086213111726397628e-08
1.861804047033273689e-08
1.660640544239119996e-08
1.480414364240075462e-08
1.319035695009154221e-08
1.174613608495591744e-08
1.045438153561401612e-08
9.299639569061972533e-09
8.267952165387669154e-09
7.346719775857672941e-09
6.524575909557883546e-09
5.791272582143976786e-09
5.137575781578974646e-09
4.555170116698527183e-09
4.036571918752133238e-09
3.575050087975288676e-09
3.164554035779082624e-09
2.799648159909102795e-09
2.475452260180477062e-09
2.187587426744203273e-09
1.932126909085466337e-09
1.705551541699394803e-09
1.504709343855051695e-09
1.326778904451099722e-09
1.169236238667066259e-09
1.029824795475263885e-09
9.065283415942233537e-10
7.975464571462112220e-10
7.012724061302136395e-10
6.162731715597886732e-10
5.412714470912333143e-10
4.751294071237054989e-10
4.168340924466854990e-10
3.654842550297383788e-10
3.202785257414176474e-10
2.805047793692052551e-10
2.455305833104543367e-10
2.147946179640138232e-10
1.877989898307412550e-10
1.641023304358197205e-10
1.433136220059828206e-10
1.250866608605702124e-10
1.091151151979498762e-10
9.512809509037292401e-11
8.288620057479953704e-11
7.217799219012922866e-11
6.281683600541328163e-11
5.463810162000548036e-11
4.749665300072290182e-11
4.126461838974710136e-11
3.582941122527579930e-11
3.109195812896196699e-11
2.696513694731861711e-11
2.337237838619615423e-11
2.024643032996275205e-11
1.752826277708243634e-11
1.516609288851504079e-11
1.311452412002241047e-11
1.133378343574754655e-11
9.789047008383774453e-12
8.449841883091631549e-12
7.289521532934987606e-12
6.284796836372326876e-12
5.415328370643870176e-12
4.663363607301647355e-12
4.013417160002209855e-12
3.451988291642380696e-12
2.967317079662505153e-12
2.549163044405849167e-12
2.188618553172145954e-12
1.877935795978391621e-12
1.610383154457122428e-12
1.380113877422793312e-12
1.182055039593419926e-12
1.011804824338284539e-12
8.655499740217176306e-13
7.399848526056640812e-13
6.322496780976858469e-13
5.398692439394634054e-13
4.607055635662864238e-13
3.929087021871234945e-13
3.348831227541401340e-13
2.852515869059983698e-13
2.428243756815192468e-13
2.065813785783876216e-13
1.756384517830253583e-13
1.492388557920595291e-13
1.267282449864636647e-13
1.075460807234314490e-13
9.121037098339180183e-14
7.730780087444935290e-14
6.548347073889162413e-14
5.543278426830470228e-14
4.689516651283121091e-14
3.964773967059471127e-14
3.349927732217366519e-14
2.828669973801129700e-14
2.386961214456351356e-14
2.012984864225822848e-14
1.696550816124079003e-14
1.428876148241563765e-14
1.202748464737964734e-14
1.011672078800071950e-14
8.504573033041122204e-15
7.144834591680615051e-15
5.998494411146869816e-15
5.032887589794503373e-15
4.219960686822598355e-15
3.535983453586933665e-15
2.961165109480969803e-15
2.477849960947568507e-15
2.072290196860401398e-15
1.731624376842364453e-15
1.446252874416522244e-15
1.207159192533482830e-15
1.007044437035781469e-15
8.392243853945302008e-16
6.986498949375672229e-16
5.819408315981302279e-16
4.841127844886512726e-16
4.021944166498733732e-16
3.340776674917645122e-16
2.773817640094804720e-16
2.297207374863375985e-16
1.903857278550886069e-16
1.576166608819514424e-16
1.305820206469565627e-16
1.077570780427154309e-16
8.904741758234572281e-17
7.358356426857458172e-17
6.067740010383249201e-17
5.014353644279041091e-17
4.121612841470242682e-17
3.396190043174347897e-17
2.798188260131452216e-17
2.304384181662842451e-17
1.925766323363409004e-17
1.565721791896590348e-17
1.287893017774286439e-17
1.055769881648513768e-17
8.595092803072612552e-18
7.256163490707924252e-18
5.825735385560531015e-18
5.046897429039185305e-18
4.090940510029258421e-18
3.298101682332641794e-18
2.669122143437046860e-18
2.184610304692117057e-18
1.793935025765012218e-18
1.366077439571613770e-18
1.098039992408303839e-18
7.742418084379400654e-19
8.160793303680816293e-19
6.791826129491639081e-19
5.630395262152048752e-19
5.039768342723796870e-19
3.973624099563322492e-19
3.641337809106876654e-19
3.551053656274991605e-19
2.102742568684874186e-19
1.960165180438601909e-19
3.514158510880647232e-19
2.510906702839389682e-19
7.527317800922873865e-20
1.498734720515516413e-19
2.553390454393181045e-19
2.585514981435551071e-19
1.137752557096311922e-19
1.258661402354394204e-20
1.440089149091632703e-19
1.539797023024061659e-19
8.038373165983751124e-20
2.114071345048717308e-19
1.945836112203553364e-19
2.648448366701475708e-19
1.305088687763855992e-19
1.462802198908983387e-19
7.425746903632182820e-20
0.000000000000000000e+00
1.271857881715624986e-19
1.726360945590725549e-19
1.122139491727954000e-19
2.851070720814321862e-19
2.753273472416553090e-19
2.161998698189106756e-20
2.412797750156647843e-19
1.982000279523977285e-19
1.932051739612038010e-19
8.427686090402043493e-20
2.487599976457908121e-19
2.020099945485640458e-19
2.330897010866073324e-19
9.292326418476677282e-20
7.206527666081798139e-20
2.135217878206642492e-19
1.624047289880561975e-19
3.010182024825570747e-19
1.358052562726474405e-19
1.910141772679173375e-19
0.000000000000000000e+00
1.763695143992524418e-19
8.682927622594148181e-20
3.636694593551885618e-19
1.871597569116258464e-19
1.778400237430733187e-20
0.000000000000000000e+00
1.748495048063528216e-19
0.000000000000000000e+00
1.025493023369654931e-19
1.471825448150427108e-19
2.246689850890939891e-19
1.801494833210857337e-20
6.548217351497650530e-20
6.598014466817337319e-20
1.374131945156773338e-19
2.921303217542115410e-19
2.056385395669734312e-19
0.000000000000000000e+00
2.441821642119337935e-19
1.989013829178207245e-19
8.487654508086925789e-20
1.044370119732486582e-19
2.162350068170603756e-19
3.034165662688778873e-19
2.078010813599608552e-19
1.479518364032570163e-20
0.000000000000000000e+00
1.334682692668996675e-19
1.460741462415366748e-19
0.000000000000000000e+00
2.052128769105453723e-19
7.683920666655104494e-20
6.363021207832433934e-20
6.050360351550237793e-20
1.315071713908697911e-19
0.000000000000000000e+00
1.267742161103878176e-19
6.472452669156434042e-20
0.000000000000000000e+00
1.226007355782606073e-19
1.697238668491394713e-19
2.853748069983793806e-19
2.233339438710581494e-19
7.538021665494379799e-20
3.831519284505642884e-19
9.622802534674340762e-20
6.119462451404085563e-20
1.279582104034905777e-19
0.000000000000000000e+00
0.000000000000000000e+00
4.805046454837085467e-20
8.578433976591932227e-20
0.000000000000000000e+00
1.180813918179325686e-19
3.461131271760916596e-19
1.938310222651237931e-19
2.136899164608478899e-19
0.000000000000000000e+00
4.860906738452675716e-20
4.850989640266568439e-20
1.929042664671352451e-19
6.505529365311916967e-20
4.983065637993045042e-20
1.194376085081171445e-19
0.000000000000000000e+00
0.000000000000000000e+00
3.680295391985584994e-19
1.005917246933771648e-20
0.000000000000000000e+00
4.128252942166999077e-20
1.146941631559786903e-19
5.011534953653182024e-20
1.875725409329759710e-19
9.432214751903563485e-20
0.000000000000000000e+00
0.000000000000000000e+00
0.000000000000000000e+00
0.000000000000000000e+00
0.000000000000000000e+00
1.055248545036008113e-19
4.199429008230588097e-20
3.437356820983990237e-20
0.000000000000000000e+00
1.748717065934518222e-19
4.299804297458244367e-20
3.185604606759489428e-20
6.582320680863441502e-20
1.424428979160995330e-19
1.143347966307040917e-19
0.000000000000000000e+00
4.269526640858997414e-19
1.457672020209668255e-19
1.180411229755564221e-19
2.236064230768494048e-19
1.996819648794465544e-19
5.323365696722428847e-20
3.782560515539112619e-20
7.171179113099539923e-20
3.955060713366785559e-20
3.518930992507421579e-20
1.430982942374263231e-19
1.185736735330946574e-19
2.252777850642277773e-19
5.565731744894757208e-20
1.837315830514048149e-19
1.241351341967686520e-19
4.616014126638914525e-20
3.775231794258127283e-20
3.603936597814796520e-20
3.517496957283877252e-20
2.524280943943444751e-19
1.659980777832631323e-19
5.021155312975295780e-20
3.284749245705896781e-19
6.631888780668061410e-20
7.793329979356626774e-20
2.968283442615596018e-19
1.372214598760422602e-19
2.320159461214366322e-19
1.692437583302174009e-19
0.000000000000000000e+00
1.134417295686217155e-19
1.574153409022691373e-19
0.000000000000000000e+00
1.856863372891426640e-19
3.095969917211380723e-19
0.000000000000000000e+00
0.000000000000000000e+00
7.629191286177219178e-20
4.511767699186838386e-20
2.589978840801325628e-19
3.520762485830805602e-19
0.000000000000000000e+00
0.000000000000000000e+00
1.126860903357326619e-19
8.412018277079672650e-20
2.638735395387075807e-19
9.512644805218015664e-20
4.774161748803854724e-20
1.143000673045298349e-19
4.420016525896136930e-20
1.488224076952142630e-19
4.915893451479966761e-20
0.000000000000000000e+00
1.083510069977710383e-19
1.516556174400039736e-19
0.000000000000000000e+00
0.000000000000000000e+00
1.053410103869890108e-19
0.000000000000000000e+00
1.768689338177552651e-19
4.450344592272749033e-20
0.000000000000000000e+00
0.000000000000000000e+00
0.000000000000000000e+00
0.000000000000000000e+00
0.000000000000000000e+00
9.693361746804844344e-20
3.056313334924876865e-20
2.452472177379365276e-20
1.682623384323499956e-19
3.477792296672477488e-20
0.000000000000000000e+00
1.298688648423693985e-19
3.045097621108144764e-20
2.201061089062949065e-20
1.293371723436894364e-19
1.746231156153356406e-19
3.350570408279156431e-20
0.000000000000000000e+00
1.939853438143588486e-20
2.009573916779072062e-19
1.796951211157876818e-19
0.000000000000000000e+00
9.319926557450293327e-20
2.600227909226394409e-20
3.841047555244867924e-19
4.997205985430150756e-20
2.803570673176814334e-19
0.000000000000000000e+00
0.000000000000000000e+00
2.410305821493225157e-19
0.000000000000000000e+00
2.522370751501820995e-20
1.335324141287332190e-19
1.057297600506362560e-19
1.039613280520183081e-19
1.765789722076346924e-19
4.005335293025514552e-19
2.739504836830673680e-19
4.927898882556370133e-20
0.000000000000000000e+00
0.000000000000000000e+00
3.189917982747225800e-19
1.603941898967697430e-19
1.148351089016534205e-19
3.291534448656807988e-19
0.000000000000000000e+00
2.158167584370355371e-19
8.346377169104864120e-20
2.205793555002529800e-19
0.000000000000000000e+00
1.071328137983911495e-19
7.565327158022497886e-20
3.750533365341113531e-20
0.000000000000000000e+00
3.102238771415488542e-20
3.216447189407821061e-19
1.965743351744810792e-19
0.000000000000000000e+00
0.000000000000000000e+00
1.750402074368302684e-19
0.000000000000000000e+00
0.000000000000000000e+00
2.093665608287893328e-19
1.494279076946364671e-19
0.000000000000000000e+00
1.005033332033106288e-19
1.774474430963917799e-19
1.099816348444028107e-19
0.000000000000000000e+00
0.000000000000000000e+00
2.478514504188337550e-20
3.152306194509648942e-19
4.336469370462243657e-20
1.362098924986595376e-19
3.227672226558001765e-20
2.532095829903209187e-20
9.649815210172058158e-20
2.574404379643839159e-20
5.894745431301448285e-20
6.065951223261637219e-20
1.330348260921938507e-19
1.007114452715820359e-19
0.000000000000000000e+00
0.000000000000000000e+00
1.873355224933228515e-20
1.835315647396541040e-20
9.023514150060376147e-20
2.393632855605363005e-19
1.033778063537568383e-19
2.174195413307638250e-20
1.631652824037240744e-19
2.075037404338025460e-19
0.000000000000000000e+00
1.857232042092033948e-20
5.402401201903614094e-20
1.287194394216797133e-19
6.018918387497413655e-20
9.307066000070121128e-20
9.422450211164726235e-20
0.000000000000000000e+00
0.000000000000000000e+00
8.837661695619445523e-20
1.287178557827096621e-19
2.240173472875579846e-20
5.272812195871991105e-20
1.774490325792905962e-20
3.421956855864487617e-19
3.304091697029628978e-20
0.000000000000000000e+00
1.609780082281962457e-19
2.051865453651137220e-19
2.698411622968130073e-20
1.798943764049736618e-20
2.710178854253675449e-19
0.000000000000000000e+00
0.000000000000000000e+00
3.798276875717045931e-19
7.025296210582903268e-20
2.219168249479453686e-20
2.002437316486228328e-19
2.091575744159295140e-19
1.744876224935579750e-19
2.807946157091491660e-20
2.089666906596193436e-20
1.650499789167299111e-19
2.429024723697990260e-19
2.489964656560066159e-19
2.868453744623339809e-19
2.898164437556390595e-19
0.000000000000000000e+00
2.447853265265453213e-20
2.052903429516391785e-19
0.000000000000000000e+00
3.505184408058821362e-19
0.000000000000000000e+00
1.699735889290976241e-19
0.000000000000000000e+00
2.414108636544576878e-19
2.874026127538565115e-19
1.816916615215411822e-19
0.000000000000000000e+00
1.698830351460899145e-19
1.031469203466093964e-19
1.731290243625391660e-19
3.212358857166397540e-19
1.465500279864045422e-19
1.764992688182579380e-19
3.191738924177863299e-20
2.554379322719498640e-20
2.408965770507716797e-20
2.302124306999726778e-20
1.309619794879240348e-19
0.000000000000000000e+00
1.293498705476849616e-19
2.418063138922432837e-20
2.374116466639311596e-19
0.000000000000000000e+00
0.000000000000000000e+00
1.260264891540324805e-19
2.103395074018228919e-20
8.918039406053338588e-20
0.000000000000000000e+00
5.102430939276751665e-20
1.565339448531675727e-20
1.343055572123123515e-20
8.514046976264801123e-20
1.338491144462375286e-20
2.656473920517739272e-19
0.000000000000000000e+00
1.177007106310645105e-20
0.000000000000000000e+00
3.006105530579648477e-19
0.000000000000000000e+00
4.757406001112329955e-20
1.573091001956285147e-19
2.323980271104902539e-19
0.000000000000000000e+00
1.932016310278506142e-19
1.628448389861422299e-19
2.352991837771445069e-19
0.000000000000000000e+00
1.222529609676804786e-19
1.655614088319325401e-20
4.938365738660187597e-20
0.000000000000000000e+00
1.178764963164166784e-20
4.110204649125893929e-19
2.430103182757183984e-20
8.623566549604278636e-20
1.459709942025520533e-20
0.000000000000000000e+00
4.752108873408049998e-20
0.000000000000000000e+00
2.646267944828949202e-19
1.787138949974266131e-20
8.384547745103085786e-20
2.304331430635340782e-19
2.713075533420030286e-19
1.915554274226501109e-20
8.503366161884161736e-20
8.538580920661281365e-20
1.244198860888781059e-20
0.000000000000000000e+00
9.944695906428075442e-21
9.426893472734759608e-21
1.904947819651542788e-19
4.980413615676979403e-20
1.555840877639706316e-19
8.523646026416298386e-20
1.199719930724695987e-19
1.187020041299578202e-20
2.633108309080576153e-19
1.969436721294369862e-19
1.462333045319967987e-20
1.191773375903827786e-19
2.667903444483720431e-19
0.000000000000000000e+00
4.698883928411470012e-20
8.376899714901556259e-20
1.152358071588966691e-20
3.366157617186158659e-19
0.000000000000000000e+00
0.000000000000000000e+00
9.323733443231917204e-21
8.799348495995386927e-21
0.000000000000000000e+00
1.891539005920309262e-19
1.565560059318613689e-19
0.000000000000000000e+00
8.027724475459761917e-20
0.000000000000000000e+00
6.822607828886702631e-21
0.000000000000000000e+00
4.203916425817498727e-20
0.000000000000000000e+00
1.139889370933582737e-19
6.885318102838634941e-21
0.000000000000000000e+00
1.495447692906503740e-19
6.121617396584155856e-21
4.147858572330394657e-21
4.003853325548270876e-20
0.000000000000000000e+00
1.122805442562529979e-19
5.106385749793077276e-21
1.486854684582109179e-19
0.000000000000000000e+00
0.000000000000000000e+00
2.574972789929830108e-19
7.439740125164203967e-21
1.131136315982162647e-19
1.509906065264432204e-19
1.155190025835755327e-19
0.000000000000000000e+00
1.863563468406856548e-19
7.306200565904476910e-21
0.000000000000000000e+00
7.714698922558800878e-20
5.251010005258539486e-21
0.000000000000000000e+00
3.657062415294815290e-21
3.293667376951811939e-21
1.846277011300827822e-19
1.505577939974466801e-19
1.505463736630038353e-19
0.000000000000000000e+00
2.218101070693253449e-19
0.000000000000000000e+00
0.000000000000000000e+00
3.656696779096533139e-21
1.850286810087601167e-19
5.218462376296439685e-21
0.000000000000000000e+00
0.000000000000000000e+00
0.000000000000000000e+00
1.476556006891279530e-19
0.000000000000000000e+00
2.274551349004993716e-21
1.966388052999615243e-21
1.707049400769502548e-21
1.831667025671035673e-19
3.023353975760195282e-21
7.443553836748716719e-20
2.565709344683549439e-19
1.855982289081531390e-19
7.663953644118793583e-20
7.577918764749808085e-20
3.193092132861674570e-21
1.115622392756255871e-19
1.484308175868913499e-19
3.329743456412601744e-21
1.477287925863028651e-19
7.570358985342610896e-20
2.426028075263037968e-21
3.289908430030206889e-19
4.397365396931547609e-19
2.229228943246954423e-19
0.000000000000000000e+00
3.276908312076699943e-21
7.542892846089115116e-20
2.206169951296355436e-19
3.926611938972044267e-20
1.838760051590569193e-19
1.114293648600068635e-19
3.843584630272166826e-20
2.923858634684945939e-19
0.000000000000000000e+00
1.104102522449071895e-19
0.000000000000000000e+00
7.352063811937021696e-20
6.311949107021920989e-22
0.000000000000000000e+00
1.455587671696141347e-19
0.000000000000000000e+00
7.133329554358795192e-23
8.542559113105390058e-24
1.642281426587653175e-24
2.355106700759859067e-25
2.779397921101779818e-26
3.150539966026870282e-27
3.601513642561706449e-28
3.947708863364952578e-29
3.991404667832299732e-30
3.802783416631260681e-31
3.678312904772861863e-32
3.707548193590120134e-33
3.738259634955286302e-34
3.706630243267834293e-35
3.735459742460764379e-36
4.004361812981355549e-37
4.610081797470636903e-38
5.504325146985579601e-39
6.546391708922530441e-40
7.612115572150860183e-41
8.647885247023180377e-42
9.673098133983120639e-43
1.073644660059149856e-43
1.185294593504017773e-44
1.296992230687924783e-45
1.399959937017972153e-46
1.490465767124967123e-47
1.577638826126907151e-48
1.684958718681635549e-49
1.844769806799289343e-50
2.089729702983327773e-51
2.445738441599434729e-52
2.928383269173959154e-53
3.542285549538106036e-54
4.281839230361684457e-55
5.132495353108017755e-56
6.072802909784228715e-57
7.077938146930917027e-58
8.125167307252698269e-59
9.200765300829757444e-60
1.030677096103626499e-60
1.146517590837135751e-61
1.271731084732469006e-62
1.411756430352559190e-63
1.572271714482376286e-64
1.758005991651111057e-65
1.971802425594419259e-66
2.214198749493043848e-67
2.483591060578227912e-68
2.776881857343726405e-69
3.090476578424538001e-70
3.421576548373532331e-71
3.769815251016287859e-72
4.139273780841881544e-73
4.540738390626713893e-74
4.993795688862447869e-75
5.528150374112501986e-76
6.183539452181166903e-77
7.007854511267918768e-78
8.053497632273631414e-79
9.372435951427211372e-80
1.101073320498770760e-80
1.300343763483249709e-81
1.537059669707202543e-82
1.811491951034773918e-83
2.122131024956435265e-84
2.465822481001411178e-85
2.838059840777089861e-86
3.233396212315627143e-87
3.645930693570153460e-88
4.069825940343108025e-89
4.499819881749949314e-90
4.931705746716589422e-91
5.362767372293101396e-92
5.792167187629039365e-93
6.221289118562559348e-94
6.654037593013059742e-95
7.097090058766378966e-96
7.560099361801874839e-97
8.055848705985092515e-98
8.600376935890887856e-99
9.213111993275728859e-100
9.917068216795293424e-101
1.073917010356990689e-101
1.171075450206595604e-102
1.286827246325146965e-103
1.425416401589589259e-104
1.591782199164470811e-105
1.791650641067754964e-106
2.031603149766049548e-107
2.319103311637032384e-108
2.662463906854192511e-109
3.070740391897698694e-110
3.553542238491028336e-111
4.120758712974634906e-112
4.782199889880764135e-113
5.547157105261352127e-114
6.423891142784311038e-115
7.419063569952409557e-116
8.537139051335614582e-117
9.779805041299083016e-118
1.114547851707782998e-118
1.262899324846586266e-119
1.422157949567880083e-120
1.591125459066869722e-121
1.768373269980140315e-122
1.952393336138098630e-123
2.141812305882633886e-124
2.335666734129022984e-125
2.533730992485331989e-126
2.736883690085139835e-127
2.947493414207300386e-128
3.169800732720880288e-129
3.410270764862959472e-130
3.677889216441523599e-131
3.984374628536661336e-132
4.344280898330331548e-133
4.774967263932251366e-134
5.296418351228564442e-135
5.930904913313884199e-136
6.702486605620334045e-137
7.636371128792300790e-138
8.758158423013254166e-139
1.009301296350471499e-139
1.166481999027987974e-140
1.349539110928248551e-141
1.560378978449601069e-142
1.800584692561198367e-143
2.071393079987095261e-144
2.373702428553520629e-145
2.708114716723056170e-146
3.075014353171157546e-147
3.474683665595757418e-148
3.907453865482455495e-149
4.373889201517685733e-150
4.875001678114146493e-151
5.412494112856145456e-152
5.989030318629933432e-153
6.608532504554649819e-154
7.276507098589422891e-155
8.000400510728569870e-156
8.789985327945634338e-157
9.657774730391171711e-158
1.061945861408799066e-158
1.169434960191194634e-159
1.290582198511409596e-160
1.428172326965581131e-161
1.585473818869495585e-162
1.766269035087907413e-163
1.974877802474437315e-164
2.216175774618107120e-165
2.495611099776124323e-166
2.819225234901125628e-167
3.193685834228737467e-168
3.626341077096582666e-169
4.125305181560109823e-170
4.699583883749401583e-171
5.359246227048966449e-172
6.115645192421692651e-173
6.981684819474279198e-174
7.972126003872339285e-175
9.103917705931205183e-176
1.039653548221734440e-176
1.187230559919963518e-177
1.355669090152299932e-178
1.547851429612852234e-179
1.767009720015358810e-180
2.016729346769963267e-181
2.300940398122822271e-182
2.623896313223167961e-183
2.990139582712095186e-184
3.404455265065127481e-185
3.871814183698576856e-186
4.397309034049423431e-187
4.986088319717508882e-188
5.643295097772656669e-189
6.374019947867057146e-190
7.183280321715702612e-191
8.076041323854928439e-192
9.057295768063473673e-193
1.013222370063798611e-193
1.130645306729075719e-194
1.258644338249110342e-195
1.398001272313753218e-196
1.549702478509781204e-197
1.715024693119303120e-198
1.895638213779802706e-199
2.093726775439274799e-200
2.312122249703967405e-201
2.554451078648096771e-202
2.825288127107590987e-203
3.130312511927242361e-204
3.476459045732261613e-205
3.872058319225351514e-206
4.326958236527687893e-207
4.852620099102951948e-208
5.462183177945442771e-209
6.170493176870963855e-210
6.994092108047662645e-211
7.951169886764965798e-212
9.061481389247026465e-213
1.034623675278842538e-213
1.182797723704452905e-214
1.353045386888540531e-215
1.547853118265384270e-216
1.769814345873038754e-217
2.021633585044950074e-218
2.306142784051662674e-219
2.626334245030750755e-220
2.985415402226440871e-221
3.386892627941661652e-222
3.834695465206574923e-223
4.333362349880857459e-224
4.888330767509556776e-225
5.506423645358519017e-226
6.196731531161587478e-227
6.972325542512831719e-228
7.853746793658838761e-229
8.876319457587362402e-230
1.010569796696411404e-230
1.167110579215035597e-231
1.383645156481214424e-232
1.715221014937113089e-233
2.277877677383116966e-234
3.317227536294928171e-235
5.353309807035760332e-236
9.485229669448597720e-237
1.802902197569796023e-237
3.584728726670400922e-238
7.310839892223502354e-239
1.509864449820130450e-239
3.133826681571578750e-240
6.509196914161973524e-241
1.349833649331813200e-241
2.791141629290211288e-242
5.750853006403883225e-243
1.180230567300208961e-243
2.412091795339463971e-244
4.908632210327809186e-245
9.945697535661213263e-246
2.006309441284207791e-246
4.029345631368256207e-247
8.056278316409860694e-248
1.603573881396774771e-248
3.177534720494289388e-249
6.268032538338270246e-250
1.230849253771298453e-250
2.406048674546507736e-251
4.681911205157865613e-252
9.068897463141459686e-253
1.748604948795219458e-253
3.356047788335845843e-254
6.411462447228690633e-255
1.219191407338369451e-255
2.307627858594939258e-256
4.347423850796443882e-257
8.151991872692832564e-258
1.521437872608594674e-258
2.826159033031965698e-259
5.224972278386579421e-260
9.614119300721741152e-261
1.760622387622508229e-261
3.208833441941031548e-262
5.820300255471367058e-263
1.050639805485667274e-263
1.887406812763894916e-264
3.374219428717432053e-265
6.003025133236964416e-266
1.062793547725807704e-266
1.872416267963364853e-267
3.282641557393352156e-268
5.726705683361739569e-269
9.941212539786297457e-270
1.717195220031054631e-270
2.951470800607957990e-271
5.047641245311350917e-272
8.589388956878204006e-273
1.454294823104902967e-273
2.449918375784801061e-274
4.106315159694975422e-275
6.847735146742160899e-276
1.136130238689066307e-276
1.875375402349156391e-277
3.079779729688147241e-278
5.031700950616075099e-279
8.178356926509669487e-280
1.322408672553972328e-280
2.127188569744830159e-281
3.403919007613345932e-282
5.418481435602188893e-283
8.580118626944296351e-284
1.351507559592706835e-284
2.117606546167863215e-285
3.300393736844615006e-286
5.116488276767291577e-287
7.889618042162258195e-288
1.210067859024180719e-288
1.845972291841688565e-289
2.800878395992072424e-290
4.226772151106553125e-291
6.343965004917691396e-292
9.469823681451846940e-293
1.405866106728869162e-293
2.075672005564435232e-294
3.047739930318912312e-295
4.450339747048086825e-296
6.462434494874794010e-297
9.332080360574185374e-298
1.340082955051109216e-298
1.913583098196664369e-299
2.717170528612708657e-300
3.836470385988719328e-301
5.386214118365561637e-302
7.519060394648497356e-303
1.043669705675618592e-303
1.440367917329173274e-304
1.976450463399969859e-305
2.696446443592104323e-306
3.657482308065867875e-307
4.932287706916843534e-308
6.612739667695417816e-309
8.813986716276168586e-310
1.167917986846057496e-310
1.538481577276258260e-311
2.014666758397553572e-312
2.622624049466681488e-313
3.393764069202630197e-314
4.365468874787896065e-315
5.581804211856536479e-316
7.094201653080791068e-317
8.962069198142082801e-318
1.125328380876148841e-318
1.404431004868327426e-319
1.742075467236235315e-320
2.144244902951010002e-321
2.618547922958606684e-322
2.964393875047479265e-323
0.000000000000000000e+00
0.000000000000000000e+00
0.000000000000000000e+00
0.000000000000000000e+00
0.000000000000000000e+00
0.000000000000000000e+00
0.000000000000000000e+00
0.000000000000000000e+00
0.000000000000000000e+00
0.000000000000000000e+00
0.000000000000000000e+00
0.000000000000000000e+00
0.000000000000000000e+00
0.000000000000000000e+00
0.000000000000000000e+00
0.000000000000000000e+00
0.000000000000000000e+00
0.000000000000000000e+00
0.000000000000000000e+00
0.000000000000000000e+00
0.000000000000000000e+00
0.000000000000000000e+00
0.000000000000000000e+00
0.000000000000000000e+00
0.000000000000000000e+00
0.000000000000000000e+00
0.000000000000000000e+00
0.000000000000000000e+00
0.000000000000000000e+00
0.000000000000000000e+00
0.000000000000000000e+00
0.000000000000000000e+00
0.000000000000000000e+00
0.000000000000000000e+00
0.000000000000000000e+00
0.000000000000000000e+00
0.000000000000000000e+00
0.000000000000000000e+00
0.000000000000000000e+00
0.000000000000000000e+00
0.000000000000000000e+00
0.000000000000000000e+00
0.000000000000000000e+00
0.000000000000000000e+00
0.000000000000000000e+00
0.000000000000000000e+00
0.000000000000000000e+00
0.000000000000000000e+00
0.000000000000000000e+00
0.000000000000000000e+00
0.000000000000000000e+00
0.000000000000000000e+00
0.000000000000000000e+00
0.000000000000000000e+00
0.000000000000000000e+00
0.000000000000000000e+00
0.000000000000000000e+00
0.000000000000000000e+00
0.000000000000000000e+00
0.000000000000000000e+00
0.000000000000000000e+00
0.000000000000000000e+00
0.000000000000000000e+00
0.000000000000000000e+00
0.000000000000000000e+00
0.000000000000000000e+00
0.000000000000000000e+00
0.000000000000000000e+00
0.000000000000000000e+00
0.000000000000000000e+00
0.000000000000000000e+00
0.000000000000000000e+00
0.000000000000000000e+00
0.000000000000000000e+00
0.000000000000000000e+00
0.000000000000000000e+00
0.000000000000000000e+00
0.000000000000000000e+00
0.000000000000000000e+00
0.000000000000000000e+00
0.000000000000000000e+00
0.000000000000000000e+00
0.000000000000000000e+00
0.000000000000000000e+00
0.000000000000000000e+00
0.000000000000000000e+00
0.000000000000000000e+00
0.000000000000000000e+00
0.000000000000000000e+00
0.000000000000000000e+00
0.000000000000000000e+00
0.000000000000000000e+00
0.000000000000000000e+00
0.000000000000000000e+00
0.000000000000000000e+00
0.000000000000000000e+00
0.000000000000000000e+00
0.000000000000000000e+00
0.000000000000000000e+00
0.000000000000000000e+00
0.000000000000000000e+00
0.000000000000000000e+00
0.000000000000000000e+00
0.000000000000000000e+00
0.000000000000000000e+00
0.000000000000000000e+00
0.000000000000000000e+00
0.000000000000000000e+00
0.000000000000000000e+00
0.000000000000000000e+00
0.000000000000000000e+00
0.000000000000000000e+00
0.000000000000000000e+00
0.000000000000000000e+00
0.000000000000000000e+00
0.000000000000000000e+00
0.000000000000000000e+00
0.000000000000000000e+00
0.000000000000000000e+00
0.000000000000000000e+00
0.000000000000000000e+00
0.000000000000000000e+00
0.000000000000000000e+00
0.000000000000000000e+00
0.000000000000000000e+00
0.000000000000000000e+00
0.000000000000000000e+00
0.000000000000000000e+00
0.000000000000000000e+00
0.000000000000000000e+00
0.000000000000000000e+00
0.000000000000000000e+00
0.000000000000000000e+00
0.000000000000000000e+00
0.000000000000000000e+00
0.000000000000000000e+00
0.000000000000000000e+00
0.000000000000000000e+00
0.000000000000000000e+00
0.000000000000000000e+00
0.000000000000000000e+00
0.000000000000000000e+00
0.000000000000000000e+00
0.000000000000000000e+00
0.000000000000000000e+00
0.000000000000000000e+00
0.000000000000000000e+00
0.000000000000000000e+00
0.000000000000000000e+00
0.000000000000000000e+00
0.000000000000000000e+00
0.000000000000000000e+00
0.000000000000000000e+00
0.000000000000000000e+00
0.000000000000000000e+00
0.000000000000000000e+00
0.000000000000000000e+00
0.000000000000000000e+00
0.000000000000000000e+00
0.000000000000000000e+00
0.000000000000000000e+00
0.000000000000000000e+00
0.000000000000000000e+00
0.000000000000000000e+00
0.000000000000000000e+00
0.000000000000000000e+00
0.000000000000000000e+00
0.000000000000000000e+00
0.000000000000000000e+00
0.000000000000000000e+00
0.000000000000000000e+00
0.000000000000000000e+00
0.000000000000000000e+00
0.000000000000000000e+00
0.000000000000000000e+00
0.000000000000000000e+00
0.000000000000000000e+00
0.000000000000000000e+00
0.000000000000000000e+00
0.000000000000000000e+00
0.000000000000000000e+00
0.000000000000000000e+00
0.000000000000000000e+00
0.000000000000000000e+00
0.000000000000000000e+00
0.000000000000000000e+00
0.000000000000000000e+00
0.000000000000000000e+00
0.000000000000000000e+00
0.000000000000000000e+00
0.000000000000000000e+00
0.000000000000000000e+00
0.000000000000000000e+00
0.000000000000000000e+00
0.000000000000000000e+00
0.000000000000000000e+00
0.000000000000000000e+00
0.000000000000000000e+00
0.000000000000000000e+00
0.000000000000000000e+00
0.000000000000000000e+00
0.000000000000000000e+00
0.000000000000000000e+00
0.000000000000000000e+00
0.000000000000000000e+00
0.000000000000000000e+00
0.000000000000000000e+00
0.000000000000000000e+00
0.000000000000000000e+00
0.000000000000000000e+00
0.000000000000000000e+00
0.000000000000000000e+00
0.000000000000000000e+00
0.000000000000000000e+00
0.000000000000000000e+00
0.000000000000000000e+00
0.000000000000000000e+00
0.000000000000000000e+00
0.000000000000000000e+00
0.000000000000000000e+00
0.000000000000000000e+00
0.000000000000000000e+00
0.000000000000000000e+00
0.000000000000000000e+00
0.000000000000000000e+00
0.000000000000000000e+00
0.000000000000000000e+00
0.000000000000000000e+00
0.000000000000000000e+00
0.000000000000000000e+00
0.000000000000000000e+00
0.000000000000000000e+00
0.000000000000000000e+00
0.000000000000000000e+00
0.000000000000000000e+00
0.000000000000000000e+00
0.000000000000000000e+00
0.000000000000000000e+00
0.000000000000000000e+00
0.000000000000000000e+00
0.000000000000000000e+00
0.000000000000000000e+00
0.000000000000000000e+00
0.000000000000000000e+00
0.000000000000000000e+00
0.000000000000000000e+00
0.000000000000000000e+00
0.000000000000000000e+00
0.000000000000000000e+00
0.000000000000000000e+00
0.000000000000000000e+00
0.000000000000000000e+00
0.000000000000000000e+00
0.000000000000000000e+00
0.000000000000000000e+00
0.000000000000000000e+00
0.000000000000000000e+00
0.000000000000000000e+00
0.000000000000000000e+00
0.000000000000000000e+00
0.000000000000000000e+00
0.000000000000000000e+00
0.000000000000000000e+00
0.000000000000000000e+00
0.000000000000000000e+00
0.000000000000000000e+00
0.000000000000000000e+00
0.000000000000000000e+00
0.000000000000000000e+00
0.000000000000000000e+00
0.000000000000000000e+00
0.000000000000000000e+00
0.000000000000000000e+00
0.000000000000000000e+00
0.000000000000000000e+00
0.000000000000000000e+00
0.000000000000000000e+00
0.000000000000000000e+00
0.000000000000000000e+00
0.000000000000000000e+00
0.000000000000000000e+00
0.000000000000000000e+00
0.000000000000000000e+00
0.000000000000000000e+00
0.000000000000000000e+00
0.000000000000000000e+00
0.000000000000000000e+00
0.000000000000000000e+00
0.000000000000000000e+00
0.000000000000000000e+00
0.000000000000000000e+00
0.000000000000000000e+00
0.000000000000000000e+00
0.000000000000000000e+00
0.000000000000000000e+00
0.000000000000000000e+00
0.000000000000000000e+00
0.000000000000000000e+00
0.000000000000000000e+00
0.000000000000000000e+00
0.000000000000000000e+00
0.000000000000000000e+00
0.000000000000000000e+00
0.000000000000000000e+00
0.000000000000000000e+00
0.000000000000000000e+00
0.000000000000000000e+00
0.000000000000000000e+00
0.000000000000000000e+00
0.000000000000000000e+00
0.000000000000000000e+00
0.000000000000000000e+00
0.000000000000000000e+00
0.000000000000000000e+00
0.000000000000000000e+00
0.000000000000000000e+00
0.000000000000000000e+00
0.000000000000000000e+00
0.000000000000000000e+00
0.000000000000000000e+00
0.000000000000000000e+00
0.000000000000000000e+00
0.000000000000000000e+00
0.000000000000000000e+00
0.000000000000000000e+00
0.000000000000000000e+00
0.000000000000000000e+00
0.000000000000000000e+00
0.000000000000000000e+00
0.000000000000000000e+00
0.000000000000000000e+00
0.000000000000000000e+00
0.000000000000000000e+00
0.000000000000000000e+00
0.000000000000000000e+00
0.000000000000000000e+00
0.000000000000000000e+00
0.000000000000000000e+00
0.000000000000000000e+00
0.000000000000000000e+00
0.000000000000000000e+00
0.000000000000000000e+00
0.000000000000000000e+00
0.000000000000000000e+00
0.000000000000000000e+00
0.000000000000000000e+00
0.000000000000000000e+00
0.000000000000000000e+00
0.000000000000000000e+00
0.000000000000000000e+00
0.000000000000000000e+00
0.000000000000000000e+00
0.000000000000000000e+00
0.000000000000000000e+00
0.000000000000000000e+00
0.000000000000000000e+00
0.000000000000000000e+00
0.000000000000000000e+00
0.000000000000000000e+00
0.000000000000000000e+00
0.000000000000000000e+00
0.000000000000000000e+00
0.000000000000000000e+00
0.000000000000000000e+00
0.000000000000000000e+00
0.000000000000000000e+00
0.000000000000000000e+00
0.000000000000000000e+00
0.000000000000000000e+00
0.000000000000000000e+00
0.000000000000000000e+00
0.000000000000000000e+00
0.000000000000000000e+00
0.000000000000000000e+00
0.000000000000000000e+00
0.000000000000000000e+00
0.000000000000000000e+00
0.000000000000000000e+00
0.000000000000000000e+00
0.000000000000000000e+00
0.000000000000000000e+00
0.000000000000000000e+00
0.000000000000000000e+00
0.000000000000000000e+00
0.000000000000000000e+00
0.000000000000000000e+00
0.000000000000000000e+00
0.000000000000000000e+00
0.000000000000000000e+00
0.000000000000000000e+00
0.000000000000000000e+00
0.000000000000000000e+00
0.000000000000000000e+00
0.000000000000000000e+00
0.000000000000000000e+00
0.000000000000000000e+00
0.000000000000000000e+00
0.000000000000000000e+00
0.000000000000000000e+00
0.000000000000000000e+00
0.000000000000000000e+00
0.000000000000000000e+00
0.000000000000000000e+00
0.000000000000000000e+00
0.000000000000000000e+00
0.000000000000000000e+00
0.000000000000000000e+00
0.000000000000000000e+00
0.000000000000000000e+00
0.000000000000000000e+00
0.000000000000000000e+00
0.000000000000000000e+00
0.000000000000000000e+00
0.000000000000000000e+00
0.000000000000000000e+00
0.000000000000000000e+00
0.000000000000000000e+00
0.000000000000000000e+00
0.000000000000000000e+00
0.000000000000000000e+00
0.000000000000000000e+00
0.000000000000000000e+00
0.000000000000000000e+00
0.000000000000000000e+00
0.000000000000000000e+00
0.000000000000000000e+00
0.000000000000000000e+00
0.000000000000000000e+00
0.000000000000000000e+00
0.000000000000000000e+00
0.000000000000000000e+00
0.000000000000000000e+00
0.000000000000000000e+00
0.000000000000000000e+00
0.000000000000000000e+00
0.000000000000000000e+00
0.000000000000000000e+00
0.000000000000000000e+00
0.000000000000000000e+00
0.000000000000000000e+00
0.000000000000000000e+00
0.000000000000000000e+00
0.000000000000000000e+00
0.000000000000000000e+00
0.000000000000000000e+00
0.000000000000000000e+00
0.000000000000000000e+00
0.000000000000000000e+00
0.000000000000000000e+00
0.000000000000000000e+00
0.000000000000000000e+00
0.000000000000000000e+00
0.000000000000000000e+00
0.000000000000000000e+00
0.000000000000000000e+00
0.000000000000000000e+00
0.000000000000000000e+00
0.000000000000000000e+00
0.000000000000000000e+00
0.000000000000000000e+00
0.000000000000000000e+00
0.000000000000000000e+00
0.000000000000000000e+00
0.000000000000000000e+00
0.000000000000000000e+00
0.000000000000000000e+00
0.000000000000000000e+00
0.000000000000000000e+00
0.000000000000000000e+00
0.000000000000000000e+00
0.000000000000000000e+00
0.000000000000000000e+00
0.000000000000000000e+00
0.000000000000000000e+00
0.000000000000000000e+00
0.000000000000000000e+00
0.000000000000000000e+00
0.000000000000000000e+00
0.000000000000000000e+00
0.000000000000000000e+00
0.000000000000000000e+00
0.000000000000000000e+00
0.000000000000000000e+00
0.000000000000000000e+00
0.000000000000000000e+00
0.000000000000000000e+00
0.000000000000000000e+00
0.000000000000000000e+00
0.000000000000000000e+00
0.000000000000000000e+00
0.000000000000000000e+00
0.000000000000000000e+00
0.000000000000000000e+00
0.000000000000000000e+00
0.000000000000000000e+00
0.000000000000000000e+00
0.000000000000000000e+00
0.000000000000000000e+00
0.000000000000000000e+00
0.000000000000000000e+00
0.000000000000000000e+00
0.000000000000000000e+00
0.000000000000000000e+00
0.000000000000000000e+00
0.000000000000000000e+00
0.000000000000000000e+00
0.000000000000000000e+00
0.000000000000000000e+00
0.000000000000000000e+00
0.000000000000000000e+00
0.000000000000000000e+00
0.000000000000000000e+00
0.000000000000000000e+00
0.000000000000000000e+00
0.000000000000000000e+00
0.000000000000000000e+00
0.000000000000000000e+00
0.000000000000000000e+00
0.000000000000000000e+00
0.000000000000000000e+00
0.000000000000000000e+00
0.000000000000000000e+00
0.000000000000000000e+00
0.000000000000000000e+00
0.000000000000000000e+00
0.000000000000000000e+00
0.000000000000000000e+00
0.000000000000000000e+00
0.000000000000000000e+00
0.000000000000000000e+00
0.000000000000000000e+00
0.000000000000000000e+00
0.000000000000000000e+00
0.000000000000000000e+00
0.000000000000000000e+00
0.000000000000000000e+00
0.000000000000000000e+00
0.000000000000000000e+00
0.000000000000000000e+00
0.000000000000000000e+00
0.000000000000000000e+00
0.000000000000000000e+00
0.000000000000000000e+00
0.000000000000000000e+00
0.000000000000000000e+00
0.000000000000000000e+00
0.000000000000000000e+00
0.000000000000000000e+00
0.000000000000000000e+00
0.000000000000000000e+00
0.000000000000000000e+00
0.000000000000000000e+00
0.000000000000000000e+00
0.000000000000000000e+00
0.000000000000000000e+00
0.000000000000000000e+00
0.000000000000000000e+00
0.000000000000000000e+00
0.000000000000000000e+00
0.000000000000000000e+00
0.000000000000000000e+00
0.000000000000000000e+00
0.000000000000000000e+00
0.000000000000000000e+00
0.000000000000000000e+00
0.000000000000000000e+00
0.000000000000000000e+00
0.000000000000000000e+00
0.000000000000000000e+00
0.000000000000000000e+00
0.000000000000000000e+00
0.000000000000000000e+00
0.000000000000000000e+00
0.000000000000000000e+00
0.000000000000000000e+00
0.000000000000000000e+00
0.000000000000000000e+00
0.000000000000000000e+00
0.000000000000000000e+00
0.000000000000000000e+00
