2.140016245663117489e-01
2.785059869450142236e-02
9.413796945898200361e-03
6.076343915328334504e-03
5.644293253088929034e-03
5.852788393335491175e-03
6.179438539996835213e-03
6.504702770198397474e-03
6.807179383843723307e-03
7.087154216267515204e-03
7.348136164435429586e-03
7.593093754687898524e-03
7.824065036001640744e-03
8.042366930254028767e-03
8.248820654693787488e-03
8.443912502202680082e-03
8.627901892781973670e-03
8.800895306850263500e-03
8.962898741489705098e-03
9.113856199275771272e-03
9.253678604833290647e-03
9.382265790853345361e-03
9.499523215214474015e-03
9.605374515509385036e-03
9.699770686384211540e-03
9.782696475010854015e-03
9.854174473132880363e-03
9.914267307839563781e-03
9.963078278996289824e-03
1.000075074868119786e-02
1.002746655146007776e-02
1.004344366107148313e-02
1.004893331790503858e-02
1.004421679220896500e-02
1.002960193033512921e-02
1.000541960575628865e-02
9.972020173296847201e-03
9.929770004176326909e-03
9.879048161141058479e-03
9.820243257138355081e-03
9.753750527566495965e-03
9.679969134959547084e-03
9.599299715837516372e-03
9.512142172150319513e-03
9.418893704043654336e-03
9.319947076347511947e-03
9.215689108025662199e-03
9.106499371628046582e-03
8.992749088383386949e-03
8.874800203799096052e-03
8.753004628368440607e-03
8.627703628100412414e-03
8.499227349998425898e-03
8.367894468229502766e-03
8.234011937490572433e-03
8.097874840934039115e-03
7.959766320924144961e-03
7.819957581822186560e-03
7.678707954922548047e-03
7.536265016561607445e-03
7.392864751285550123e-03
7.248731752783082842e-03
7.104079456058234703e-03
6.959110395034051599e-03
6.814016480440214518e-03
6.668979293444510237e-03
6.524170391043184955e-03
6.379751619729472079e-03
6.235875434417070991e-03
6.092685220006132697e-03
5.950315613350707321e-03
5.808892823718238112e-03
5.668534950128423233e-03
5.529352294222772413e-03
5.391447667552192943e-03
5.254916692376837388e-03
5.119848095257653088e-03
4.986323992880430621e-03
4.854420169695558736e-03
4.724206347081300224e-03
4.595746443846077459e-03
4.469098827979318261e-03
4.344316559640297622e-03
4.221447625443484897e-03
4.100535164156346273e-03
3.981617683973922434e-03
3.864729271573949000e-03
3.749899793188305516e-03
3.637155087950951632e-03
3.526517153801526916e-03
3.418004326236520965e-03
3.311631450208150484e-03
3.207410045474937133e-03
3.105348465707973883e-03
3.005452051653599403e-03
2.907723278647277639e-03
2.812161898765079809e-03
2.718765077888778917e-03
2.627527527948645900e-03
2.538441634595046004e-03
2.451497580535633419e-03
2.366683464760323177e-03
2.283985417861221848e-03
2.203387713639105936e-03
2.124872877173251441e-03
2.048421789516019758e-03
1.974013789159271507e-03
1.901626770405466862e-03
1.831237278762818917e-03
1.762820603471063714e-03
1.696350867252635923e-03
1.631801113372539436e-03
1.569143390080190645e-03
1.508348832497018654e-03
1.449387742005144942e-03
1.392229663184706622e-03
1.336843458340956220e-03
1.283197379656175014e-03
1.231259138996533640e-03
1.180995975399689625e-03
1.132374720265663095e-03
1.085361860270448375e-03
1.039923598020012089e-03
9.960259104606163962e-04
9.536346050605802767e-04
9.127153737781825912e-04
8.732338448302642917e-04
8.351556322767702970e-04
7.984463834370493290e-04
7.630718241549154686e-04
7.289978019308272989e-04
6.961903269410648926e-04
6.646156109655983364e-04
6.342401042481729187e-04
6.050305303141212832e-04
5.769539187735278022e-04
5.499776361393766315e-04
5.240694146924730146e-04
4.991973794269887951e-04
4.753300731125506182e-04
4.524364795107356052e-04
4.304860447857982234e-04
4.094486971512212737e-04
3.892948647954795204e-04
3.699954921319014442e-04
3.515220544190621383e-04
3.338465707994956160e-04
3.169416158056414514e-04
3.007803293831014181e-04
2.853364254821308312e-04
2.705841992691161648e-04
2.564985330103828698e-04
2.430549006811786813e-04
2.302293713530252964e-04
2.179986114128494763e-04
2.063398856672811498e-04
1.952310573856031340e-04
1.846505873344483721e-04
1.745775318571670374e-04
1.649915400502993950e-04
1.558728500890048461e-04
1.472022847526959280e-04
1.389612462013508915e-04
1.311317100521130965e-04
1.236962188048824592e-04
1.166378746645610362e-04
1.099403318065398120e-04
1.035877881308594668e-04
9.756497654925350648e-05
9.185715584803883166e-05
8.645010116845592402e-05
8.133009414474844329e-05
7.648391273888831472e-05
7.189882080935162088e-05
6.756255745003045981e-05
6.346332613379841920e-05
5.958978369382253925e-05
5.593102917424672171e-05
5.247659258034353600e-05
4.921642355680747711e-05
4.614088002132957298e-05
4.324071677918591783e-05
4.050707414308177382e-05
3.793146658109187080e-05
3.550577141410527567e-05
3.322221758281069756e-05
3.107337450291643600e-05
2.905214102591715299e-05
2.715173452149948917e-05
2.536568009635492617e-05
2.368779996296590057e-05
2.211220297074885526e-05
2.063327431077760469e-05
1.924566540421248297e-05
1.794428398345083276e-05
1.672428437407496535e-05
1.558105798458271022e-05
1.451022401001729902e-05
1.350762035469990417e-05
1.256929477838196399e-05
1.169149626935572728e-05
1.087066664727931143e-05
1.010343239773255158e-05
9.386596739840145061e-06
8.717131927680900379e-06
8.092171785532103380e-06
7.509004476504110974e-06
6.965065503533683628e-06
6.457930941280174720e-06
5.985310896945629097e-06
5.545043197655590112e-06
5.135087301710377485e-06
4.753518430552823293e-06
4.398521918084646965e-06
4.068387773641049243e-06
3.761505454662401355e-06
3.476358844916870890e-06
3.211521433886887764e-06
2.965651692787030755e-06
2.737488642524446095e-06
2.525847608793697328e-06
2.329616159377270554e-06
2.147750218664435985e-06
1.979270354336212022e-06
1.823258231096410532e-06
1.678853226338434639e-06
1.545249202597528395e-06
1.421691431657254815e-06
1.307473665204195345e-06
1.201935346933057382e-06
1.104458961070704243e-06
1.014467512333277691e-06
9.314221323808808748e-07
8.548198079393017438e-07
7.841912257915583041e-07
7.190987299815507481e-07
6.591343866144860621e-07
6.039181517884895639e-07
5.530961382317187958e-07
5.063389764144162271e-07
4.633402659180109468e-07
4.238151130320306037e-07
3.874987506409600097e-07
3.541452365535985608e-07
3.235262266082704073e-07
2.954298189378276470e-07
2.696594659473181663e-07
2.460329506561759838e-07
2.243814241783675417e-07
2.045485012470791969e-07
1.863894107598127411e-07
1.697701985188854164e-07
1.545669793752272711e-07
1.406652361249726754e-07
1.279591626586742271e-07
1.163510488905027140e-07
1.057507051796558275e-07
9.607492400221417783e-08
8.724697676883211862e-08
7.919614375871206000e-08
7.185727525367160863e-08
6.517038202112530933e-08
5.908025342453970420e-08
5.353610148432698014e-08
4.849122932521634542e-08
4.390272251471554839e-08
3.973116186349138828e-08
3.594035637251351352e-08
3.249709502780577251e-08
2.937091625648312999e-08
2.653389391168597639e-08
2.396043869410986857e-08
2.162711403177506026e-08
1.951246542510404394e-08
1.759686238891157555e-08
1.586235212763904383e-08
1.429252415924360837e-08
1.287238512425849559e-08
1.158824309112176197e-08
1.042760069171077270e-08
9.379056463960995332e-09
8.432213829477151214e-09
7.577597154345720624e-09
6.806574389486587514e-09
6.111285809503048960e-09
5.484578412560161474e-09
4.919945553714338303e-09
4.411471436022517401e-09
3.953780091396248363e-09
3.541988509630355595e-09
3.171663610767410959e-09
2.838782756088309499e-09
2.539697542526715856e-09
2.271100606864049289e-09
2.029995216715139256e-09
1.813667432106688122e-09
1.619660624163620065e-09
1.445752176159934246e-09
1.289932176955058316e-09
1.150383961525866547e-09
1.025466341012930645e-09
9.136973810768623618e-10
8.137396103468220906e-10
7.243865321810277083e-10
6.445503348969307683e-10
5.732507036459000617e-10
5.096046330111233649e-10
4.528171607666038066e-10
4.021729434018364494e-10
3.570286014694752688e-10
3.168057671186116593e-10
2.809847714001624668e-10
2.490989185514052205e-10
2.207292964879503576e-10
1.955000683986030706e-10
1.730742153645966441e-10
1.531496706645024258e-10
1.354558371581253815e-10
1.197504232032466956e-10
1.058165966541887661e-10
9.346039950218575449e-11
8.250842751580567165e-11
7.280572623616029099e-11
6.421389708838734830e-11
5.660939370273935833e-11
4.988197833858025438e-11
4.393334319212142265e-11
3.867585752466568467e-11
3.403145269084617973e-11
2.993061092322932616e-11
2.631145881783833041e-11
2.311895818244613490e-11
2.030417128277036528e-11
1.782360890164916105e-11
1.563864607518867631e-11
1.371498885682560972e-11
1.202221023305960810e-11
1.053332237239745468e-11
9.224405728408190340e-12
8.074266097669731903e-12
7.064135764470859799e-12
6.177405459748449361e-12
5.399380223223159993e-12
4.717068425079221237e-12
4.118988804463731254e-12
3.595000392603101918e-12
3.136150417369968055e-12
2.734538102207525630e-12
2.383198042823295650e-12
2.075989248746478760e-12
1.807499287638081925e-12
1.572966607774977910e-12
1.368196156777148885e-12
1.189501498194045395e-12
1.033638656963352460e-12
8.977579959535043977e-13
7.793567956361270850e-13
6.762381561925547705e-13
5.864744325392635315e-13
5.083747016844499913e-13
4.404576412436396907e-13
3.814255114782156627e-13
3.301409230894153126e-13
2.856104506394878982e-13
2.469629385932945911e-13
2.134396648694068169e-13
1.843742893548972172e-13
1.591871759444784092e-13
1.373728528170199991e-13
1.184885238606019885e-13
1.021484506813591192e-13
8.801756093128452647e-14
7.580368767642430945e-14
6.525124190319676109e-14
5.613999110550550399e-14
4.827631431649694457e-14
4.149300426368160791e-14
3.564494079220084185e-14
3.060546071229838728e-14
2.626541841121580290e-14
2.252937682061916258e-14
1.931458262903643667e-14
1.654975945825077534e-14
1.417366388419675041e-14
1.213258397655761581e-14
1.038015210709856336e-14
8.876549698214681849e-15
7.586394915779216788e-15
6.480485150432472286e-15
5.533038015419753712e-15
4.721482344251975198e-15
4.027011618083973256e-15
3.432520952121544610e-15
2.924973122537188982e-15
2.490781948924933516e-15
2.119883826097742298e-15
1.803254711508141720e-15
1.533158781268701398e-15
1.302685003422459218e-15
1.106151297251916065e-15
9.389795128637747403e-16
7.964215967913745717e-16
6.752983941929584553e-16
5.724230826393346064e-16
4.848859273992224474e-16
4.104235980514882850e-16
3.472226269603567420e-16
2.935966383808263511e-16
2.479892789588925807e-16
2.093170042901007327e-16
1.766905892262379023e-16
1.491320917053601586e-16
1.255411469399083187e-16
1.056115658692148993e-16
8.905446334002135526e-17
7.493168357379177902e-17
6.301060734976351275e-17
5.279825347640113748e-17
4.432353091501216764e-17
3.736023534089051153e-17
3.141322074173658690e-17
2.633273990879754802e-17
2.221577008037914622e-17
1.865021777869738977e-17
1.571999772122481501e-17
1.309630198440410663e-17
1.099537157093636026e-17
9.162607457873312601e-18
7.479541616856176773e-18
6.465695472134887597e-18
5.463999798134809561e-18
4.540602026996875645e-18
3.952105207377635831e-18
3.335577777120178449e-18
2.609259091261675345e-18
2.358252058670451628e-18
2.000237068724937674e-18
1.696563411836546425e-18
1.324510192540585351e-18
1.251773292498752786e-18
1.043678357256392057e-18
9.247659422002873519e-19
6.872089098509542862e-19
5.655114774853355154e-19
6.005222345396500666e-19
4.925141861781777397e-19
5.203949969674071894e-19
3.672600042493325798e-19
3.709709723526592467e-19
7.034148217245015075e-20
2.931372119167654436e-19
2.007285297285770744e-19
4.133618290904279751e-19
2.574351184570529492e-19
9.770690567091608302e-20
3.343927742570589207e-20
2.036308477893718777e-19
0.000000000000000000e+00
1.300496813072467894e-19
1.660266374902170496e-19
2.289963927155087947e-19
5.413596224929440787e-20
8.567732432601555325e-20
8.457537838096206140e-20
1.431081996918289270e-19
2.743213662333427497e-19
2.052500362986968993e-19
0.000000000000000000e+00
2.271405395997504259e-19
1.952983837366838596e-19
9.817124332834436943e-20
1.106761278045564174e-19
2.049517510105393691e-19
2.814416996300949851e-19
2.037228666253279027e-19
3.852836310414492906e-20
1.281896874135157976e-20
1.307511141440309366e-19
1.451764197464352711e-19
0.000000000000000000e+00
1.604248952941334953e-19
8.782019778964582881e-20
7.431824656317809544e-20
7.098291663371208340e-20
1.306246123988147845e-19
0.000000000000000000e+00
1.245678044788849824e-19
7.590373108296387683e-20
0.000000000000000000e+00
1.206244778821845959e-19
1.640049228081637664e-19
2.327975866520411820e-19
2.137276638137688487e-19
8.848571534735634085e-20
3.434060036974406041e-19
1.102710620612921511e-19
7.306772704455341030e-20
1.273581766111544481e-19
0.000000000000000000e+00
0.000000000000000000e+00
5.701601129584766210e-20
9.034741883307190267e-20
0.000000000000000000e+00
1.159777817730778430e-19
3.116899736414949583e-19
1.905903903085900936e-19
2.037506560868003716e-19
2.179447771211088020e-20
5.808987005631014184e-20
5.852614190868789687e-20
1.802281587172095104e-19
7.677928427933153865e-20
6.057394919866059080e-20
1.183552125738404742e-19
0.000000000000000000e+00
0.000000000000000000e+00
3.255013536814530459e-19
3.497336818600778280e-20
0.000000000000000000e+00
4.991239726544580272e-20
1.129138206061946370e-19
6.072113906462234429e-20
1.748703905800089433e-19
1.001589990869756214e-19
2.866105554490996601e-20
0.000000000000000000e+00
0.000000000000000000e+00
0.000000000000000000e+00
0.000000000000000000e+00
1.023716698795579876e-19
5.206436724619627631e-20
4.399046863757382638e-20
0.000000000000000000e+00
1.297535560947342147e-19
5.344857528472087053e-20
4.142645832803345020e-20
6.930144783586251927e-20
1.348889347392787150e-19
8.284029910105034037e-20
0.000000000000000000e+00
3.722206156212791851e-19
1.478747235576164090e-19
1.174863687436679577e-19
2.047875218094090289e-19
1.875816083014176678e-19
6.365606612060474945e-20
4.615463723914238251e-20
7.364725376841423922e-20
4.757314094169813400e-20
4.282310254781402425e-20
1.335306422682400391e-19
1.162308213401111157e-19
2.057417542819887775e-19
6.602942402096357368e-20
1.692389193866862591e-19
1.223284161821218492e-19
5.520227242077126141e-20
4.562378787477659520e-20
4.362306390946509422e-20
4.277422113753121403e-20
2.259240241160322713e-19
1.903385474069795686e-19
6.048976390100926227e-20
2.913586396264870686e-19
7.835421908996800637e-20
8.124430094563151192e-20
2.656039422468622697e-19
1.375292710695732617e-19
2.134830327642769960e-19
1.631488261136757120e-19
0.000000000000000000e+00
1.089495633380398179e-19
1.491170869805024950e-19
2.164035628223344473e-21
1.699973189113789181e-19
2.798198745777849938e-19
2.018598971977250619e-20
0.000000000000000000e+00
7.767185537716519718e-20
5.391992066453433852e-20
2.334616199765149821e-19
3.184374632837131876e-19
2.517564286915914850e-20
0.000000000000000000e+00
1.088373415874466133e-19
8.819395089142019466e-20
2.088830338487386727e-19
1.015452456989030816e-19
5.833454438434825936e-20
8.189132729164046636e-20
5.433730183592930218e-20
1.414770848272196904e-19
6.068803752572748669e-20
1.932033615708880212e-20
1.058319516005377462e-19
1.456032388219291294e-19
0.000000000000000000e+00
0.000000000000000000e+00
1.029770637580119189e-19
0.000000000000000000e+00
1.633960898404845705e-19
5.699900277853682880e-20
0.000000000000000000e+00
0.000000000000000000e+00
0.000000000000000000e+00
0.000000000000000000e+00
0.000000000000000000e+00
9.459085389242102545e-20
4.160945559500973784e-20
3.473710508180003149e-20
1.554038850137882869e-19
4.703053160974885819e-20
0.000000000000000000e+00
1.523159283566995127e-19
4.176649447852951632e-20
3.183593186674763628e-20
1.216082962087833593e-19
1.629518379274688959e-19
4.552604990943280938e-20
1.189810727282390087e-21
2.756503075057747473e-20
1.810377472921213870e-19
1.379661624899466379e-19
0.000000000000000000e+00
8.966763158951945236e-20
3.536285377461894847e-20
3.354080837937686613e-19
6.430662784325996615e-20
2.497299790268588795e-19
2.577239673106350782e-20
0.000000000000000000e+00
2.134006502829477544e-19
0.000000000000000000e+00
3.198774881464816291e-20
1.541718442798432998e-19
1.034803215362540338e-19
1.014719886237473606e-19
1.626350515818974205e-19
3.537102977892746209e-19
2.541946923580211167e-19
6.202517358181487348e-20
0.000000000000000000e+00
0.000000000000000000e+00
2.796052236051454016e-19
1.558045528348281691e-19
1.141296871286092143e-19
2.931281423635652364e-19
6.982657167951685786e-21
1.947227989380284037e-19
8.904252250553319314e-20
2.016234511800181404e-19
0.000000000000000000e+00
1.033489268731238202e-19
7.973893391229007713e-20
4.728849923996853101e-20
0.000000000000000000e+00
3.913277157848019778e-20
2.852284223538585492e-19
1.888533242694012776e-19
0.000000000000000000e+00
0.000000000000000000e+00
1.610536124862502186e-19
0.000000000000000000e+00
0.000000000000000000e+00
1.899669159063158615e-19
1.460090604502253587e-19
0.000000000000000000e+00
9.882294458733508557e-20
1.664235881946394757e-19
1.122060939953020895e-19
0.000000000000000000e+00
0.000000000000000000e+00
3.436055417767985215e-20
2.800746600815841361e-19
5.976800014017330714e-20
1.309533444156749297e-19
4.544062582197434648e-20
3.651729237626002722e-20
6.527296868176957920e-20
3.738452228925927117e-20
6.422249559980187432e-20
6.668622162032857738e-20
1.278265963664645173e-19
1.026800749466661506e-19
8.109586456157386956e-21
0.000000000000000000e+00
2.857802634945557666e-20
2.880526940801164726e-20
8.931519877797298633e-20
2.170936086273135021e-19
7.650191712355237819e-20
3.383133420225627492e-20
1.508634734792888206e-19
1.921483192288753370e-19
0.000000000000000000e+00
2.819858096062510797e-20
5.803682655957916807e-20
1.221255880481704656e-19
6.662953410480487290e-20
9.259085882704224960e-20
9.407734836343244184e-20
0.000000000000000000e+00
0.000000000000000000e+00
8.545683427964801353e-20
1.221331476581018547e-19
3.411684787193924890e-20
5.648139697195984425e-20
2.766483116467973194e-20
2.999077429802226368e-19
4.893477916475007367e-20
0.000000000000000000e+00
1.463716521830168577e-19
1.883579653534123551e-19
4.010755783011425759e-20
2.734832690856145270e-20
2.397568199158956251e-19
0.000000000000000000e+00
0.000000000000000000e+00
2.999832317127483911e-19
8.011037344258219923e-20
3.287170677229858041e-20
1.806212290699491823e-19
2.239701072230450847e-19
1.651067216252180556e-19
4.086103584455145965e-20
3.039267386756494236e-20
1.205921672543013434e-19
2.202406204181632100e-19
2.292781712756624420e-19
2.620900759651647476e-19
2.661861408099529057e-19
0.000000000000000000e+00
3.415158634248752021e-20
1.867069730851332041e-19
0.000000000000000000e+00
3.090409866380000402e-19
0.000000000000000000e+00
1.576943372792623824e-19
0.000000000000000000e+00
2.175628518346230650e-19
2.635355949711578264e-19
1.769475457283907887e-19
0.000000000000000000e+00
1.583359974870096129e-19
1.069309176583524856e-19
1.646342257504942416e-19
2.916740803414921280e-19
1.493812766897866072e-19
1.703660463138933709e-19
4.897717035098556857e-20
3.944025268721047034e-20
3.762020410268269791e-20
3.664703281972954402e-20
1.276504461886873716e-19
0.000000000000000000e+00
1.256892536417724529e-19
4.093139168320512311e-20
2.177922698913596432e-19
0.000000000000000000e+00
0.000000000000000000e+00
1.221829818724941662e-19
3.759983134442197447e-20
9.210543409044412039e-20
0.000000000000000000e+00
5.846981876499894750e-20
3.013323369450790011e-20
2.693854333195215750e-20
5.631684616087740880e-20
2.742228671787073811e-20
2.387316763067972112e-19
0.000000000000000000e+00
2.426299039538099535e-20
0.000000000000000000e+00
2.663573867510680493e-19
8.599788223864738659e-21
5.347962403075585105e-20
1.161242690538804142e-19
2.121143309123383899e-19
0.000000000000000000e+00
1.754123829453673855e-19
1.551158718873485914e-19
2.157964525810758921e-19
0.000000000000000000e+00
1.154859118441677740e-19
2.962318170421334112e-20
5.430636212131513102e-20
0.000000000000000000e+00
2.148196197443366295e-20
3.583488300239510102e-19
4.445714985160215304e-20
8.657621355478027813e-20
2.692184947004423047e-20
0.000000000000000000e+00
5.156216670759577623e-20
0.000000000000000000e+00
2.344699865659549262e-19
3.449010529255621410e-20
8.360636979030834306e-20
2.084263240007390951e-19
2.474815371446127429e-19
3.688645104747422588e-20
8.515307821738598071e-20
5.503828083431964413e-20
2.420998821925834022e-20
0.000000000000000000e+00
1.996301167080811540e-20
1.982797449492372156e-20
1.723924679276797323e-19
5.926535042352733305e-20
1.449875041981862070e-19
8.828021699073133983e-20
1.463680531772819664e-19
2.555829608588399292e-20
2.648737120900442689e-19
1.855534045179748682e-19
3.085713887232628584e-20
1.134355886783866765e-19
2.405306537234971131e-19
0.000000000000000000e+00
5.223688509195481979e-20
8.429030624155937424e-20
2.439974119010036036e-20
2.964462538088712749e-19
0.000000000000000000e+00
0.000000000000000000e+00
1.991756764941485076e-20
1.972814464604856455e-20
0.000000000000000000e+00
1.710772435403123119e-19
1.494476572592959281e-19
0.000000000000000000e+00
7.973463975945967316e-20
0.000000000000000000e+00
1.721913183187835741e-20
0.000000000000000000e+00
4.626436652376381854e-20
0.000000000000000000e+00
1.065836986861143766e-19
1.967593085095090670e-20
0.000000000000000000e+00
1.052201049792808294e-19
1.833295272944867100e-20
1.355448988320997990e-20
7.383076286329942842e-20
0.000000000000000000e+00
1.033790484167553934e-19
1.631536798950104620e-20
1.342474882635681169e-19
0.000000000000000000e+00
0.000000000000000000e+00
2.248345798784107203e-19
2.178202633150618964e-20
1.042413652593997088e-19
1.387147043992837020e-19
1.101875144972295222e-19
0.000000000000000000e+00
1.654140148905024846e-19
1.996055308179613314e-20
0.000000000000000000e+00
7.322574405760680295e-20
1.496608640750299065e-20
0.000000000000000000e+00
1.115404887211242342e-20
1.093745506630345376e-20
1.637124343249020840e-19
1.404953606802060660e-19
1.401525470481792984e-19
0.000000000000000000e+00
1.956785500627577619e-19
0.000000000000000000e+00
0.000000000000000000e+00
1.151242586887174927e-20
1.645478317226127238e-19
1.852603870253430388e-20
0.000000000000000000e+00
0.000000000000000000e+00
0.000000000000000000e+00
1.325725324308953777e-19
0.000000000000000000e+00
1.030215637931973283e-20
9.715779974601279805e-21
9.255793051759845847e-21
1.620232680870646071e-19
1.555456322093479263e-20
7.089606287984056108e-20
2.259944554522670497e-19
1.719467285572652805e-19
7.894064693987760407e-20
7.413504440936858459e-20
1.348558889097799902e-20
1.028333566806396506e-19
1.371691764425161570e-19
1.642460988057976540e-20
1.341907452072851912e-19
4.685544742532014426e-20
1.325924182724984108e-20
2.870791967930079998e-19
3.903383833706113954e-19
2.127101281902818636e-19
0.000000000000000000e+00
1.546253615436280812e-20
7.618847632871949526e-20
2.009319559696493260e-19
5.298939237314139839e-20
1.705723494995646818e-19
1.134700778771852084e-19
5.055365060595355668e-20
2.625667865076160344e-19
0.000000000000000000e+00
1.085134291515372598e-19
0.000000000000000000e+00
4.624430790907229778e-20
1.645305950961729815e-20
0.000000000000000000e+00
1.362126506175433240e-19
0.000000000000000000e+00
1.664583181563088640e-19
2.022739173602162175e-19
2.040736748864843381e-19
2.353245815435983807e-19
3.289762772648811344e-19
0.000000000000000000e+00
1.650635312290956784e-20
2.913584915099794413e-19
0.000000000000000000e+00
1.695885075036344601e-19
2.110490158225711741e-20
1.619632631355633342e-20
4.582970989839186862e-20
2.609007019816400194e-19
1.442291548262410160e-19
0.000000000000000000e+00
1.063503276333392871e-19
0.000000000000000000e+00
1.973609704222576396e-19
1.110067491088734710e-19
2.620078076196194897e-19
2.161345069236726953e-20
0.000000000000000000e+00
0.000000000000000000e+00
1.349432129302771977e-19
1.589475615968355346e-20
1.347856592543917258e-19
7.653391073645533222e-20
4.420647413485005089e-20
0.000000000000000000e+00
4.116966258140945516e-20
4.172342753679390228e-20
2.252361258109981694e-19
1.586636414371132692e-20
1.940878233986113982e-19
2.599995136853425892e-19
1.400938711385638194e-19
1.374148779411354492e-19
3.510455048880218349e-19
0.000000000000000000e+00
1.659438683458770876e-19
2.308946345588999970e-19
1.413087688427844106e-19
1.394314688428059198e-19
4.747239746712436169e-20
1.370359475459007961e-19
1.082731122616592766e-19
0.000000000000000000e+00
3.191193086053956946e-19
1.735950570936993395e-19
0.000000000000000000e+00
1.970781644926427573e-19
4.156947213060215745e-19
2.357447269460695807e-20
1.987401390484492032e-19
1.409578384098844948e-19
1.398837860892989723e-19
1.397327816187164443e-19
1.705885118441139432e-20
2.589927267510770248e-19
8.028100046637722556e-20
1.526199071057043847e-20
2.275388226897167618e-19
0.000000000000000000e+00
0.000000000000000000e+00
2.872327450814343428e-19
1.725039315867208815e-20
2.875303427046640423e-19
0.000000000000000000e+00
2.872166602674067186e-19
1.678767256825470737e-20
1.954038129659257422e-19
4.526799482825032761e-20
4.713677177370024172e-19
5.092445980628846384e-20
0.000000000000000000e+00
0.000000000000000000e+00
0.000000000000000000e+00
9.761865892577623985e-21
9.121147275868241644e-21
8.393677540795819054e-21
2.527999970650246240e-19
0.000000000000000000e+00
3.823773904636596198e-20
0.000000000000000000e+00
0.000000000000000000e+00
5.765212335958644421e-21
9.719343770638793987e-20
6.780457336673578118e-20
5.924229720952920539e-21
4.598996246048947267e-21
4.128512196241635917e-21
3.732920961927877606e-21
1.872034215833511263e-19
9.812177288584614183e-20
1.584646618775070710e-19
0.000000000000000000e+00
1.572902708188800446e-19
9.823442530950298283e-20
2.509384686556329449e-19
1.921495396797896243e-19
6.942547938747638493e-20
1.288068079938172923e-19
9.923611340305369917e-20
7.094072635482629739e-21
1.282219374153469752e-19
7.018537865261899051e-21
3.424115422859538084e-19
3.161254961733126605e-19
1.033702785706261231e-20
3.742813747319524128e-20
3.731829705584092539e-20
6.765218431395397649e-20
1.595576123977619185e-19
0.000000000000000000e+00
0.000000000000000000e+00
2.805420768144543261e-19
0.000000000000000000e+00
0.000000000000000000e+00
9.628680877475690199e-20
0.000000000000000000e+00
5.247493010425656167e-19
9.370920690551764678e-21
3.574803833016900407e-20
4.901473506108389362e-21
4.250521943057454082e-21
1.263810071819063587e-19
4.659464039541817441e-21
1.566336491853981111e-19
4.526248576625793717e-21
0.000000000000000000e+00
2.745405974388554970e-21
0.000000000000000000e+00
2.059039370157266222e-21
9.367835636346439359e-20
1.248665497026878667e-19
6.387545515895198202e-20
2.229181405647288997e-21
6.297067362523919062e-20
1.952896630843904575e-21
0.000000000000000000e+00
1.544491266267924525e-19
2.188570547930482564e-21
1.239145400159760483e-19
0.000000000000000000e+00
3.189880374122438387e-20
1.545055971857995966e-19
1.551706101593158314e-19
2.194617266343762247e-21
0.000000000000000000e+00
1.544880819636635326e-19
1.551165695512208516e-19
2.778402351896500263e-19
2.172916164235554558e-19
0.000000000000000000e+00
1.552677295061781411e-19
2.475127186715479509e-19
1.559279190364398828e-19
1.863247621348367770e-19
2.481038806346589367e-21
9.368247202086919385e-20
1.242336485590621083e-19
1.239970719645061298e-19
0.000000000000000000e+00
8.570680734091745600e-22
1.537840200745907173e-19
0.000000000000000000e+00
3.850650084270510062e-22
6.150425796522640021e-20
1.840367460848241409e-19
2.453674156249555824e-19
1.849487665039417504e-23
2.958620271463548799e-24
4.536596869358933038e-25
6.378049585733733708e-26
8.224067288233847098e-27
9.375832380340131016e-28
9.472857709866454279e-29
8.706673811002273873e-30
7.657734731161846923e-31
6.841476221706394129e-32
6.534948143303047555e-33
6.705848154590991250e-34
7.313033650421532302e-35
8.425704141137677211e-36
1.014296520009003506e-36
1.258615388171190683e-37
1.583860615241651888e-38
1.979504403569744609e-39
2.423305617862893040e-40
2.892710835826873971e-41
3.378665122106639106e-42
3.886702345323494581e-43
4.423825919954162032e-44
4.981696740274252906e-45
5.529264552280973317e-46
6.021603368145750699e-47
6.420966369485489553e-48
6.719006882141853523e-49
6.950938527944745717e-50
7.198806975170967804e-51
7.584761242934327987e-52
8.255280134008842299e-53
9.357786478824879271e-54
1.101415759563618507e-54
1.329887220086572466e-55
1.622927460063383220e-56
1.977110305136046184e-57
2.385692646472433227e-58
2.841135697605629462e-59
3.337541854252592481e-60
3.872257241645588445e-61
4.446068237261646617e-62
5.061833540025951578e-63
5.721995829772909433e-64
6.425956896175814413e-65
7.168459189150729457e-66
7.939765730246418492e-67
8.727755689013339396e-68
9.521428002678645303e-69
1.031501441787683517e-69
1.111195487777153232e-70
1.192816365382184328e-71
1.279408933309609244e-72
1.375501437889651404e-73
1.486903384741649701e-74
1.620243395509447609e-75
1.782283375673157973e-76
1.979126455268762037e-77
2.215496505789253637e-78
2.494272161108247672e-79
2.816397592830721588e-80
3.181185382712477142e-81
3.586912550940849258e-82
4.031527727331256294e-83
4.513258511897157688e-84
5.030936871612683800e-85
5.583937343054303654e-86
6.171732536197696750e-87
6.793194154271739988e-88
7.445880340527758285e-89
8.125618826063563281e-90
8.826686192118801196e-91
9.542776548448870841e-92
1.026875778802136533e-92
1.100297590186590947e-93
1.174965876307613741e-94
1.252086255921623619e-95
1.333744218352506580e-96
1.422871203215302425e-97
1.523075126334580858e-98
1.638362455701856265e-99
1.772805898889525288e-100
1.930228145907808882e-101
2.113975100751394606e-102
2.326841821971851858e-103
2.571193376178096894e-104
2.849294566386827738e-105
3.163830965049520728e-106
3.518572695017873672e-107
3.919105541026808848e-108
4.373534558839009214e-109
4.893056434726183958e-110
5.492301103613155553e-111
6.189362489544499288e-112
7.005473227562370412e-113
7.964327129829242089e-114
9.091111124358438884e-115
1.041136712523199613e-115
1.194985270530375118e-116
1.372959558189514160e-117
1.577133092362218542e-118
1.809346783320842470e-119
2.071265546932017043e-120
2.364492233766857771e-121
2.690726389357981464e-122
3.051947714394525549e-123
3.450600853110946739e-124
3.889760840792682123e-125
4.373267591395220197e-126
4.905832205268987195e-127
5.493135219379437317e-128
6.141953680529788458e-129
6.860365993544275897e-130
7.658086937222484542e-131
8.546977066587054109e-132
9.541749632974777654e-133
1.066086505829815759e-133
1.192756119375893749e-134
1.337092257082067244e-135
1.502685071641391074e-136
1.693876813831340008e-137
1.915787808749272244e-138
2.174281622555759200e-139
2.475857151032201028e-140
2.827462082349585521e-141
3.236230981085725372e-142
3.709161192991106585e-143
4.252749678496462535e-144
4.872622424434367173e-145
5.573194019032023526e-146
6.357397359648852109e-147
7.226521815754008586e-148
8.180192572243629266e-149
9.216514971096851401e-150
1.033239655283427053e-150
1.152404755500096118e-151
1.278764929707892219e-152
1.412017045952829711e-153
1.552030470805944301e-154
1.698949994021521145e-155
1.853304967771962820e-156
2.016122037883013996e-157
2.189039390115932571e-158
2.374421091973931020e-159
2.575470752392809557e-160
2.796344212351899563e-161
3.042261185675853865e-162
3.319615572322976814e-163
3.636083476166815832e-164
4.000726730685735295e-165
4.424087986757116954e-166
4.918271243450765363e-167
5.496999292224828904e-168
6.175637177748750394e-169
6.971168821173227672e-170
7.902112836694268229e-171
8.988363767390164585e-172
1.025094693382130288e-172
1.171167923905314532e-173
1.339273491497090639e-174
1.531612448245617777e-175
1.750310708392887746e-176
1.997357052980936144e-177
2.274542928196576518e-178
2.583410724637927822e-179
2.925218838591245404e-180
3.300933218326094818e-181
3.711256100579538156e-182
4.156703041814169139e-183
4.637738944982074280e-184
5.154982400249724851e-185
5.709485173834841374e-186
6.303090047194906838e-187
6.938865484746364933e-188
7.621609964343695213e-189
8.358412535333018887e-190
9.159249683708158070e-191
1.003759238778350620e-191
1.101099191003579432e-192
1.210160898416482305e-193
1.333664919085253248e-194
1.474866796891852989e-195
1.637571225784275716e-196
1.826127242546896071e-197
2.045402791211551268e-198
2.300738270299232227e-199
2.597880187017175128e-200
2.942897731804241157e-201
3.342086863515273350e-202
3.801868256399500692e-203
4.328687093608280268e-204
4.928924088504972510e-205
5.608828176194775645e-206
6.374481966095467394e-207
7.231811233579639121e-208
8.186649440061873607e-209
9.244867526332498769e-210
1.041257807439876449e-210
1.169642145277107365e-211
1.310393983583157907e-212
1.464404310766095324e-213
1.632756870416133366e-214
1.816793548096326562e-215
2.018188977367625125e-216
2.239033999554514109e-217
2.481927446551416071e-218
2.750075578469551013e-219
3.047398414730901928e-220
3.378642172101197575e-221
3.749497096884308818e-222
4.166720186520159373e-223
4.638262673414743557e-224
5.173402718779605591e-225
5.782884547722940398e-226
6.479066233531578405e-227
7.276079458566476124e-228
8.190005750203612920e-229
9.239074780080273727e-230
1.044389115532941741e-230
1.182769653095671200e-231
1.341667364033330384e-232
1.524029780661665369e-233
1.733173954417031108e-234
1.972831894754455923e-235
2.247200876100400040e-236
2.560997850734783457e-237
2.919516713883461408e-238
3.328686678266104562e-239
3.795129581928247974e-240
4.326213636309246497e-241
4.930100986831966726e-242
5.615786572850995355e-243
6.393126202398870802e-244
7.272852559038801688e-245
8.266579083423412747e-246
9.386793358364796590e-247
1.064684379409328676e-247
1.206092605908587940e-248
1.364407880313625971e-249
1.541220171084279907e-250
1.738211270170304749e-251
1.957166500566818665e-252
2.199994868521875867e-253
2.468760468660624471e-254
2.765728237192699232e-255
3.093427335652453581e-256
3.454735497550879089e-257
3.852987545438037292e-258
4.292110952458530596e-259
4.776790754625069612e-260
5.312665304140205183e-261
5.906553293402510534e-262
6.566711198116236556e-263
7.303118835018918123e-264
8.127789181222047400e-265
9.055097063309968964e-266
1.010211993184572857e-266
1.128898286353754788e-267
1.263919940023305545e-268
1.418000014198336782e-269
1.594264261455290755e-270
1.796269960133416683e-271
2.028033031164680431e-272
2.294055233327715910e-273
2.599355820454234829e-274
2.949517093466422205e-275
3.350763349951579143e-276
3.810113143836592899e-277
4.335686532377448974e-278
4.937334820755035137e-279
5.627936856239919216e-280
6.426068543384190340e-281
7.361495151255581556e-282
8.486453000606425508e-283
9.898773692310908953e-284
1.178916020198328609e-284
1.453755532134298620e-285
1.890894441325511824e-286
2.644981395781921751e-287
4.028799185841024199e-288
6.674028280145461756e-289
1.185314434707153728e-289
2.212147089115224146e-290
4.259282532753407533e-291
8.346406965627525449e-292
1.649915945241404718e-292
3.272622868721364455e-293
6.493018119460067252e-294
1.286293894572908446e-294
2.541785775775354938e-295
5.007203339437352667e-296
9.830333258890132432e-297
1.922989476149248786e-297
3.747775445498632507e-298
7.276612502561161133e-299
1.407425828081724697e-299
2.711751118391608068e-300
5.204667401924441876e-301
9.950563287775657295e-302
1.894993134098924352e-302
3.594738231887655171e-303
6.792368874119493709e-304
1.278393389844356640e-304
2.396580558798743487e-305
4.475060026490139475e-306
8.323003846831797773e-307
1.541809827490461327e-307
2.844763007450818352e-308
5.227824720981391212e-309
9.568649614366853763e-310
1.744335593297556575e-310
3.167044931098338435e-311
5.726881753421333838e-312
1.031375991748704528e-312
1.849888761720006846e-313
3.304448378766356545e-314
5.878574687572532000e-315
1.041501147123770596e-315
1.837625539846526111e-316
3.228930455668966220e-317
5.650144607153412304e-318
9.845888410018113506e-319
1.708577816448198799e-319
2.952536299547289348e-320
5.078994839248014474e-321
8.695555366805939178e-322
1.432790372939614978e-322
1.976262583364986177e-323
0.000000000000000000e+00
0.000000000000000000e+00
0.000000000000000000e+00
0.000000000000000000e+00
0.000000000000000000e+00
0.000000000000000000e+00
0.000000000000000000e+00
0.000000000000000000e+00
0.000000000000000000e+00
0.000000000000000000e+00
0.000000000000000000e+00
0.000000000000000000e+00
0.000000000000000000e+00
0.000000000000000000e+00
0.000000000000000000e+00
0.000000000000000000e+00
0.000000000000000000e+00
0.000000000000000000e+00
0.000000000000000000e+00
0.000000000000000000e+00
0.000000000000000000e+00
0.000000000000000000e+00
0.000000000000000000e+00
0.000000000000000000e+00
0.000000000000000000e+00
0.000000000000000000e+00
0.000000000000000000e+00
0.000000000000000000e+00
0.000000000000000000e+00
0.000000000000000000e+00
0.000000000000000000e+00
0.000000000000000000e+00
0.000000000000000000e+00
0.000000000000000000e+00
0.000000000000000000e+00
0.000000000000000000e+00
0.000000000000000000e+00
0.000000000000000000e+00
0.000000000000000000e+00
0.000000000000000000e+00
0.000000000000000000e+00
0.000000000000000000e+00
0.000000000000000000e+00
0.000000000000000000e+00
0.000000000000000000e+00
0.000000000000000000e+00
0.000000000000000000e+00
0.000000000000000000e+00
0.000000000000000000e+00
0.000000000000000000e+00
0.000000000000000000e+00
0.000000000000000000e+00
0.000000000000000000e+00
0.000000000000000000e+00
0.000000000000000000e+00
0.000000000000000000e+00
0.000000000000000000e+00
0.000000000000000000e+00
0.000000000000000000e+00
0.000000000000000000e+00
0.000000000000000000e+00
0.000000000000000000e+00
0.000000000000000000e+00
0.000000000000000000e+00
0.000000000000000000e+00
0.000000000000000000e+00
0.000000000000000000e+00
0.000000000000000000e+00
0.000000000000000000e+00
0.000000000000000000e+00
0.000000000000000000e+00
0.000000000000000000e+00
0.000000000000000000e+00
0.000000000000000000e+00
0.000000000000000000e+00
0.000000000000000000e+00
0.000000000000000000e+00
0.000000000000000000e+00
0.000000000000000000e+00
0.000000000000000000e+00
0.000000000000000000e+00
0.000000000000000000e+00
0.000000000000000000e+00
0.000000000000000000e+00
0.000000000000000000e+00
0.000000000000000000e+00
0.000000000000000000e+00
0.000000000000000000e+00
0.000000000000000000e+00
0.000000000000000000e+00
0.000000000000000000e+00
0.000000000000000000e+00
0.000000000000000000e+00
0.000000000000000000e+00
0.000000000000000000e+00
0.000000000000000000e+00
0.000000000000000000e+00
0.000000000000000000e+00
0.000000000000000000e+00
0.000000000000000000e+00
0.000000000000000000e+00
0.000000000000000000e+00
0.000000000000000000e+00
0.000000000000000000e+00
0.000000000000000000e+00
0.000000000000000000e+00
0.000000000000000000e+00
0.000000000000000000e+00
0.000000000000000000e+00
0.000000000000000000e+00
0.000000000000000000e+00
0.000000000000000000e+00
0.000000000000000000e+00
0.000000000000000000e+00
0.000000000000000000e+00
0.000000000000000000e+00
0.000000000000000000e+00
0.000000000000000000e+00
0.000000000000000000e+00
0.000000000000000000e+00
0.000000000000000000e+00
0.000000000000000000e+00
0.000000000000000000e+00
0.000000000000000000e+00
0.000000000000000000e+00
0.000000000000000000e+00
0.000000000000000000e+00
0.000000000000000000e+00
0.000000000000000000e+00
0.000000000000000000e+00
0.000000000000000000e+00
0.000000000000000000e+00
0.000000000000000000e+00
0.000000000000000000e+00
0.000000000000000000e+00
0.000000000000000000e+00
0.000000000000000000e+00
0.000000000000000000e+00
0.000000000000000000e+00
0.000000000000000000e+00
0.000000000000000000e+00
0.000000000000000000e+00
0.000000000000000000e+00
0.000000000000000000e+00
0.000000000000000000e+00
0.000000000000000000e+00
0.000000000000000000e+00
0.000000000000000000e+00
0.000000000000000000e+00
0.000000000000000000e+00
0.000000000000000000e+00
0.000000000000000000e+00
0.000000000000000000e+00
0.000000000000000000e+00
0.000000000000000000e+00
0.000000000000000000e+00
0.000000000000000000e+00
0.000000000000000000e+00
0.000000000000000000e+00
0.000000000000000000e+00
0.000000000000000000e+00
0.000000000000000000e+00
0.000000000000000000e+00
0.000000000000000000e+00
0.000000000000000000e+00
0.000000000000000000e+00
0.000000000000000000e+00
0.000000000000000000e+00
0.000000000000000000e+00
0.000000000000000000e+00
0.000000000000000000e+00
0.000000000000000000e+00
0.000000000000000000e+00
0.000000000000000000e+00
0.000000000000000000e+00
0.000000000000000000e+00
0.000000000000000000e+00
0.000000000000000000e+00
0.000000000000000000e+00
0.000000000000000000e+00
0.000000000000000000e+00
0.000000000000000000e+00
0.000000000000000000e+00
0.000000000000000000e+00
0.000000000000000000e+00
0.000000000000000000e+00
0.000000000000000000e+00
0.000000000000000000e+00
0.000000000000000000e+00
0.000000000000000000e+00
0.000000000000000000e+00
0.000000000000000000e+00
0.000000000000000000e+00
0.000000000000000000e+00
0.000000000000000000e+00
0.000000000000000000e+00
0.000000000000000000e+00
0.000000000000000000e+00
0.000000000000000000e+00
0.000000000000000000e+00
0.000000000000000000e+00
0.000000000000000000e+00
0.000000000000000000e+00
0.000000000000000000e+00
0.000000000000000000e+00
0.000000000000000000e+00
0.000000000000000000e+00
0.000000000000000000e+00
0.000000000000000000e+00
0.000000000000000000e+00
0.000000000000000000e+00
0.000000000000000000e+00
0.000000000000000000e+00
0.000000000000000000e+00
0.000000000000000000e+00
0.000000000000000000e+00
0.000000000000000000e+00
0.000000000000000000e+00
0.000000000000000000e+00
0.000000000000000000e+00
0.000000000000000000e+00
0.000000000000000000e+00
0.000000000000000000e+00
0.000000000000000000e+00
0.000000000000000000e+00
0.000000000000000000e+00
0.000000000000000000e+00
0.000000000000000000e+00
0.000000000000000000e+00
0.000000000000000000e+00
0.000000000000000000e+00
0.000000000000000000e+00
0.000000000000000000e+00
0.000000000000000000e+00
0.000000000000000000e+00
0.000000000000000000e+00
0.000000000000000000e+00
0.000000000000000000e+00
0.000000000000000000e+00
0.000000000000000000e+00
0.000000000000000000e+00
0.000000000000000000e+00
0.000000000000000000e+00
0.000000000000000000e+00
0.000000000000000000e+00
0.000000000000000000e+00
0.000000000000000000e+00
0.000000000000000000e+00
0.000000000000000000e+00
0.000000000000000000e+00
0.000000000000000000e+00
0.000000000000000000e+00
0.000000000000000000e+00
0.000000000000000000e+00
0.000000000000000000e+00
0.000000000000000000e+00
0.000000000000000000e+00
0.000000000000000000e+00
0.000000000000000000e+00
0.000000000000000000e+00
0.000000000000000000e+00
0.000000000000000000e+00
0.000000000000000000e+00
0.000000000000000000e+00
0.000000000000000000e+00
0.000000000000000000e+00
0.000000000000000000e+00
0.000000000000000000e+00
0.000000000000000000e+00
0.000000000000000000e+00
0.000000000000000000e+00
0.000000000000000000e+00
0.000000000000000000e+00
0.000000000000000000e+00
0.000000000000000000e+00
0.000000000000000000e+00
0.000000000000000000e+00
0.000000000000000000e+00
0.000000000000000000e+00
0.000000000000000000e+00
0.000000000000000000e+00
0.000000000000000000e+00
0.000000000000000000e+00
0.000000000000000000e+00
0.000000000000000000e+00
0.000000000000000000e+00
0.000000000000000000e+00
0.000000000000000000e+00
0.000000000000000000e+00
0.000000000000000000e+00
0.000000000000000000e+00
0.000000000000000000e+00
0.000000000000000000e+00
0.000000000000000000e+00
0.000000000000000000e+00
0.000000000000000000e+00
0.000000000000000000e+00
0.000000000000000000e+00
0.000000000000000000e+00
0.000000000000000000e+00
0.000000000000000000e+00
0.000000000000000000e+00
0.000000000000000000e+00
0.000000000000000000e+00
0.000000000000000000e+00
0.000000000000000000e+00
0.000000000000000000e+00
0.000000000000000000e+00
0.000000000000000000e+00
0.000000000000000000e+00
0.000000000000000000e+00
0.000000000000000000e+00
0.000000000000000000e+00
0.000000000000000000e+00
0.000000000000000000e+00
0.000000000000000000e+00
0.000000000000000000e+00
0.000000000000000000e+00
0.000000000000000000e+00
0.000000000000000000e+00
0.000000000000000000e+00
0.000000000000000000e+00
0.000000000000000000e+00
0.000000000000000000e+00
0.000000000000000000e+00
0.000000000000000000e+00
0.000000000000000000e+00
0.000000000000000000e+00
0.000000000000000000e+00
0.000000000000000000e+00
0.000000000000000000e+00
0.000000000000000000e+00
0.000000000000000000e+00
0.000000000000000000e+00
0.000000000000000000e+00
0.000000000000000000e+00
0.000000000000000000e+00
0.000000000000000000e+00
0.000000000000000000e+00
0.000000000000000000e+00
0.000000000000000000e+00
0.000000000000000000e+00
0.000000000000000000e+00
0.000000000000000000e+00
0.000000000000000000e+00
0.000000000000000000e+00
0.000000000000000000e+00
0.000000000000000000e+00
0.000000000000000000e+00
0.000000000000000000e+00
0.000000000000000000e+00
0.000000000000000000e+00
0.000000000000000000e+00
0.000000000000000000e+00
0.000000000000000000e+00
0.000000000000000000e+00
0.000000000000000000e+00
0.000000000000000000e+00
0.000000000000000000e+00
0.000000000000000000e+00
0.000000000000000000e+00
0.000000000000000000e+00
0.000000000000000000e+00
0.000000000000000000e+00
0.000000000000000000e+00
0.000000000000000000e+00
0.000000000000000000e+00
0.000000000000000000e+00
0.000000000000000000e+00
0.000000000000000000e+00
0.000000000000000000e+00
0.000000000000000000e+00
0.000000000000000000e+00
0.000000000000000000e+00
0.000000000000000000e+00
0.000000000000000000e+00
0.000000000000000000e+00
0.000000000000000000e+00
0.000000000000000000e+00
0.000000000000000000e+00
0.000000000000000000e+00
0.000000000000000000e+00
0.000000000000000000e+00
0.000000000000000000e+00
0.000000000000000000e+00
0.000000000000000000e+00
0.000000000000000000e+00
0.000000000000000000e+00
0.000000000000000000e+00
0.000000000000000000e+00
0.000000000000000000e+00
0.000000000000000000e+00
0.000000000000000000e+00
0.000000000000000000e+00
0.000000000000000000e+00
0.000000000000000000e+00
0.000000000000000000e+00
0.000000000000000000e+00
0.000000000000000000e+00
0.000000000000000000e+00
0.000000000000000000e+00
0.000000000000000000e+00
0.000000000000000000e+00
0.000000000000000000e+00
0.000000000000000000e+00
0.000000000000000000e+00
0.000000000000000000e+00
0.000000000000000000e+00
0.000000000000000000e+00
0.000000000000000000e+00
0.000000000000000000e+00
0.000000000000000000e+00
0.000000000000000000e+00
0.000000000000000000e+00
0.000000000000000000e+00
0.000000000000000000e+00
0.000000000000000000e+00
0.000000000000000000e+00
0.000000000000000000e+00
0.000000000000000000e+00
0.000000000000000000e+00
0.000000000000000000e+00
0.000000000000000000e+00
0.000000000000000000e+00
0.000000000000000000e+00
0.000000000000000000e+00
0.000000000000000000e+00
0.000000000000000000e+00
0.000000000000000000e+00
0.000000000000000000e+00
0.000000000000000000e+00
0.000000000000000000e+00
0.000000000000000000e+00
0.000000000000000000e+00
0.000000000000000000e+00
0.000000000000000000e+00
0.000000000000000000e+00
0.000000000000000000e+00
0.000000000000000000e+00
0.000000000000000000e+00
0.000000000000000000e+00
0.000000000000000000e+00
0.000000000000000000e+00
0.000000000000000000e+00
0.000000000000000000e+00
0.000000000000000000e+00
0.000000000000000000e+00
0.000000000000000000e+00
0.000000000000000000e+00
0.000000000000000000e+00
0.000000000000000000e+00
0.000000000000000000e+00
0.000000000000000000e+00
0.000000000000000000e+00
0.000000000000000000e+00
0.000000000000000000e+00
0.000000000000000000e+00
0.000000000000000000e+00
0.000000000000000000e+00
0.000000000000000000e+00
0.000000000000000000e+00
0.000000000000000000e+00
0.000000000000000000e+00
0.000000000000000000e+00
0.000000000000000000e+00
0.000000000000000000e+00
0.000000000000000000e+00
0.000000000000000000e+00
0.000000000000000000e+00
0.000000000000000000e+00
0.000000000000000000e+00
0.000000000000000000e+00
0.000000000000000000e+00
0.000000000000000000e+00
0.000000000000000000e+00
0.000000000000000000e+00
0.000000000000000000e+00
0.000000000000000000e+00
0.000000000000000000e+00
0.000000000000000000e+00
0.000000000000000000e+00
0.000000000000000000e+00
0.000000000000000000e+00
0.000000000000000000e+00
0.000000000000000000e+00
0.000000000000000000e+00
0.000000000000000000e+00
0.000000000000000000e+00
0.000000000000000000e+00
0.000000000000000000e+00
0.000000000000000000e+00
0.000000000000000000e+00
0.000000000000000000e+00
0.000000000000000000e+00
0.000000000000000000e+00
0.000000000000000000e+00
0.000000000000000000e+00
0.000000000000000000e+00
0.000000000000000000e+00
0.000000000000000000e+00
0.000000000000000000e+00
0.000000000000000000e+00
0.000000000000000000e+00
0.000000000000000000e+00
0.000000000000000000e+00
0.000000000000000000e+00
0.000000000000000000e+00
0.000000000000000000e+00
0.000000000000000000e+00
0.000000000000000000e+00
0.000000000000000000e+00
0.000000000000000000e+00
0.000000000000000000e+00
0.000000000000000000e+00
0.000000000000000000e+00
0.000000000000000000e+00
0.000000000000000000e+00
0.000000000000000000e+00
0.000000000000000000e+00
0.000000000000000000e+00
0.000000000000000000e+00
0.000000000000000000e+00
0.000000000000000000e+00
0.000000000000000000e+00
0.000000000000000000e+00
0.000000000000000000e+00
0.000000000000000000e+00
0.000000000000000000e+00
0.000000000000000000e+00
0.000000000000000000e+00
0.000000000000000000e+00
0.000000000000000000e+00
0.000000000000000000e+00
0.000000000000000000e+00
0.000000000000000000e+00
0.000000000000000000e+00
0.000000000000000000e+00
0.000000000000000000e+00
0.000000000000000000e+00
0.000000000000000000e+00
0.000000000000000000e+00
0.000000000000000000e+00
0.000000000000000000e+00
0.000000000000000000e+00
0.000000000000000000e+00
0.000000000000000000e+00
0.000000000000000000e+00
0.000000000000000000e+00
0.000000000000000000e+00
0.000000000000000000e+00
0.000000000000000000e+00
0.000000000000000000e+00
0.000000000000000000e+00
0.000000000000000000e+00
0.000000000000000000e+00
0.000000000000000000e+00
0.000000000000000000e+00
0.000000000000000000e+00
0.000000000000000000e+00
0.000000000000000000e+00
0.000000000000000000e+00
0.000000000000000000e+00
0.000000000000000000e+00
0.000000000000000000e+00
0.000000000000000000e+00
0.000000000000000000e+00
0.000000000000000000e+00
0.000000000000000000e+00
0.000000000000000000e+00
0.000000000000000000e+00
0.000000000000000000e+00
0.000000000000000000e+00
0.000000000000000000e+00
0.000000000000000000e+00
0.000000000000000000e+00
0.000000000000000000e+00
0.000000000000000000e+00
0.000000000000000000e+00
0.000000000000000000e+00
0.000000000000000000e+00
0.000000000000000000e+00
0.000000000000000000e+00
0.000000000000000000e+00
0.000000000000000000e+00
0.000000000000000000e+00
0.000000000000000000e+00
0.000000000000000000e+00
0.000000000000000000e+00
0.000000000000000000e+00
0.000000000000000000e+00
0.000000000000000000e+00
0.000000000000000000e+00
0.000000000000000000e+00
0.000000000000000000e+00
0.000000000000000000e+00
0.000000000000000000e+00
0.000000000000000000e+00
0.000000000000000000e+00
0.000000000000000000e+00
0.000000000000000000e+00
0.000000000000000000e+00
0.000000000000000000e+00
0.000000000000000000e+00
0.000000000000000000e+00
0.000000000000000000e+00
0.000000000000000000e+00
0.000000000000000000e+00
0.000000000000000000e+00
0.000000000000000000e+00
0.000000000000000000e+00
0.000000000000000000e+00
0.000000000000000000e+00
0.000000000000000000e+00
0.000000000000000000e+00
0.000000000000000000e+00
0.000000000000000000e+00
0.000000000000000000e+00
0.000000000000000000e+00
0.000000000000000000e+00
0.000000000000000000e+00
0.000000000000000000e+00
0.000000000000000000e+00
0.000000000000000000e+00
0.000000000000000000e+00
0.000000000000000000e+00
0.000000000000000000e+00
0.000000000000000000e+00
0.000000000000000000e+00
0.000000000000000000e+00
0.000000000000000000e+00
0.000000000000000000e+00
0.000000000000000000e+00
0.000000000000000000e+00
0.000000000000000000e+00
0.000000000000000000e+00
0.000000000000000000e+00
0.000000000000000000e+00
0.000000000000000000e+00
0.000000000000000000e+00
0.000000000000000000e+00
0.000000000000000000e+00
0.000000000000000000e+00
0.000000000000000000e+00
0.000000000000000000e+00
0.000000000000000000e+00
0.000000000000000000e+00
0.000000000000000000e+00
0.000000000000000000e+00
0.000000000000000000e+00
0.000000000000000000e+00
0.000000000000000000e+00
0.000000000000000000e+00
0.000000000000000000e+00
0.000000000000000000e+00
0.000000000000000000e+00
0.000000000000000000e+00
0.000000000000000000e+00
0.000000000000000000e+00
0.000000000000000000e+00
0.000000000000000000e+00
0.000000000000000000e+00
0.000000000000000000e+00
0.000000000000000000e+00
0.000000000000000000e+00
0.000000000000000000e+00
0.000000000000000000e+00
0.000000000000000000e+00
0.000000000000000000e+00
0.000000000000000000e+00
0.000000000000000000e+00
0.000000000000000000e+00
0.000000000000000000e+00
0.000000000000000000e+00
0.000000000000000000e+00
0.000000000000000000e+00
0.000000000000000000e+00
0.000000000000000000e+00
0.000000000000000000e+00
0.000000000000000000e+00
0.000000000000000000e+00
0.000000000000000000e+00
0.000000000000000000e+00
0.000000000000000000e+00
0.000000000000000000e+00
0.000000000000000000e+00
0.000000000000000000e+00
0.000000000000000000e+00
0.000000000000000000e+00
0.000000000000000000e+00
0.000000000000000000e+00
0.000000000000000000e+00
0.000000000000000000e+00
0.000000000000000000e+00
0.000000000000000000e+00
0.000000000000000000e+00
0.000000000000000000e+00
0.000000000000000000e+00
0.000000000000000000e+00
0.000000000000000000e+00
0.000000000000000000e+00
0.000000000000000000e+00
0.000000000000000000e+00
0.000000000000000000e+00
0.000000000000000000e+00
0.000000000000000000e+00
0.000000000000000000e+00
0.000000000000000000e+00
0.000000000000000000e+00
0.000000000000000000e+00
0.000000000000000000e+00
0.000000000000000000e+00
0.000000000000000000e+00
0.000000000000000000e+00
0.000000000000000000e+00
0.000000000000000000e+00
0.000000000000000000e+00
0.000000000000000000e+00
0.000000000000000000e+00
0.000000000000000000e+00
0.000000000000000000e+00
0.000000000000000000e+00
0.000000000000000000e+00
0.000000000000000000e+00
0.000000000000000000e+00
0.000000000000000000e+00
0.000000000000000000e+00
0.000000000000000000e+00
0.000000000000000000e+00
0.000000000000000000e+00
0.000000000000000000e+00
0.000000000000000000e+00
0.000000000000000000e+00
0.000000000000000000e+00
0.000000000000000000e+00
0.000000000000000000e+00
0.000000000000000000e+00
0.000000000000000000e+00
0.000000000000000000e+00
0.000000000000000000e+00
0.000000000000000000e+00
0.000000000000000000e+00
0.000000000000000000e+00
0.000000000000000000e+00
0.000000000000000000e+00
0.000000000000000000e+00
0.000000000000000000e+00
0.000000000000000000e+00
0.000000000000000000e+00
0.000000000000000000e+00
0.000000000000000000e+00
0.000000000000000000e+00
0.000000000000000000e+00
0.000000000000000000e+00
0.000000000000000000e+00
0.000000000000000000e+00
0.000000000000000000e+00
0.000000000000000000e+00
0.000000000000000000e+00
0.000000000000000000e+00
