2.145930180554634636e-01
3.032200337217641831e-02
1.369229354263577086e-02
1.169040817911939055e-02
1.219396185741479857e-02
1.309080799626280434e-02
1.397141343416093660e-02
1.477397035466727557e-02
1.549886096950472275e-02
1.615124619618652294e-02
1.673315874048307561e-02
1.724429504689792281e-02
1.768342263339329687e-02
1.804932449592099031e-02
1.834134039541007039e-02
1.855963874813169184e-02
1.870531078656222437e-02
1.878034869613288971e-02
1.878755211413878426e-02
1.873039564035445040e-02
1.861288082919292791e-02
1.843938867647133828e-02
1.821454269989274816e-02
1.794308823593956242e-02
1.762979036954764878e-02
1.727935075631965856e-02
1.689634225570695730e-02
1.648515955048427545e-02
1.604998360010679095e-02
1.559475771960071484e-02
1.512317318494715152e-02
1.463866246527175188e-02
1.414439842100499028e-02
1.364329805338477565e-02
1.313802962517597768e-02
1.263102218518093005e-02
1.212447671576028993e-02
1.162037828255824308e-02
1.112050870040196503e-02
1.062645934146153048e-02
1.013964380413032162e-02
9.661310236638631643e-03
9.192553170802366183e-03
8.734324770861709442e-03
8.287445442024671260e-03
7.852613774695798438e-03
7.430415824743036995e-03
7.021333748595296256e-03
6.625753825356652665e-03
6.243973907224552311e-03
5.876210344978012069e-03
5.522604437763830795e-03
5.183228456413964576e-03
4.858091287596164910e-03
4.547143742712578089e-03
4.250283571055828158e-03
3.967360211698285274e-03
3.698179313266086905e-03
3.442507045417248553e-03
3.200074220730584219e-03
2.970580240991285530e-03
2.753696877651836978e-03
2.549071892629155029e-03
2.356332502606260908e-03
2.175088687642460269e-03
2.004936343136237871e-03
1.845460272987219574e-03
1.696237021110644444e-03
1.556837538205547771e-03
1.426829680797214945e-03
1.305780539996962602e-03
1.193258598081739508e-03
1.088835711830424919e-03
9.920889225074978196e-04
9.026020934080237904e-04
8.199673769285976055e-04
7.437865141705381471e-04
6.736719710851255417e-04
6.092479161124806242e-04
5.501510451275766142e-04
4.960312602756182998e-04
4.465522099461302131e-04
4.013916976942082538e-04
3.602419683675139113e-04
3.228098800380042942e-04
2.888169705714156168e-04
2.579994277990825839e-04
2.301079722916965747e-04
2.049076616796282658e-04
1.821776253275318898e-04
1.617107379598252685e-04
1.433132405571710269e-04
1.268043165109296354e-04
1.120156306412803984e-04
9.879083826425737289e-05
8.698507104111897288e-05
7.646440586889143845e-05
6.710532258056190087e-05
5.879415572466995497e-05
5.142654519315280857e-05
4.490688996936525903e-05
3.914780878016831551e-05
3.406961096172443100e-05
2.959978039200349988e-05
2.567247490720616526e-05
2.222804320738968023e-05
1.921256087018533273e-05
1.657738673281287510e-05
1.427874057194364137e-05
1.227730270971549015e-05
1.053783590168055014e-05
9.028829619181829848e-06
7.722166623396830800e-06
6.592811540590907701e-06
5.618520986551547381e-06
4.779574651674084489e-06
4.058526645010868457e-06
3.439976304150199386e-06
2.910357606710306021e-06
2.457746266199816028e-06
2.071683558733045046e-06
1.743015905697518154e-06
1.463749228938308073e-06
1.226917098270228324e-06
1.026461703953617993e-06
8.571267080875253131e-07
7.143610570412244269e-07
5.942328708547342531e-07
4.933525638431128658e-07
4.088043920390935400e-07
3.380856671620802148e-07
2.790529221100259922e-07
2.298743590194590893e-07
1.889879571380141463e-07
1.550646634052703393e-07
1.269761331812901880e-07
1.037665320021106887e-07
8.462795072680186053e-08
6.887902622288028821e-08
5.594639734494868289e-08
4.534866131437815683e-08
3.668252883868184436e-08
2.961090705077265344e-08
2.385266796432720606e-08
1.917388631652126050e-08
1.538035489234531533e-08
1.231120722477814072e-08
9.833497667935648121e-09
7.837606750285837209e-09
6.233356031973686821e-09
4.946731249364071738e-09
3.917125485464716008e-09
3.095025745520442789e-09
2.440076540110860408e-09
1.919463181940192253e-09
1.506565386389519207e-09
1.179838922111078535e-09
9.218889693899511659e-10
7.187043462524015221e-10
5.590262840131644061e-10
4.338294161537842641e-10
3.358961617948897031e-10
2.594685883740171287e-10
1.999643710874078876e-10
1.537456616965855265e-10
1.179315040471499048e-10
9.024595940912193995e-11
6.889550384988775225e-11
5.247027318952736047e-11
3.986476537984173424e-11
3.021430721020298520e-11
2.284428785194603343e-11
1.722971538720523691e-11
1.296307586661351200e-11
9.728847103634930528e-12
7.283361643099051789e-12
5.438928644055959037e-12
4.051347833424919413e-12
3.010121360879928077e-12
2.230800440623003839e-12
1.649008248557692521e-12
1.215806330468509554e-12
8.940851807617330409e-13
6.557805700063916106e-13
4.797315174188572615e-13
3.500182862171282718e-13
2.546994118921170437e-13
1.848444643734421603e-13
1.337872632301098149e-13
9.657227347002976989e-14
6.951951901187038273e-14
4.990779141072641202e-14
3.573040347362165521e-14
2.550955332030145366e-14
1.816249711494193759e-14
1.289383899217456675e-14
9.128193333063552290e-15
6.444354412197413743e-15
4.536517135086421613e-15
3.183370776313225184e-15
2.228200634769660585e-15
1.554063287892887098e-15
1.081972981112119502e-15
7.506208521453338579e-16
5.186771715985643990e-16
3.574442764320319864e-16
2.459937527252301368e-16
1.681423277000294203e-16
1.147071121920093721e-16
7.795243682731555929e-17
5.302729070413247699e-17
3.579744061118516805e-17
2.406598329216136494e-17
1.627367726490288506e-17
1.093316029192200316e-17
7.111505550671374643e-18
4.463283519502477695e-18
3.252141987555512107e-18
2.484277312862582453e-18
1.571073774118142561e-18
5.476308720938277831e-19
1.274224052765011952e-18
7.966800439871623768e-19
5.416029278399597603e-19
2.065959485230650749e-20
5.804912904694806492e-19
3.546749523099245410e-19
1.080806756569359330e-19
1.880566508006239139e-19
2.904061923488954038e-19
3.963470192344424144e-19
0.000000000000000000e+00
0.000000000000000000e+00
1.573790430594952155e-19
5.730134249609092437e-20
4.723755527808689484e-19
7.154846736227739492e-20
2.612742388603859692e-19
5.779448001678241156e-20
4.521977317614155295e-20
3.601054978561299221e-19
5.854286346246136745e-20
1.479741403261652584e-19
1.517263899567078951e-19
0.000000000000000000e+00
3.517349966579604111e-20
0.000000000000000000e+00
3.476251501275500580e-19
0.000000000000000000e+00
2.413200796760202504e-19
5.644154029906704630e-19
5.482822449924251581e-20
7.770986771258649706e-19
0.000000000000000000e+00
2.514825239293407804e-19
4.702906024926429880e-20
1.440839934713644265e-19
4.106164054228602864e-20
3.434455218242901350e-20
2.436682471397772187e-19
4.590808156488544893e-19
0.000000000000000000e+00
3.013529295754829947e-20
2.739981576202518191e-20
0.000000000000000000e+00
3.403974378318627512e-19
3.515183727902398396e-19
5.662814441108595294e-19
4.507437096825604758e-20
0.000000000000000000e+00
4.508136109119067486e-19
0.000000000000000000e+00
4.515532545093970904e-19
0.000000000000000000e+00
2.389654384442312218e-19
5.621782037912949708e-19
1.476828802427540711e-19
3.222141461539682680e-20
1.329158707785231075e-19
2.781472682418511011e-20
3.412445690026187398e-19
2.414716675281172417e-19
1.304966214263064678e-19
1.290652325042663177e-19
2.166780827666977730e-20
0.000000000000000000e+00
2.267338734442267053e-19
1.716573255072775687e-20
0.000000000000000000e+00
2.224401843100957564e-19
5.440664144167373509e-19
2.324119059815172535e-19
0.000000000000000000e+00
1.167803679300957964e-20
1.006576553487744204e-20
5.395424056262001025e-19
1.220319409026010655e-19
0.000000000000000000e+00
5.402460488214608909e-19
4.403133929340133141e-19
1.592312840466630690e-20
1.115297353895232401e-20
4.338911094654826353e-19
1.179156805662806181e-20
2.201821824911737328e-19
7.074830927176219236e-21
4.715375438044332622e-21
3.215067040748479983e-21
0.000000000000000000e+00
1.074319867353994575e-19
1.473065057876394338e-21
3.193727224337872968e-19
1.078207924456759313e-19
5.351994839951401113e-22
2.549265788288100071e-23
4.501509962886373405e-24
8.358788992798139394e-25
1.273386108105576450e-25
1.580995029043917936e-26
1.716864233630074414e-27
1.732691282501449390e-28
1.750087460102647176e-29
1.857061895328134680e-30
2.066196326103051889e-31
2.417781936450686919e-32
2.967157282599221951e-33
3.694906509691024745e-34
4.504138904039084506e-35
5.287618475192791112e-36
5.985133371586192086e-37
6.587863641665720131e-38
7.141783216484580101e-39
7.752570134623500044e-40
8.538742950996040779e-41
9.578364773611655761e-42
1.087216800970933790e-42
1.234878798610815987e-43
1.392041076828745302e-44
1.556232753075573678e-45
1.736506354660042662e-46
1.952190527759345371e-47
2.225732704023838633e-48
2.573773548406049938e-49
3.001106766731239405e-50
3.499831739817414457e-51
4.053066673524118914e-52
4.641334835512136967e-53
5.250355634337673030e-54
5.879817816798222413e-55
6.552774486710046470e-56
7.326221022606520493e-57
8.310139662661374527e-58
9.725620700815754717e-59
1.210196929493189430e-59
1.691749627559959738e-60
2.860167715507789133e-61
6.065162588990598397e-62
1.540666030599821454e-62
4.323270560342659755e-63
1.263753994425881267e-63
3.736270910898655465e-64
1.103191746228460512e-64
3.236643016230957814e-65
9.416640795285608948e-66
2.714560671696394091e-66
7.750831964389855017e-67
2.191591646836324372e-67
6.135901715610706452e-68
1.700824299822080288e-68
4.667249997984837240e-69
1.267775793168074855e-69
3.408497015235656862e-70
9.069461019351637981e-71
2.388123406301053121e-71
6.222242839152202815e-72
1.604019917918845117e-72
4.090744757328740627e-73
1.032004409747328490e-73
2.575155646405035247e-74
6.355121790731494761e-75
1.550950443794461073e-75
3.742659131692798019e-76
8.929457354370156449e-77
2.106133469974491124e-77
4.910387744729064164e-78
1.131533072872988037e-78
2.576868269768619541e-79
5.798852338875017195e-80
1.289340249262943099e-80
2.832167257056107374e-81
6.145337533109545164e-82
1.317034325258906504e-82
2.787541687179444189e-83
5.825944927057078277e-84
1.202207094356931396e-84
2.449100775436296021e-85
4.924865729192310852e-86
9.774347306448405938e-87
1.914394244760889428e-87
3.699722731107190036e-88
7.054145758311665536e-89
1.326782453823090750e-89
2.461370221613686679e-90
4.503159065497765407e-91
8.123837657692299182e-92
1.444935777004398502e-92
2.533484425326217300e-93
4.378331123103753626e-94
7.456880257645516966e-95
1.251413125618745110e-95
2.069070114457853106e-96
3.369891245938990381e-97
5.405764883374873416e-98
8.539503408498619166e-99
1.328235437986224277e-99
2.033838433552269142e-100
3.065405195639391254e-101
4.546944340110651265e-102
6.636530354588279061e-103
9.529733116157381085e-104
1.346065553063565036e-104
1.869925083182970896e-105
2.554350637355328781e-106
3.430520162795828882e-107
4.528834984597776899e-108
5.876016547362762265e-109
7.491546394435162904e-110
9.383672671762325914e-111
1.154534976323480480e-111
1.395060801417028135e-112
1.655193850910750131e-113
1.927929332115828106e-114
2.204122023399076871e-115
2.472846170090007584e-116
2.722005946676616220e-117
2.939165035808493224e-118
3.112526779209730764e-119
3.231964372197795231e-120
3.289980441834763005e-121
3.282472432483246233e-122
3.209197096215428677e-123
3.073862897773332017e-124
2.883828271257824339e-125
2.649438289828002821e-126
2.383082802859638502e-127
2.098096365460952019e-128
1.807637775836056849e-129
1.523682160249663253e-130
1.256233184099972217e-131
1.012822904818140349e-132
7.983202507849815546e-134
6.150248553814581396e-135
4.629883537895091176e-136
3.404848388651518651e-137
2.445471765227975873e-138
1.714943925342755321e-139
1.173932635004831445e-140
7.841954318198927743e-142
5.110618937166039649e-143
3.248397550980329018e-144
2.013204811620191011e-145
1.216199021505695046e-146
7.159656112658979457e-148
4.106024169848592546e-149
2.293304404825367357e-150
1.247038346086779424e-151
6.599952204156048148e-153
3.398658512302241590e-154
1.702318237030762039e-155
8.290848414838637260e-157
3.924989129753708063e-158
1.805565071160806687e-159
8.068161835876539347e-161
3.500837543117530537e-162
1.474524000460742096e-163
6.026405220650913204e-165
2.389091833155550573e-166
9.183624371051579317e-168
3.421669697936951605e-169
1.235201621080817138e-170
4.318605952882034715e-172
1.461781310016386838e-173
4.788267124262377758e-175
1.517233157369499191e-176
4.648596317255588096e-178
1.376578815563305807e-179
3.938227268047328890e-181
1.087997845823041788e-182
2.901257627618113860e-184
7.464061052206700534e-186
1.851784346814809581e-187
4.428163439332931864e-189
1.020146131131201228e-190
2.263027602879690693e-192
4.831531442865001704e-194
9.922508168002653929e-196
1.959157250800549481e-197
3.717002967415335354e-199
6.772544574027351890e-201
1.184405891284739771e-202
1.986954694683080217e-204
3.195637662905870207e-206
4.924327812786497455e-208
7.265876290851670353e-210
1.025902939923890266e-211
1.385227284889392298e-213
1.787495519684935257e-215
2.202844835223726897e-217
2.590816615310550167e-219
2.905994234454688896e-221
3.106290294496293821e-223
3.161947094857920568e-225
3.062670884047158610e-227
2.820581695832538313e-229
2.467858985027002447e-231
2.049683845036139029e-233
1.614620350194458443e-235
1.205294787526020508e-237
8.518586815599117460e-240
5.695013424825631325e-242
3.598034761461951641e-244
2.146141631163387356e-246
1.207371487228260451e-248
6.399818270254425928e-251
3.192863217057339375e-253
1.497639301031748274e-255
6.597245761717401803e-258
2.726128246426310333e-260
1.055461802395438545e-262
3.824017957791737451e-265
1.294882802267561068e-267
4.092689677289909935e-270
1.205789784478703833e-272
3.306865811807819408e-275
8.429887590377582456e-278
1.994548902957507775e-280
4.373420206007195116e-283
8.872882472796181611e-286
1.662895933191137287e-288
2.874004012337172547e-291
4.572681090520463992e-294
6.685407831425082783e-297
8.964832061776433690e-300
1.100443394009908280e-302
1.234034631808034840e-305
1.261569196368182671e-308
1.173206458356277278e-311
9.902316665204872707e-315
7.567969105928295840e-318
5.222273876541975972e-321
0.000000000000000000e+00
0.000000000000000000e+00
0.000000000000000000e+00
0.000000000000000000e+00
0.000000000000000000e+00
0.000000000000000000e+00
0.000000000000000000e+00
0.000000000000000000e+00
0.000000000000000000e+00
0.000000000000000000e+00
0.000000000000000000e+00
0.000000000000000000e+00
0.000000000000000000e+00
0.000000000000000000e+00
0.000000000000000000e+00
0.000000000000000000e+00
0.000000000000000000e+00
0.000000000000000000e+00
0.000000000000000000e+00
0.000000000000000000e+00
0.000000000000000000e+00
0.000000000000000000e+00
0.000000000000000000e+00
0.000000000000000000e+00
0.000000000000000000e+00
0.000000000000000000e+00
0.000000000000000000e+00
0.000000000000000000e+00
0.000000000000000000e+00
0.000000000000000000e+00
0.000000000000000000e+00
0.000000000000000000e+00
0.000000000000000000e+00
0.000000000000000000e+00
0.000000000000000000e+00
0.000000000000000000e+00
0.000000000000000000e+00
0.000000000000000000e+00
0.000000000000000000e+00
0.000000000000000000e+00
0.000000000000000000e+00
0.000000000000000000e+00
0.000000000000000000e+00
0.000000000000000000e+00
0.000000000000000000e+00
0.000000000000000000e+00
0.000000000000000000e+00
0.000000000000000000e+00
0.000000000000000000e+00
0.000000000000000000e+00
0.000000000000000000e+00
0.000000000000000000e+00
0.000000000000000000e+00
0.000000000000000000e+00
0.000000000000000000e+00
0.000000000000000000e+00
0.000000000000000000e+00
0.000000000000000000e+00
0.000000000000000000e+00
0.000000000000000000e+00
0.000000000000000000e+00
0.000000000000000000e+00
0.000000000000000000e+00
0.000000000000000000e+00
0.000000000000000000e+00
0.000000000000000000e+00
0.000000000000000000e+00
0.000000000000000000e+00
0.000000000000000000e+00
0.000000000000000000e+00
0.000000000000000000e+00
0.000000000000000000e+00
0.000000000000000000e+00
0.000000000000000000e+00
0.000000000000000000e+00
0.000000000000000000e+00
0.000000000000000000e+00
