2.160692100597421117e-01
3.609610450208767390e-02
2.300130431686294927e-02
2.353518591702703777e-02
2.586057020990582128e-02
2.811588256283955103e-02
3.001209306448087907e-02
3.150902094413857851e-02
3.259443867245910564e-02
3.326627692222317023e-02
3.353707543523605505e-02
3.343379930707422037e-02
3.299414086383247596e-02
3.226205354448447027e-02
3.128385364829995574e-02
3.010530456357127585e-02
2.876967189032804406e-02
2.731657630410663090e-02
2.578143768662810240e-02
2.419532574244142448e-02
2.258507123773245001e-02
2.097353071629852808e-02
1.937992966661206129e-02
1.782023357805800207e-02
1.630751424932535762e-02
1.485229173027570980e-02
1.346284177923720050e-02
1.214546561790466953e-02
1.090472358161773819e-02
9.743637291411585272e-03
8.663866463233927881e-03
7.665866707329441893e-03
6.749033998998949305e-03
5.911840280895907032e-03
5.151963215828069681e-03
4.466411707244748001e-03
3.851647614626145261e-03
3.303703200618829123e-03
2.818293275156421879e-03
2.390920721349741596e-03
2.016974045440820748e-03
1.691815726691618931e-03
1.410860393299890811e-03
1.169642166312851329e-03
9.638708545671356145e-04
7.894770196622866816e-04
6.426462394443628557e-04
5.198431671676968704e-04
4.178262028071849936e-04
3.336537587525029375e-04
2.646832136911399648e-04
2.085637080272969635e-04
1.632239460012631566e-04
1.268561396880603332e-04
9.789716526470230160e-05
7.500790993093282974e-05
5.705167637208641079e-05
4.307238812676131810e-05
3.227321053555306276e-05
2.399607412612414883e-05
1.770246534561387727e-05
1.295573738881477877e-05
9.405094276078221745e-06
6.771316020017619935e-06
4.834222425802759966e-06
3.421817700065791000e-06
2.401016828219704277e-06
1.669826341766903875e-06
1.150835019343615575e-06
7.858624440365660902e-07
5.316133186115430170e-07
3.561912200356216467e-07
2.363353941327369233e-07
1.552567872406960522e-07
1.009635477346403981e-07
6.498071256412377629e-08
4.138296162315965596e-08
2.607263290217514261e-08
1.624729112039677669e-08
1.001183693376091501e-08
6.099365439003533313e-09
3.672757475529325761e-09
2.185407192312737330e-09
1.284688694802632963e-09
7.458967852379725496e-10
4.276235673561358563e-10
2.420082222568632527e-10
1.351650447962687362e-10
7.448025711910861601e-11
4.047935557897523531e-11
2.169257329960563903e-11
1.145880231485556939e-11
5.964575335339226273e-12
3.058368440325022861e-12
1.544267346871749464e-12
7.675841969203287768e-13
3.754447943428300095e-13
1.806417321819538519e-13
8.546431782829695335e-14
3.974286509625683109e-14
1.815801870853449859e-14
8.147272510475541818e-15
3.588136235422737791e-15
1.550872372759688337e-15
6.567256821771560244e-16
2.724151571888890178e-16
1.110667965991224565e-16
4.403958708929374779e-17
1.719184349784205638e-17
6.565845875291544092e-18
2.451847980455342825e-18
8.947131169084122704e-19
3.188591188966561845e-19
1.109101897765749416e-19
3.762948611499288432e-20
1.244477292498530337e-20
4.009164471898052500e-21
1.257255327860404856e-21
3.835117741484184931e-22
1.137079864180002019e-22
3.274312690779406717e-23
9.149855698808759170e-24
2.479185605901530885e-24
6.507702309235056011e-25
1.653408171760952362e-25
4.062209966602614540e-26
9.641757757943901521e-27
2.208656426697748048e-27
4.877855404894064610e-28
1.037511071441024525e-28
2.122935489900418430e-29
4.174078374185469082e-30
7.876718845515488142e-31
1.424797615553739398e-31
2.467325091007106226e-32
4.084945918316982682e-33
6.457028974486523459e-34
9.730669116490298579e-35
1.395948850388045891e-35
1.903450313595288770e-36
2.462981852756666173e-37
3.019282130937374762e-38
3.500384573917749867e-39
3.831020127055236719e-40
3.950804917437906037e-41
3.831619408680585688e-42
3.487574253233336694e-43
2.972974770285908325e-44
2.368261067303742865e-45
1.758902586025723332e-46
1.215032840316298018e-47
7.787223029446186098e-49
4.618395761292576218e-50
2.527709097909862064e-51
1.273057870045783382e-52
5.882366599630111353e-54
2.485834010482560069e-55
9.575725248458024730e-57
3.350722631882162304e-58
1.061152980871821340e-59
3.029744697129699727e-61
7.766769977808370165e-63
1.779884692740049640e-64
3.629554512502567710e-66
6.553728857596185400e-68
1.042361496676644271e-69
1.452133097701053634e-71
1.761332657910954525e-73
1.848067477262548181e-75
1.665765736140106846e-77
1.280165247174090285e-79
8.320307766164409181e-82
4.533090824285741935e-84
2.050443261644236491e-86
7.619510559446369521e-89
2.299421523946899192e-91
5.564239849413383477e-94
1.064628403985913797e-96
1.585791020568481472e-99
1.807350679306409192e-102
1.545982074471479510e-105
9.712526700215242793e-109
4.373607507401863708e-112
1.373252219190089489e-115
2.913709775982755307e-119
4.030538420021344635e-123
3.488256645112484053e-127
1.800886344242262782e-131
5.246783473628730965e-136
8.082455574588534745e-141
6.094820771321832401e-146
2.051855151855378024e-151
2.759208845298440869e-157
1.293546395830606165e-163
1.785755859187418261e-170
5.866912152979645085e-178
3.487760476593821344e-186
2.615372920165654248e-195
1.517553451838122817e-205
3.434257973772787565e-217
1.111281915874319935e-230
1.085219420085763852e-246
2.360939579597324326e-266
8.644405425620955222e-292
0.000000000000000000e+00
0.000000000000000000e+00
