2.140904494678969316e-01
2.823521635185008080e-02
1.010513384891498223e-02
7.001825826153609648e-03
6.733454297853463943e-03
7.059286031790757213e-03
7.477697963071510724e-03
7.881291807303672167e-03
8.254335441911182791e-03
8.599353143912816244e-03
8.920579807363465674e-03
9.221095729981141839e-03
9.502799910933923053e-03
9.766763474086651367e-03
1.001351978439717766e-02
1.024326161005570911e-02
1.045597387302660795e-02
1.065152573081268664e-02
1.082973627395513935e-02
1.099042202308989948e-02
1.113343107606665910e-02
1.125866699609331945e-02
1.136610459288779976e-02
1.145579922738165085e-02
1.152789095856915184e-02
1.158260464210691953e-02
1.162024693066639018e-02
1.164120099020178427e-02
1.164591962319323597e-02
1.163491737590900514e-02
1.160876210145834510e-02
1.156806635473012559e-02
1.151347891016515045e-02
1.144567661925130139e-02
1.136535676170670472e-02
1.127322999210666685e-02
1.117001394142428695e-02
1.105642749957993359e-02
1.093318577949152146e-02
1.080099574412877322e-02
1.066055246458181942e-02
1.051253596813311354e-02
1.035760862985178263e-02
1.019641305852194042e-02
1.002957042709810495e-02
9.857679198796752765e-03
9.681314201933835864e-03
9.501026009343958856e-03
9.317340581387587722e-03
9.130759134955540243e-03
8.941758204353108391e-03
8.750789863374786731e-03
8.558282081183317402e-03
8.364639187729916783e-03
8.170242427360868351e-03
7.975450581937779462e-03
7.780600647239974653e-03
7.586008548632234248e-03
7.391969883965639372e-03
7.198760683457234612e-03
7.006638177871216816e-03
6.815841567722254191e-03
6.626592787452979284e-03
6.439097259619009847e-03
6.253544635061637595e-03
6.070109515874323042e-03
5.888952158685198911e-03
5.710219156399986597e-03
5.534044097083659804e-03
5.360548199117490427e-03
5.189840922158895503e-03
5.022020553760220274e-03
4.857174771779157636e-03
4.695381182941059210e-03
4.536707838098220230e-03
4.381213724879397947e-03
4.228949238535897708e-03
4.079956631875779165e-03
3.934270445235208205e-03
3.791917917472095809e-03
3.652919378982964066e-03
3.517288627742601748e-03
3.385033289350930334e-03
3.256155162043839011e-03
3.130650547587670099e-03
3.008510568931665498e-03
2.889721475441897267e-03
2.774264936484699060e-03
2.662118324069589950e-03
2.553254985201698461e-03
2.447644504534217912e-03
2.345252957851724947e-03
2.246043156857818485e-03
2.149974885684908903e-03
2.057005129491773845e-03
1.967088295465156764e-03
1.880176426496375439e-03
1.796219407762361360e-03
1.715165166403246266e-03
1.636959864455354201e-03
1.561548085169356219e-03
1.488873012818353516e-03
1.418876606079598306e-03
1.351499765056093276e-03
1.286682491990828866e-03
1.224364045715563851e-03
1.164483089868974903e-03
1.106977834914136182e-03
1.051786173983297471e-03
9.988458125779120164e-04
9.480943921540090471e-04
8.994696076265906075e-04
8.529093188320526668e-04
8.083516559937590010e-04
7.657351192432876883e-04
7.249986722577767082e-04
6.860818300823204319e-04
6.489247412152357236e-04
6.134682640429743768e-04
5.796540377205706756e-04
5.474245476023425084e-04
5.167231853364058014e-04
4.874943037447791033e-04
4.596832666189389050e-04
4.332364935680848238e-04
4.081015000643216178e-04
3.842269328353295336e-04
3.615626007606612753e-04
3.400595014330791183e-04
3.196698435503952983e-04
3.003470653072223199e-04
2.820458489589012531e-04
2.647221317321567626e-04
2.483331132587170706e-04
2.328372597090730748e-04
2.181943048038937998e-04
2.043652478802846840e-04
1.913123491892983132e-04
1.789991225995365054e-04
1.673903258798643617e-04
1.564519487316803177e-04
1.461511987383290879e-04
1.364564853958706017e-04
1.273374023857409289e-04
1.187647082456259141e-04
1.107103055905988621e-04
1.031472190317976161e-04
9.604957193498816755e-05
8.939256215620166224e-05
8.315243688634316231e-05
7.730646673110648959e-05
7.183291914699157686e-05
6.671103134850154539e-05
6.192098279586289713e-05
5.744386736682595141e-05
5.326166531029343345e-05
4.935721507385019047e-05
4.571418509137981421e-05
4.231704561147060924e-05
3.915104064159558316e-05
3.620216007763141767e-05
3.345711208288574640e-05
3.090329577558394858e-05
2.852877427864074019e-05
2.632224818061574723e-05
2.427302945198265790e-05
2.237101585617441563e-05
2.060666589053244081e-05
1.897097428793610496e-05
1.745544810593408432e-05
1.605208342625126367e-05
1.475334268394050704e-05
1.355213264195020701e-05
1.244178302360585130e-05
1.141602581243451655e-05
1.046897522587247302e-05
9.595108366725939322e-06
8.789246553701025909e-06
8.046537330087146617e-06
7.362437147433667511e-06
6.732694719233859805e-06
6.153335037706178103e-06
5.620644045237534745e-06
5.131153950557932265e-06
4.681629178379886611e-06
4.269052940123384211e-06
3.890614412287906332e-06
3.543696508124972604e-06
3.225864227560435369e-06
2.934853569614877391e-06
2.668560991033607100e-06
2.425033394468444246e-06
2.202458629150282114e-06
1.999156486801550852e-06
1.813570175347400828e-06
1.644258252959281799e-06
1.489887004899204665e-06
1.349223245739344222e-06
1.221127529651538021e-06
1.104547751608668845e-06
9.985131226007316562e-07
9.021285022292907181e-07
8.145690723327313132e-07
7.350753356706476074e-07
6.629484240475579794e-07
5.975457006602658547e-07
5.382766418703965159e-07
4.845989840501970836e-07
4.360151215946604790e-07
3.920687426553055893e-07
3.523416896245655964e-07
3.164510318814322647e-07
2.840463387754469732e-07
2.548071413151219273e-07
2.284405715139343352e-07
2.046791687925502296e-07
1.832788433411392596e-07
1.640169867810690201e-07
1.466907209323865150e-07
1.311152759371125832e-07
1.171224894260401374e-07
1.045594188291007281e-07
9.328705935212935319e-08
8.317916055583055522e-08
7.412113481432691618e-08
6.600905136285692914e-08
5.874870995848056818e-08
5.225478853624542735e-08
4.645005960089256246e-08
4.126467036653889655e-08
3.663548199565534131e-08
3.250546357630994541e-08
2.882313672847546923e-08
2.554206703459556803e-08
2.262039869292486921e-08
2.002042907990864591e-08
1.770822008293659522e-08
1.565324332979847788e-08
1.382805658034836213e-08
1.220800881663562818e-08
1.077097165659830165e-08
9.497094958306104606e-09
8.368584603778816102e-09
7.369500594960038595e-09
6.485573774971183028e-09
5.704039555953880141e-09
5.013487209987559620e-09
4.403723368805028508e-09
3.865648487913411551e-09
3.391145136205241195e-09
2.972977036411196937e-09
2.604697924220419569e-09
2.280569311926318091e-09
1.995486341177957650e-09
1.744911007621381844e-09
1.524812032846362585e-09
1.331610800415858397e-09
1.162132750532926046e-09
1.013563744807669545e-09
8.834108914412923072e-10
7.694674374408263333e-10
6.697812932853313281e-10
5.826268701182705923e-10
5.064798676234528514e-10
4.399947543066413220e-10
3.819846391085496756e-10
3.314033033843366643e-10
2.873291932805300046e-10
2.489511307402793665e-10
2.155556093919686016e-10
1.865154783698760401e-10
1.612798791196127971e-10
1.393653163401558641e-10
1.203477196048202579e-10
1.038554056338716255e-10
8.956284122101691207e-11
7.718511784868114267e-11
6.647305901413124917e-11
5.720889731521711381e-11
4.920245081286867648e-11
4.228774915805961303e-11
3.632005522697827262e-11
3.117324173931350459e-11
2.673747426893053278e-11
2.291717941884139110e-11
1.962925113155142316e-11
1.680148029022784757e-11
1.437116432982277357e-11
1.228390425291316717e-11
1.049253340073671850e-11
8.956187928224420752e-12
7.639488036299077006e-12
6.511829833096979435e-12
5.546753987029845815e-12
4.721405166047915586e-12
4.016054876841541560e-12
3.413682779410524640e-12
2.899622905853454925e-12
2.461240267551709405e-12
2.087660807835571820e-12
1.769533485728089895e-12
1.498821517447578213e-12
1.268623418045901131e-12
1.073016946365693386e-12
9.069242473522534915e-13
7.659937475443074499e-13
6.465002565439400931e-13
5.452562947672879847e-13
4.595372649296520201e-13
3.870155123520470903e-13
3.257034110526438700e-13
2.739072505081078778e-13
2.301809474995285579e-13
1.932944063430977001e-13
1.622011402757530844e-13
1.360110541385877327e-13
1.139658446352782790e-13
9.542446628298291278e-14
7.984068037326676081e-14
6.675294837184665755e-14
5.576937811752554230e-14
4.655888318679109051e-14
3.884054872148092291e-14
3.237791391212595654e-14
2.697054183981675816e-14
2.244978521049803073e-14
1.867272562754797182e-14
1.551934723896834401e-14
1.288862582830036655e-14
1.069641078527086925e-14
8.870184377694450765e-15
7.350106247346178553e-15
6.086215672123711881e-15
5.034899451873409685e-15
4.162650072055030673e-15
3.438489457950580869e-15
2.838478739766308394e-15
2.341501542830750843e-15
1.930009188920816318e-15
1.589510664395406694e-15
1.307826760123047298e-15
1.075199843221598312e-15
8.835964584572827553e-16
7.252414090730688821e-16
5.948976326275379977e-16
4.874311203531089420e-16
3.994039161121000895e-16
3.267748165690656433e-16
2.671941178840929799e-16
2.184459350261115888e-16
1.780608453954151718e-16
1.453792247060772545e-16
1.180164966118115054e-16
9.621177120865056490e-17
7.828391070534310226e-17
6.352128371501076267e-17
5.153942152852935771e-17
4.200652877746103088e-17
3.403887224388657608e-17
2.774159806676075740e-17
2.226250312849710918e-17
1.823447837527390333e-17
1.486483462995435146e-17
1.188058480387721295e-17
9.626117149984406880e-18
8.000176322571881091e-18
6.384507548434201827e-18
4.998441801499976415e-18
4.331778543596835533e-18
3.345070132182012093e-18
2.762463628210061816e-18
2.095303168434735126e-18
1.993570884464884964e-18
1.295342260430330575e-18
1.151024204780727207e-18
9.805314517737877554e-19
8.572465376491432816e-19
4.784275414227237222e-19
4.290872372886857657e-19
4.199908675399483545e-19
4.351587631002199857e-19
5.146810613995330135e-19
2.857576887019109151e-19
2.210100098657043581e-19
1.863675607101262168e-19
1.611942681052099481e-19
4.708652249371752443e-19
1.780924309080677225e-19
1.664836385261464957e-19
1.163371925950634909e-19
1.820782713466264263e-20
2.106864499709321494e-19
2.259435697926452006e-20
3.672883739698809859e-19
2.456835673183686237e-19
1.456511344188095532e-19
8.869771705205107570e-20
7.687921360230431571e-20
7.303784625294323202e-20
0.000000000000000000e+00
0.000000000000000000e+00
0.000000000000000000e+00
5.856961366086403903e-20
6.000157218125724293e-20
5.841303330667420902e-20
9.769132892808777570e-20
6.207294219213734390e-20
9.572775943095996120e-20
1.416779549118923788e-19
0.000000000000000000e+00
4.829430884118669079e-20
2.540697522192507559e-19
1.595680584522238701e-19
0.000000000000000000e+00
8.784274779487987607e-20
1.772666253336496754e-19
2.303417034265106618e-19
7.327407378135225659e-20
0.000000000000000000e+00
1.268867933357479293e-19
1.395867842666354837e-19
5.918249614944958737e-20
2.127357244831908081e-19
1.922616716227739412e-19
2.737840723073612664e-19
1.209509188811657611e-19
1.437218754924997578e-19
6.311765486654334784e-20
0.000000000000000000e+00
8.776690171072998935e-20
1.786016003853642587e-19
1.079325535265741808e-19
3.057237739166240635e-19
2.900412691299010115e-19
2.381161827526242242e-21
2.590888187137293281e-19
2.044938997836136457e-19
1.996370787719618379e-19
7.638598452620188479e-20
2.662870000132664998e-19
2.497789880748827740e-19
2.446818560818675139e-19
8.498395810974105638e-20
6.541378501247852054e-20
2.267189771047499163e-19
1.645678410401139177e-19
2.815412247316495737e-19
1.322630228153461167e-19
1.981400351546248417e-19
0.000000000000000000e+00
1.855463564082952193e-19
7.931912387117267768e-20
3.954555787339258253e-19
1.871112285071748724e-19
0.000000000000000000e+00
0.000000000000000000e+00
1.836698297171231962e-19
0.000000000000000000e+00
1.012247854677888056e-19
1.491764807463375434e-19
2.356191608202270978e-19
3.998970783047311577e-20
5.836385063477449197e-20
5.812159881376208491e-20
1.390330819891146989e-19
3.122317047019324348e-19
2.092757518767267285e-19
0.000000000000000000e+00
2.610255546982312142e-19
2.031902629826667662e-19
7.462224437706016259e-20
1.003553133934206927e-19
2.266100376912463873e-19
3.222220319109449606e-19
2.520136062929198781e-19
0.000000000000000000e+00
0.000000000000000000e+00
1.358105499039349978e-19
1.465236578920635983e-19
0.000000000000000000e+00
1.757209485340425969e-19
6.688914452741486289e-20
5.442629792059064695e-20
5.150300516200404111e-20
1.321835514061702382e-19
0.000000000000000000e+00
1.282980493394298881e-19
5.481812116891451611e-20
0.000000000000000000e+00
1.240422470451822882e-19
1.743180666122560190e-19
2.624453255882550098e-19
2.308534703638181671e-19
6.377779840822285547e-20
4.171821552589284673e-19
8.313489139514713889e-20
5.123978589482837873e-20
8.748400679968062096e-20
0.000000000000000000e+00
0.000000000000000000e+00
4.037635688149055918e-20
8.210739473795564363e-20
0.000000000000000000e+00
1.199357325316026223e-19
3.754643502324489576e-19
1.957969981299927740e-19
2.220838131605067391e-19
0.000000000000000000e+00
4.097408493337242898e-20
4.040751487961739791e-20
2.041822371323176180e-19
5.497023341787308599e-20
4.117137522029239994e-20
1.208776303264371115e-19
0.000000000000000000e+00
0.000000000000000000e+00
4.044902527619457399e-19
0.000000000000000000e+00
0.000000000000000000e+00
3.427808300331104338e-20
1.167662778035797050e-19
4.139765661335298782e-20
1.990189758270499252e-19
8.939979435465122774e-20
0.000000000000000000e+00
0.000000000000000000e+00
0.000000000000000000e+00
0.000000000000000000e+00
0.000000000000000000e+00
1.086375096218103278e-19
3.377974519988634893e-20
2.690101926752171284e-20
0.000000000000000000e+00
1.465504054950960287e-19
3.436062892801623017e-20
2.448772481418386926e-20
6.367800563518354323e-20
1.495461069796496958e-19
7.424862898883328482e-20
0.000000000000000000e+00
4.741914550545824760e-19
1.431453257158029340e-19
1.190260194893911334e-19
2.401461387692100751e-19
2.099988086562418886e-19
4.444677390780205894e-20
3.134464089021884153e-20
7.062001498116773360e-20
3.306115188036907477e-20
2.915993105548291380e-20
1.516915054238312229e-19
1.205608494886499615e-19
2.419793616190251832e-19
4.639137125097484299e-20
1.963315095199322354e-19
1.252833361548093010e-19
3.828939211726808715e-20
3.112788803022634698e-20
2.961717212675473592e-20
2.870797138379198941e-20
2.749900812159362686e-19
1.704407240254362190e-19
4.093987513085182815e-20
3.600104112812176167e-19
5.474685139996219787e-20
7.492216963077255669e-20
3.230794033781815618e-19
1.356684904909921163e-19
2.471828885268881350e-19
1.733120591208887064e-19
0.000000000000000000e+00
1.164853118608635487e-19
1.635764791222152864e-19
0.000000000000000000e+00
1.982061177070147098e-19
3.336851866354258905e-19
0.000000000000000000e+00
0.000000000000000000e+00
7.424055502868698605e-20
3.678028774067913033e-20
2.800958663334725000e-19
3.791721745980157314e-19
0.000000000000000000e+00
0.000000000000000000e+00
1.150414597516222943e-19
1.208263602887861596e-19
2.425329121026401160e-19
8.815031214144313956e-20
3.777705815563390344e-20
7.390065829013578689e-20
3.469479221518543091e-20
1.543893752701420893e-19
3.822717516817802158e-20
0.000000000000000000e+00
1.097035589243166604e-19
1.559681069135719469e-19
0.000000000000000000e+00
0.000000000000000000e+00
1.067256045067551703e-19
0.000000000000000000e+00
1.878732422436757707e-19
3.309770569354257803e-20
0.000000000000000000e+00
0.000000000000000000e+00
0.000000000000000000e+00
0.000000000000000000e+00
0.000000000000000000e+00
9.898516551883832721e-20
2.123802819715725485e-20
1.633505565881560261e-20
1.798112648338356221e-19
2.441298388147241621e-20
0.000000000000000000e+00
1.373811367252826278e-19
2.121120636504591181e-20
1.453660807511457324e-20
1.780580151392680453e-19
1.850926938052887207e-19
2.370472434043231658e-20
0.000000000000000000e+00
1.326898713766441052e-20
2.189549739342030857e-19
1.482372826645252802e-19
0.000000000000000000e+00
9.699319118934133544e-20
1.871270641912900105e-20
4.265713321509277650e-19
3.722206795044802833e-20
3.073348841165427570e-19
0.000000000000000000e+00
0.000000000000000000e+00
2.649009532488903779e-19
0.000000000000000000e+00
1.955634463391063222e-20
1.423014973486975709e-19
1.074117403905398697e-19
1.059572825893166470e-19
1.882361763385640079e-19
4.398014182863864388e-19
2.891529355860561086e-19
3.725591631795364942e-20
0.000000000000000000e+00
0.000000000000000000e+00
3.516067158556572680e-19
1.622613282597035371e-19
1.141143466422105366e-19
3.585497971751092746e-19
0.000000000000000000e+00
2.322552991655694350e-19
7.656572973847053485e-20
2.351619084010827784e-19
0.000000000000000000e+00
1.084493336283359129e-19
1.113807562868090485e-19
2.734075911715995132e-20
0.000000000000000000e+00
2.224402600616725569e-20
3.510378194454672252e-19
2.004189203993372289e-19
0.000000000000000000e+00
0.000000000000000000e+00
1.851855686684816984e-19
0.000000000000000000e+00
0.000000000000000000e+00
2.243437625166638262e-19
1.504097982183075778e-19
0.000000000000000000e+00
1.006343100449466690e-19
1.855984983716631703e-19
1.066721245609188334e-19
0.000000000000000000e+00
0.000000000000000000e+00
1.571831999815078311e-20
3.446380725195522010e-19
2.780498318963501167e-20
1.403938696346258636e-19
2.036226564746832802e-20
1.559452228303001392e-20
9.687057382584117858e-20
1.563371545387017265e-20
5.454203492178628923e-20
5.556587216144239646e-20
1.376531113902243324e-19
9.901994033704428945e-20
0.000000000000000000e+00
0.000000000000000000e+00
1.066975435704989831e-20
1.012902348411220807e-20
9.183974944879462525e-20
2.589534432805615202e-19
5.906868075581061087e-20
1.232994711654594124e-20
1.746802156755620288e-19
2.210287581180250025e-19
0.000000000000000000e+00
1.104151348569489526e-20
5.152509839009904123e-20
1.350929885681134792e-19
5.526544954434676907e-20
9.433844523400998706e-20
9.503347125007752185e-20
0.000000000000000000e+00
0.000000000000000000e+00
9.140371410570928124e-20
1.347689780682503500e-19
1.277800532799547213e-20
9.150249247648912574e-20
9.891821339159935778e-21
3.789406800011526912e-19
1.883644632735878414e-20
0.000000000000000000e+00
1.737161596266061466e-19
2.193572676553148693e-19
1.545700152682108245e-20
1.034033701129787396e-20
2.978671838969065163e-19
0.000000000000000000e+00
0.000000000000000000e+00
3.802435599220005130e-19
6.034752421611606394e-20
1.269864782495936655e-20
2.166216081001096681e-19
2.214439872975447733e-19
1.811738701464264071e-19
1.590716580015228845e-20
1.197955301458641088e-20
1.346840356481920369e-19
2.607640394402565065e-19
2.638635531687897537e-19
3.059088027600444971e-19
3.076173563847947923e-19
0.000000000000000000e+00
1.411371538974911581e-20
2.191765295193911343e-19
0.000000000000000000e+00
3.834725237910613892e-19
0.000000000000000000e+00
1.778603043775160332e-19
0.000000000000000000e+00
2.591139764933529608e-19
3.045681419079954294e-19
1.824840374640750163e-19
0.000000000000000000e+00
1.769657249533663828e-19
9.692081146719776442e-20
1.777647644171563260e-19
3.435659309089674834e-19
1.819084847592437706e-19
1.790502686651239076e-19
1.450581696733488826e-20
1.143962207909567015e-20
1.037642782244241335e-20
9.405886384255726181e-21
1.320223604909078744e-19
0.000000000000000000e+00
1.720323153277683059e-19
8.503369735281646789e-21
2.535160668649016703e-19
0.000000000000000000e+00
0.000000000000000000e+00
1.289772941180993729e-19
6.768685873807393756e-21
8.731623368913349904e-20
0.000000000000000000e+00
4.536680427130702677e-20
4.366759699733559252e-21
3.461787847581511981e-21
8.537464203644892412e-20
3.248770389063574496e-21
2.908122264565138018e-19
0.000000000000000000e+00
3.110276331517689137e-21
0.000000000000000000e+00
3.319760012879308513e-19
0.000000000000000000e+00
4.446233637434858151e-20
1.270277312934457338e-19
2.513156285309375523e-19
0.000000000000000000e+00
2.096018337484193731e-19
1.699737901150530810e-19
2.523439951748650500e-19
0.000000000000000000e+00
1.278302757248078961e-19
4.784920634875745183e-21
4.484679258328066183e-20
0.000000000000000000e+00
2.701585429053518554e-21
4.553532532885791137e-19
4.967773430732711721e-21
8.529296295032487902e-20
2.967001265756091461e-21
0.000000000000000000e+00
8.420417824722695517e-20
0.000000000000000000e+00
2.895662321870174124e-19
2.365472384073651096e-21
8.382024767024030451e-20
2.486695662707250868e-19
2.904579706530366782e-19
2.474067226385846142e-21
4.282576298702839979e-20
4.252372634821484648e-20
9.996870615055918285e-22
0.000000000000000000e+00
3.575825524895309842e-22
1.858766280703329768e-22
2.060619344379822311e-19
1.583890571272915656e-22
8.694980411222764039e-24
1.743939201856707618e-24
2.498986288466791102e-25
2.663946498737360101e-26
2.498055625518105159e-27
2.672454117543548376e-28
3.216796153523128044e-29
3.908323779024250270e-30
4.584411634142650839e-31
5.212735904210805395e-32
5.706151058497307015e-33
5.906391234313782814e-34
5.819889948240294800e-35
5.652170604561118313e-36
5.643862538064137916e-37
6.000595122567194381e-38
6.868682317953015713e-39
8.342605751706684008e-40
1.047534581152449620e-40
1.328602786940973685e-41
1.678085462277508655e-42
2.094977332849614483e-43
2.573210922011050349e-44
3.098816682166491550e-45
3.651907137555209045e-46
4.213214008226602683e-47
4.770240295327819013e-48
5.318230349694399101e-49
5.855811299515990700e-50
6.379639106857725909e-51
6.882666104154392042e-52
7.357108689733463509e-53
7.799502645734001834e-54
8.214300806949531617e-55
8.614269689067570063e-56
9.018475779694485078e-57
9.449933214871979191e-58
9.934388818288750695e-59
1.050010890613200181e-59
1.117746765302244286e-60
1.199755974508218059e-61
1.299054065798692702e-62
1.418561542590416868e-63
1.561447710520236280e-64
1.731844999241980013e-65
1.935745266378521511e-66
2.181737176310642531e-67
2.481248603537938393e-68
2.848139561865286770e-69
3.297772671394388519e-70
3.845927168366157779e-71
4.507985083624629656e-72
5.298656140718471889e-73
6.232189314500349594e-74
7.322694856649403848e-75
8.584028868606443198e-76
1.002876368984025522e-76
1.166606800103426087e-77
1.349874509897010304e-78
1.552007526871551812e-79
1.771133875881225167e-80
2.004087715142261347e-81
2.246528268690916688e-82
2.493286924716077043e-83
2.738911436082084792e-84
2.978341928060915803e-85
3.207642033714786120e-86
3.424721665173871438e-87
3.630017215777635657e-88
3.827124826349069471e-89
4.023396800461322907e-90
4.230501384704405457e-91
4.464914554558954621e-92
4.748272624858282799e-93
5.107484965781225474e-94
5.574502329174658512e-95
6.185664111388377766e-96
6.980601425345049015e-97
8.000737655978153446e-98
9.287487594648365229e-99
1.088029802011447683e-99
1.281469252545317960e-100
1.512048499933701911e-101
1.782031696513912711e-102
2.092866052806431664e-103
2.445141283218222857e-104
2.838618584105512605e-105
3.272335953260759394e-106
3.744791072740928498e-107
4.254195320130756476e-108
4.798783671817165149e-109
5.377157308351424455e-110
5.988631371760973838e-111
6.633562331110799200e-112
7.313639576883863348e-113
8.032143955487777498e-114
8.794198999083909662e-115
9.607062853150424812e-116
1.048052273626799728e-116
1.142745156777242861e-117
1.246456307769482308e-118
1.361335721781310018e-119
1.490118864140195729e-120
1.636233061265370733e-121
1.803886245740029938e-122
1.998119815658321262e-123
2.224810931226013119e-124
2.490617997131924788e-125
2.802875368190042773e-126
3.169457294584621160e-127
3.598643866362930639e-128
4.099030223031067731e-129
4.679522229215505627e-130
5.349456112791675975e-131
6.118866695318574606e-132
6.998910732776059343e-133
8.002431437134775321e-134
9.144630728059912686e-135
1.044380013000811834e-135
1.192205163250761540e-136
1.360598732174823802e-137
1.552725105938292101e-138
1.772291576151677441e-139
2.023567389875403034e-140
2.311381410847269041e-141
2.641098049271165180e-142
3.018572076704285580e-143
3.450083333224005210e-144
3.942252154598801474e-145
4.501935809603625571e-146
5.136105787065608067e-147
5.851706047669733798e-148
6.655494079451454019e-149
7.553870401031845320e-150
8.552708381600387845e-151
9.657204750090854575e-152
1.087178121601429017e-152
1.220007790840176142e-153
1.364508811306575780e-154
1.520948914697327352e-155
1.689622442662985346e-156
1.870938565473172713e-157
2.065543112446677706e-158
2.274475686599085135e-159
2.499361301496866022e-160
2.742633029854458020e-161
3.007779320994790100e-162
3.299606964664891538e-163
3.624508369037211924e-164
3.990720060707161980e-165
4.408558238316244639e-166
4.890616908911880317e-167
5.451914660544178283e-168
6.109977504429323568e-169
6.884847472894517139e-170
7.799009806065173403e-171
8.877235637265419256e-172
1.014634215363891476e-172
1.163487834316737270e-173
1.337275171855539309e-174
1.539081986081038886e-175
1.772048015872276064e-176
2.039330142965497919e-177
2.344075157889355581e-178
2.689408510036689456e-179
3.078446167235550721e-180
3.514337070605361168e-181
4.000343474688057299e-182
4.539965567362083814e-183
5.137115097917803983e-184
5.796340356321926007e-185
6.523101967921338436e-186
7.324096054260789456e-187
8.207619144527085067e-188
9.183969107158546414e-189
1.026588062068150121e-189
1.146900683597496022e-190
1.281249046475186336e-191
1.431973874068015483e-192
1.601967524193137004e-193
1.794909511759500218e-194
2.015754098699858260e-195
2.271788624002594245e-196
2.574976475634521145e-197
2.947178339749469439e-198
3.431795047943602911e-199
4.119675707883765515e-200
5.206573107935313592e-201
7.120039345854241432e-202
1.079843659337304503e-202
1.830154322519275837e-203
3.414043399810135333e-204
6.815979305228918843e-205
1.417541082703133050e-205
3.012073850907437259e-206
6.461766740139864560e-207
1.390205923285588798e-207
2.988640187332741446e-208
6.407639836672152850e-209
1.368705780738926356e-209
2.911215946428000097e-210
6.164020491199716699e-211
1.298998368078438993e-211
2.724376503830780465e-212
5.686096773888988840e-213
1.180953316088317117e-213
2.440673202802796890e-214
5.019197410695718251e-215
1.027063217058263508e-215
2.091170584716269329e-216
4.236454858728966052e-217
8.539415476167051184e-218
1.712607387587328757e-218
3.417301340323583262e-219
6.784162086446697912e-220
1.339949056152962143e-220
2.633001587341909410e-221
5.147262445045770901e-222
1.001049194764104654e-222
1.936778554162728362e-223
3.727704141958963831e-224
7.137255940863387570e-225
1.359379998615761499e-225
2.575500362269632082e-226
4.853832824421030466e-227
9.099169528320693613e-228
1.696694629910078231e-228
3.146891743452738885e-229
5.805334796821780582e-230
1.065200124901929254e-230
1.943948230331130620e-231
3.528407740316628910e-232
6.369486429495029987e-233
1.143543260758913871e-233
2.041804808768845073e-234
3.625602220810491271e-235
6.402376629346515952e-236
1.124315495843355970e-236
1.963413736248974246e-237
3.409595023500520950e-238
5.887782612540848610e-239
1.010995763015763896e-239
1.726179944271083637e-240
2.930572543134609954e-241
4.946967273215154929e-242
8.303021762437481567e-243
1.385588514612678536e-243
2.298918995973891186e-244
3.792229818289208169e-245
6.219242032908224152e-246
1.014010134986803737e-246
1.643612031570645184e-247
2.648491665395890224e-248
4.242582043043157245e-249
6.755915952676685819e-250
1.069425507453643700e-250
1.682747929414412702e-251
2.631962414508414608e-252
4.091873609714572038e-253
6.323192689364410070e-254
9.712074833622063324e-255
1.482650171039400556e-255
2.249603884085935017e-256
3.392373598381173847e-257
5.084181864779037922e-258
7.572647328524022696e-259
1.120915971150287848e-259
1.648870025702086827e-260
2.410333556247195532e-261
3.501341687069346157e-262
5.054144796678883814e-263
7.249463456845500380e-264
1.033232740163823784e-264
1.463233445365661745e-265
2.058928422006911244e-266
2.878524947874930023e-267
3.998423238529960480e-268
5.518059594426542046e-269
7.565744256371087804e-270
1.030560060581783778e-270
1.394569030869208131e-271
1.874737246742211355e-272
2.503589081542441298e-273
3.321210874335907913e-274
4.376521541280345965e-275
5.728610639861041507e-276
7.448099979389575192e-277
9.618468620329007129e-278
1.233726338421901812e-278
1.571709863869322765e-279
1.988633129185977872e-280
2.498928112377700863e-281
3.118585460036919110e-282
3.865042419245866876e-283
4.756981711688228297e-284
5.814027944740155868e-285
7.056330558863921670e-286
8.504026056812911209e-287
1.017657741483828464e-287
1.209199510785868730e-288
1.426595193774086561e-289
1.671081254893831376e-290
1.943460771934078567e-291
2.243999266136838978e-292
2.572323697970097134e-293
2.927330085042022083e-294
3.307105662869640133e-295
3.708871671421138372e-296
4.128952647292597244e-297
4.562777488580664575e-298
5.004916518301576452e-299
5.449157315451748987e-300
5.888620258503808701e-301
6.315912618140017230e-302
6.723317761467143732e-303
7.103013733131402386e-304
7.447313321586557614e-305
7.748915868722817195e-306
8.001159696869968468e-307
8.198263244466422283e-308
8.335542918991895566e-309
8.409596343377174500e-310
8.418441084383698361e-311
8.361601043914225662e-312
8.240135346160000064e-313
8.056607595786589085e-314
7.814996612702569860e-315
7.520552934205007231e-316
7.179608310949138152e-317
6.799346240036610178e-318
6.387527702258555946e-319
5.952008835449497118e-320
5.498950638213074037e-321
5.039469587580714751e-322
3.952525166729972353e-323
0.000000000000000000e+00
0.000000000000000000e+00
0.000000000000000000e+00
0.000000000000000000e+00
0.000000000000000000e+00
0.000000000000000000e+00
0.000000000000000000e+00
0.000000000000000000e+00
0.000000000000000000e+00
0.000000000000000000e+00
0.000000000000000000e+00
0.000000000000000000e+00
0.000000000000000000e+00
0.000000000000000000e+00
0.000000000000000000e+00
0.000000000000000000e+00
0.000000000000000000e+00
0.000000000000000000e+00
0.000000000000000000e+00
0.000000000000000000e+00
0.000000000000000000e+00
0.000000000000000000e+00
0.000000000000000000e+00
0.000000000000000000e+00
0.000000000000000000e+00
0.000000000000000000e+00
0.000000000000000000e+00
0.000000000000000000e+00
0.000000000000000000e+00
0.000000000000000000e+00
0.000000000000000000e+00
0.000000000000000000e+00
0.000000000000000000e+00
0.000000000000000000e+00
0.000000000000000000e+00
0.000000000000000000e+00
0.000000000000000000e+00
0.000000000000000000e+00
0.000000000000000000e+00
0.000000000000000000e+00
0.000000000000000000e+00
0.000000000000000000e+00
0.000000000000000000e+00
0.000000000000000000e+00
0.000000000000000000e+00
0.000000000000000000e+00
0.000000000000000000e+00
0.000000000000000000e+00
0.000000000000000000e+00
0.000000000000000000e+00
0.000000000000000000e+00
0.000000000000000000e+00
0.000000000000000000e+00
0.000000000000000000e+00
0.000000000000000000e+00
0.000000000000000000e+00
0.000000000000000000e+00
0.000000000000000000e+00
0.000000000000000000e+00
0.000000000000000000e+00
0.000000000000000000e+00
0.000000000000000000e+00
0.000000000000000000e+00
0.000000000000000000e+00
0.000000000000000000e+00
0.000000000000000000e+00
0.000000000000000000e+00
0.000000000000000000e+00
0.000000000000000000e+00
0.000000000000000000e+00
0.000000000000000000e+00
0.000000000000000000e+00
0.000000000000000000e+00
0.000000000000000000e+00
0.000000000000000000e+00
0.000000000000000000e+00
0.000000000000000000e+00
0.000000000000000000e+00
0.000000000000000000e+00
0.000000000000000000e+00
0.000000000000000000e+00
0.000000000000000000e+00
0.000000000000000000e+00
0.000000000000000000e+00
0.000000000000000000e+00
0.000000000000000000e+00
0.000000000000000000e+00
0.000000000000000000e+00
0.000000000000000000e+00
0.000000000000000000e+00
0.000000000000000000e+00
0.000000000000000000e+00
0.000000000000000000e+00
0.000000000000000000e+00
0.000000000000000000e+00
0.000000000000000000e+00
0.000000000000000000e+00
0.000000000000000000e+00
0.000000000000000000e+00
0.000000000000000000e+00
0.000000000000000000e+00
0.000000000000000000e+00
0.000000000000000000e+00
0.000000000000000000e+00
0.000000000000000000e+00
0.000000000000000000e+00
0.000000000000000000e+00
0.000000000000000000e+00
0.000000000000000000e+00
0.000000000000000000e+00
0.000000000000000000e+00
0.000000000000000000e+00
0.000000000000000000e+00
0.000000000000000000e+00
0.000000000000000000e+00
0.000000000000000000e+00
0.000000000000000000e+00
0.000000000000000000e+00
0.000000000000000000e+00
0.000000000000000000e+00
0.000000000000000000e+00
0.000000000000000000e+00
0.000000000000000000e+00
0.000000000000000000e+00
0.000000000000000000e+00
0.000000000000000000e+00
0.000000000000000000e+00
0.000000000000000000e+00
0.000000000000000000e+00
0.000000000000000000e+00
0.000000000000000000e+00
0.000000000000000000e+00
0.000000000000000000e+00
0.000000000000000000e+00
0.000000000000000000e+00
0.000000000000000000e+00
0.000000000000000000e+00
0.000000000000000000e+00
0.000000000000000000e+00
0.000000000000000000e+00
0.000000000000000000e+00
0.000000000000000000e+00
0.000000000000000000e+00
0.000000000000000000e+00
0.000000000000000000e+00
0.000000000000000000e+00
0.000000000000000000e+00
0.000000000000000000e+00
0.000000000000000000e+00
0.000000000000000000e+00
0.000000000000000000e+00
0.000000000000000000e+00
0.000000000000000000e+00
0.000000000000000000e+00
0.000000000000000000e+00
0.000000000000000000e+00
0.000000000000000000e+00
0.000000000000000000e+00
0.000000000000000000e+00
0.000000000000000000e+00
0.000000000000000000e+00
0.000000000000000000e+00
0.000000000000000000e+00
0.000000000000000000e+00
0.000000000000000000e+00
0.000000000000000000e+00
0.000000000000000000e+00
0.000000000000000000e+00
0.000000000000000000e+00
0.000000000000000000e+00
0.000000000000000000e+00
0.000000000000000000e+00
0.000000000000000000e+00
0.000000000000000000e+00
0.000000000000000000e+00
0.000000000000000000e+00
0.000000000000000000e+00
0.000000000000000000e+00
0.000000000000000000e+00
0.000000000000000000e+00
0.000000000000000000e+00
0.000000000000000000e+00
0.000000000000000000e+00
0.000000000000000000e+00
0.000000000000000000e+00
0.000000000000000000e+00
0.000000000000000000e+00
0.000000000000000000e+00
0.000000000000000000e+00
0.000000000000000000e+00
0.000000000000000000e+00
0.000000000000000000e+00
0.000000000000000000e+00
0.000000000000000000e+00
0.000000000000000000e+00
0.000000000000000000e+00
0.000000000000000000e+00
0.000000000000000000e+00
0.000000000000000000e+00
0.000000000000000000e+00
0.000000000000000000e+00
0.000000000000000000e+00
0.000000000000000000e+00
0.000000000000000000e+00
0.000000000000000000e+00
0.000000000000000000e+00
0.000000000000000000e+00
0.000000000000000000e+00
0.000000000000000000e+00
0.000000000000000000e+00
0.000000000000000000e+00
0.000000000000000000e+00
0.000000000000000000e+00
0.000000000000000000e+00
0.000000000000000000e+00
0.000000000000000000e+00
0.000000000000000000e+00
0.000000000000000000e+00
0.000000000000000000e+00
0.000000000000000000e+00
0.000000000000000000e+00
0.000000000000000000e+00
0.000000000000000000e+00
0.000000000000000000e+00
0.000000000000000000e+00
0.000000000000000000e+00
0.000000000000000000e+00
0.000000000000000000e+00
0.000000000000000000e+00
0.000000000000000000e+00
0.000000000000000000e+00
0.000000000000000000e+00
0.000000000000000000e+00
0.000000000000000000e+00
0.000000000000000000e+00
0.000000000000000000e+00
0.000000000000000000e+00
0.000000000000000000e+00
0.000000000000000000e+00
0.000000000000000000e+00
0.000000000000000000e+00
0.000000000000000000e+00
0.000000000000000000e+00
0.000000000000000000e+00
0.000000000000000000e+00
0.000000000000000000e+00
0.000000000000000000e+00
0.000000000000000000e+00
0.000000000000000000e+00
0.000000000000000000e+00
0.000000000000000000e+00
0.000000000000000000e+00
0.000000000000000000e+00
0.000000000000000000e+00
0.000000000000000000e+00
0.000000000000000000e+00
0.000000000000000000e+00
0.000000000000000000e+00
0.000000000000000000e+00
0.000000000000000000e+00
0.000000000000000000e+00
0.000000000000000000e+00
0.000000000000000000e+00
0.000000000000000000e+00
0.000000000000000000e+00
0.000000000000000000e+00
0.000000000000000000e+00
0.000000000000000000e+00
0.000000000000000000e+00
0.000000000000000000e+00
0.000000000000000000e+00
0.000000000000000000e+00
0.000000000000000000e+00
0.000000000000000000e+00
0.000000000000000000e+00
0.000000000000000000e+00
0.000000000000000000e+00
0.000000000000000000e+00
0.000000000000000000e+00
0.000000000000000000e+00
0.000000000000000000e+00
0.000000000000000000e+00
0.000000000000000000e+00
0.000000000000000000e+00
0.000000000000000000e+00
0.000000000000000000e+00
0.000000000000000000e+00
0.000000000000000000e+00
0.000000000000000000e+00
0.000000000000000000e+00
0.000000000000000000e+00
0.000000000000000000e+00
0.000000000000000000e+00
0.000000000000000000e+00
0.000000000000000000e+00
0.000000000000000000e+00
0.000000000000000000e+00
0.000000000000000000e+00
0.000000000000000000e+00
0.000000000000000000e+00
0.000000000000000000e+00
0.000000000000000000e+00
0.000000000000000000e+00
0.000000000000000000e+00
0.000000000000000000e+00
0.000000000000000000e+00
0.000000000000000000e+00
0.000000000000000000e+00
0.000000000000000000e+00
0.000000000000000000e+00
0.000000000000000000e+00
0.000000000000000000e+00
0.000000000000000000e+00
0.000000000000000000e+00
0.000000000000000000e+00
0.000000000000000000e+00
0.000000000000000000e+00
0.000000000000000000e+00
0.000000000000000000e+00
0.000000000000000000e+00
0.000000000000000000e+00
0.000000000000000000e+00
0.000000000000000000e+00
0.000000000000000000e+00
0.000000000000000000e+00
0.000000000000000000e+00
0.000000000000000000e+00
0.000000000000000000e+00
0.000000000000000000e+00
0.000000000000000000e+00
0.000000000000000000e+00
0.000000000000000000e+00
0.000000000000000000e+00
0.000000000000000000e+00
0.000000000000000000e+00
0.000000000000000000e+00
0.000000000000000000e+00
0.000000000000000000e+00
0.000000000000000000e+00
0.000000000000000000e+00
0.000000000000000000e+00
0.000000000000000000e+00
0.000000000000000000e+00
0.000000000000000000e+00
0.000000000000000000e+00
0.000000000000000000e+00
0.000000000000000000e+00
0.000000000000000000e+00
0.000000000000000000e+00
0.000000000000000000e+00
0.000000000000000000e+00
0.000000000000000000e+00
0.000000000000000000e+00
0.000000000000000000e+00
0.000000000000000000e+00
0.000000000000000000e+00
0.000000000000000000e+00
0.000000000000000000e+00
0.000000000000000000e+00
0.000000000000000000e+00
0.000000000000000000e+00
0.000000000000000000e+00
0.000000000000000000e+00
0.000000000000000000e+00
0.000000000000000000e+00
0.000000000000000000e+00
0.000000000000000000e+00
0.000000000000000000e+00
0.000000000000000000e+00
0.000000000000000000e+00
0.000000000000000000e+00
0.000000000000000000e+00
0.000000000000000000e+00
0.000000000000000000e+00
0.000000000000000000e+00
0.000000000000000000e+00
0.000000000000000000e+00
0.000000000000000000e+00
0.000000000000000000e+00
0.000000000000000000e+00
0.000000000000000000e+00
0.000000000000000000e+00
0.000000000000000000e+00
0.000000000000000000e+00
0.000000000000000000e+00
0.000000000000000000e+00
0.000000000000000000e+00
0.000000000000000000e+00
0.000000000000000000e+00
0.000000000000000000e+00
0.000000000000000000e+00
0.000000000000000000e+00
0.000000000000000000e+00
0.000000000000000000e+00
0.000000000000000000e+00
0.000000000000000000e+00
0.000000000000000000e+00
0.000000000000000000e+00
0.000000000000000000e+00
0.000000000000000000e+00
0.000000000000000000e+00
0.000000000000000000e+00
0.000000000000000000e+00
0.000000000000000000e+00
0.000000000000000000e+00
0.000000000000000000e+00
0.000000000000000000e+00
0.000000000000000000e+00
0.000000000000000000e+00
0.000000000000000000e+00
0.000000000000000000e+00
0.000000000000000000e+00
0.000000000000000000e+00
0.000000000000000000e+00
0.000000000000000000e+00
0.000000000000000000e+00
0.000000000000000000e+00
0.000000000000000000e+00
0.000000000000000000e+00
0.000000000000000000e+00
0.000000000000000000e+00
0.000000000000000000e+00
0.000000000000000000e+00
0.000000000000000000e+00
0.000000000000000000e+00
0.000000000000000000e+00
0.000000000000000000e+00
0.000000000000000000e+00
0.000000000000000000e+00
0.000000000000000000e+00
0.000000000000000000e+00
0.000000000000000000e+00
0.000000000000000000e+00
0.000000000000000000e+00
0.000000000000000000e+00
0.000000000000000000e+00
0.000000000000000000e+00
0.000000000000000000e+00
0.000000000000000000e+00
0.000000000000000000e+00
0.000000000000000000e+00
0.000000000000000000e+00
0.000000000000000000e+00
0.000000000000000000e+00
0.000000000000000000e+00
0.000000000000000000e+00
0.000000000000000000e+00
0.000000000000000000e+00
0.000000000000000000e+00
0.000000000000000000e+00
0.000000000000000000e+00
0.000000000000000000e+00
0.000000000000000000e+00
0.000000000000000000e+00
0.000000000000000000e+00
0.000000000000000000e+00
0.000000000000000000e+00
0.000000000000000000e+00
0.000000000000000000e+00
0.000000000000000000e+00
0.000000000000000000e+00
0.000000000000000000e+00
0.000000000000000000e+00
0.000000000000000000e+00
0.000000000000000000e+00
0.000000000000000000e+00
0.000000000000000000e+00
0.000000000000000000e+00
0.000000000000000000e+00
0.000000000000000000e+00
0.000000000000000000e+00
0.000000000000000000e+00
0.000000000000000000e+00
