2.249142725750286620e-01
6.918464879835348191e-02
7.305069913328231246e-02
8.393194709926748986e-02
8.861356161733610626e-02
8.659852520582125845e-02
7.978862102688952240e-02
7.012119914929135223e-02
5.913569548842032009e-02
4.794700024525772042e-02
3.732976675865904564e-02
2.781655965614299869e-02
1.974871685553210299e-02
1.328653599381609748e-02
8.417601758792265382e-03
4.985214701136813503e-03
2.736322189964724740e-03
1.377974655302234260e-03
6.290582931360305793e-04
2.566207759172652188e-04
9.195336372709533672e-05
2.834553280658612702e-05
7.329448580179858248e-06
1.541526200024206024e-06
2.539649540670084621e-07
3.129815701452083189e-08
2.726285201769820152e-09
1.564356958797668698e-10
5.405686353945391488e-12
9.984987882433376667e-14
8.326086512278765741e-16
2.422344189228405515e-18
1.585366788975794324e-21
1.008704147755830242e-25
9.236654495801083850e-32
2.688220266286635059e-42
