2.144436924335893779e-01
2.971349451546780734e-02
1.266740780711237378e-02
1.036444121994192259e-02
1.065575222987648861e-02
1.139302649705001801e-02
1.214307360790230217e-02
1.283371643817434252e-02
1.346273337083800543e-02
1.403587601333715525e-02
1.455664792562124180e-02
1.502615389068858755e-02
1.544414360893212046e-02
1.580981962604703639e-02
1.612235066216438639e-02
1.638118151216053434e-02
1.658620682651591391e-02
1.673785093852277889e-02
1.683708234372810128e-02
1.688538404561396034e-02
1.688469610318259900e-02
1.683734288500093185e-02
1.674595430246806488e-02
1.661338757107276229e-02
1.644265382382901347e-02
1.623685215931328432e-02
1.599911240465396595e-02
1.573254694850239471e-02
1.544021137939758856e-02
1.512507328161375765e-02
1.478998833177297412e-02
1.443768275379275247e-02
1.407074118651053564e-02
1.369159906688372300e-02
1.330253870972207195e-02
1.290568835692425601e-02
1.250302356479701324e-02
1.209637039069503574e-02
1.168740992613187014e-02
1.127768380076315212e-02
1.086860034957607031e-02
1.046144119436258173e-02
1.005736804070614908e-02
9.657429534101483887e-03
9.262568054374120327e-03
8.873626357181467472e-03
8.491353995904588059e-03
8.116413477433496657e-03
7.749386121861445882e-03
7.390777609483248876e-03
7.041023209206665433e-03
6.700492690915858113e-03
6.369494930799677636e-03
6.048282223451033161e-03
5.737054317895450527e-03
5.435962196834347344e-03
5.145111619479111192e-03
4.864566448587437884e-03
4.594351781852672872e-03
4.334456906792818337e-03
4.084838096874172236e-03
3.845421264910718704e-03
3.616104487913165792e-03
3.396760415617903778e-03
3.187238572984883722e-03
2.987367565082313294e-03
2.796957191024610281e-03
2.615800472037694245e-03
2.443675597316694991e-03
2.280347790131596279e-03
2.125571095629960258e-03
1.979090090981688085e-03
1.840641517899055737e-03
1.709955837133171576e-03
1.586758704278891678e-03
1.470772366094942087e-03
1.361716976545281283e-03
1.259311831871056352e-03
1.163276524190622096e-03
1.073332013379373322e-03
9.892016172840128498e-04
9.106119206626691210e-04
8.372936035977975250e-04
7.689821904921203188e-04
7.054187211180145594e-04
6.463503455391010925e-04
5.915308450526439053e-04
5.407210816066772285e-04
4.936893784225793603e-04
4.502118347988611174e-04
4.100725782832348692e-04
3.730639575764050806e-04
3.389866796721396382e-04
3.076498948442849967e-04
2.788712331634793352e-04
2.524767962653553686e-04
2.283011081002750777e-04
2.061870283733989906e-04
1.859856323359563852e-04
1.675560605158933148e-04
1.507653418814091121e-04
1.354881938165096499e-04
1.216068021563751109e-04
1.090105843845983987e-04
9.759593893638753275e-05
8.726598338449446652e-05
7.793028410990337650e-05
6.950457987950914708e-05
6.191050157017838427e-05
5.507529009471619691e-05
4.893151440182075702e-05
4.341679124116973082e-05
3.847350820725270465e-05
3.404855140314410868e-05
3.009303889884166528e-05
2.656206099927444276e-05
2.341442818534105177e-05
2.061242744763016322e-05
1.812158759808726765e-05
1.591045401906234134e-05
1.395037319326765557e-05
1.221528725132857105e-05
1.068153867640301683e-05
9.327685217495861262e-06
8.134324984308119441e-06
7.083931626670217580e-06
6.160699440312249196e-06
5.350398187651590194e-06
4.640237377062186207e-06
4.018739705933423201e-06
3.475623341863827162e-06
3.001692691425672439e-06
2.588737286952265178e-06
2.229438408196553340e-06
1.917283046898905203e-06
1.646484817708207755e-06
1.411911418392739217e-06
1.209018244878730077e-06
1.033787772422930604e-06
8.826743223927228654e-07
7.525538444145700785e-07
6.406783558143709386e-07
5.446346937035377352e-07
4.623072497472233378e-07
3.918443730150671556e-07
3.316281424343329212e-07
2.802472266095091666e-07
2.364725653754148354e-07
1.992356238319164866e-07
1.676089859583795582e-07
1.407890708310116566e-07
1.180807700243823561e-07
9.888381979901612428e-08
8.268073613667922778e-08
6.902615449371651449e-08
5.753742923211363836e-08
4.788636019159093661e-08
3.979192546955168445e-08
3.301391051694417937e-08
2.734733391183705601e-08
2.261757963239461899e-08
1.867615456126733491e-08
1.539699810257017909e-08
1.267327824376233249e-08
1.041461535174200590e-08
8.544681257204233481e-09
6.999126867908386883e-09
5.723796870173884055e-09
4.673194656185270227e-09
3.809165016293788039e-09
3.099765837111425347e-09
2.518303574523321643e-09
2.042510326086210889e-09
1.653843067544850161e-09
1.336888059112911622e-09
1.078855643082591279e-09
8.691525183076890717e-10
6.990203307781749725e-10
5.612308796530680702e-10
4.498295749540515187e-10
3.599199230172050178e-10
2.874828384159210126e-10
2.292254406377863385e-10
1.824547777119876073e-10
1.449725769666342476e-10
1.149876798473063366e-10
9.104334673165711920e-11
7.195702058495091755e-11
5.677050402196474231e-11
4.470885281939126883e-11
3.514649515149817006e-11
2.757939615307819634e-11
2.160221135500534771e-11
1.688958138679919587e-11
1.318084478028852001e-11
1.026756830687192801e-11
7.983412038611743842e-12
6.195870007664405880e-12
4.799603161947711209e-12
3.711024766359362202e-12
2.863942957374354439e-12
2.206037040319430643e-12
1.696041000158328834e-12
1.301457439164653045e-12
9.967597498565703380e-13
7.619286617289984019e-13
5.812966266049306479e-13
4.426251051999636376e-13
3.363770524397334113e-13
2.551308092577843138e-13
1.931278666170685571e-13
1.459038610008025122e-13
1.100070380308991323e-13
8.277720565898167831e-14
6.216267520052798921e-14
4.658691398628944009e-14
3.484356718774846753e-14
2.600732537404433343e-14
1.937269342007742652e-14
1.440004943762457047e-14
1.068175808909138271e-14
7.908427967907254742e-15
5.841678944019321342e-15
4.306244746040732627e-15
3.167625600461518896e-15
2.325346302793058359e-15
1.703219115237470854e-15
1.245178561237727014e-15
9.079229622314210917e-16
6.603467197895420381e-16
4.797870012988040631e-16
3.475041655900072798e-16
2.506907457807567903e-16
1.809391220795916408e-16
1.300030229275767020e-16
9.340142550779234223e-17
6.649824887742024307e-17
4.772041811008615986e-17
3.395587869855555511e-17
2.417819344375923318e-17
1.744529094138882157e-17
1.222217655291804471e-17
8.729563706961542942e-18
6.208073429682642157e-18
3.984759339551282761e-18
3.040594527906880327e-18
1.974415675721657274e-18
1.767318276360072739e-18
9.205259980543676502e-19
8.417682624402087059e-19
9.784906613837504050e-19
4.290648828260043402e-19
8.937045531474737790e-19
9.773792314055675057e-20
3.420500384818511737e-19
1.490744889233597908e-19
1.977872739728781752e-19
1.018706331252970722e-19
8.132314875212591479e-20
1.568373482305645751e-19
4.169588897917200646e-19
0.000000000000000000e+00
5.866798588963852108e-20
5.484428922289284078e-20
0.000000000000000000e+00
3.043108843437811258e-19
3.252753255667163299e-19
5.010807828128103636e-19
8.613029063089260601e-20
0.000000000000000000e+00
3.935556923209736658e-19
0.000000000000000000e+00
3.954281759674489583e-19
0.000000000000000000e+00
2.234385412847358803e-19
4.933983883882886632e-19
1.701971863369206687e-19
6.493704762289887265e-20
1.409656883863731757e-19
5.948925523434258643e-20
3.100226110563220598e-19
1.540292052848654364e-19
1.450588779422448624e-19
1.433093055425649257e-19
5.591067284412697719e-20
0.000000000000000000e+00
2.147508049668856609e-19
5.248609165259777541e-20
0.000000000000000000e+00
2.088743643136405625e-19
4.769658230378284161e-19
1.500819476613345155e-19
0.000000000000000000e+00
3.722949467467012436e-20
3.557787544586565591e-20
4.642505260076161254e-19
2.302774483958060721e-19
0.000000000000000000e+00
4.646299544569388261e-19
4.027472239989123725e-19
5.840079153086045840e-20
4.084010150705400700e-20
3.823693004513519253e-19
5.516837831752444258e-20
1.255868177076767401e-19
4.195335504882437095e-20
3.550403802002190979e-20
3.283288069591159550e-20
0.000000000000000000e+00
1.132581126024776071e-19
3.064246609662071854e-20
2.830528205678504238e-19
1.217138412083955380e-19
2.947703750543957914e-20
2.331524934734119462e-20
5.381508565217284719e-19
0.000000000000000000e+00
3.679265022292598647e-19
2.059806509450414799e-19
2.869650200777491214e-19
0.000000000000000000e+00
4.552276490063590998e-19
0.000000000000000000e+00
0.000000000000000000e+00
0.000000000000000000e+00
4.527709096031299388e-19
2.105349607489100946e-19
1.177434181336919030e-19
0.000000000000000000e+00
1.953849200578492803e-19
2.003992694487372247e-19
3.730607994781747949e-19
2.070837795269100200e-19
0.000000000000000000e+00
2.346960102553577471e-20
0.000000000000000000e+00
1.930292643811564219e-20
1.753452517637264243e-20
1.879090735667930508e-19
4.478530725116274358e-19
2.688876457434895199e-20
0.000000000000000000e+00
1.865317100720350055e-19
1.801411488688903463e-20
1.856932235552956145e-19
0.000000000000000000e+00
0.000000000000000000e+00
9.742759867006270158e-21
3.532690164534305927e-19
4.472606749669769428e-19
2.084236823020766603e-20
1.290697047951079152e-20
0.000000000000000000e+00
2.687353272908782274e-19
5.321932712949334098e-19
1.942563623584715802e-19
1.898797449600285482e-19
4.482883196488859191e-19
1.950127001236746449e-19
4.502340096254525269e-19
0.000000000000000000e+00
3.615458038387774159e-19
4.518244483328569157e-19
2.293444604918208427e-20
1.026722105189351931e-19
5.327666529069025495e-19
1.929638573480008157e-19
0.000000000000000000e+00
5.298607316773285965e-19
1.770773707941130152e-20
1.843380350926507640e-19
0.000000000000000000e+00
5.257674077936437324e-19
0.000000000000000000e+00
8.141093181622876321e-21
9.256218785519131466e-20
1.780906052767018717e-19
0.000000000000000000e+00
0.000000000000000000e+00
2.546930815857898460e-21
1.740408972060160027e-19
4.330220759169284539e-19
3.669763643902123252e-21
2.065041465599848561e-21
1.187196247368973049e-21
5.469059401411971252e-22
1.901648404109004346e-22
4.286167365419467585e-23
5.229260282156637146e-24
5.300882662687551162e-25
7.929312314075420046e-26
1.118573674026008560e-26
1.455051107562172336e-27
1.787052748773410000e-28
2.107508387159267958e-29
2.394143009291070611e-30
2.611005843029783036e-31
2.726459804704019017e-32
2.727326015215475508e-33
2.648276793877196137e-34
2.565381635264625186e-35
2.558458634453713481e-36
2.691725317723694568e-37
3.000900078721834099e-38
3.502361965201037255e-39
4.200551991224170272e-40
5.079758680789891234e-41
6.099135450744892801e-42
7.194168591467377802e-43
8.289318353200089372e-44
9.323008311509966036e-45
1.027493222400559145e-45
1.118211849863075449e-46
1.213991526922823214e-47
1.329114494790309410e-48
1.480339418476119402e-49
1.683233598544936277e-50
1.947790891941768587e-51
2.275300064733192199e-52
2.658647546144059918e-53
3.086832584168228709e-54
3.552227845728339275e-55
4.057427578028385797e-56
4.618412791444338533e-57
5.262324070436519913e-58
6.020548002663813588e-59
6.919882800045804693e-60
7.975328122433055273e-61
9.187332802392045395e-62
1.054459345940198426e-62
1.203148848919315357e-63
1.363765685763962889e-64
1.536657233786072736e-65
1.724044376407396260e-66
1.930027869486873547e-67
2.160195895438914244e-68
2.421084990338462544e-69
2.719798245028514473e-70
3.063987170964479499e-71
3.462203264771857251e-72
3.924449243697412289e-73
4.462796935695429917e-74
5.092455059630194100e-75
5.835189766930861614e-76
6.730953683571665947e-77
7.874187441260744792e-78
9.520755996135190610e-79
1.239443534349690972e-79
1.855431974551620622e-80
3.383043722956522967e-81
7.461310883917866842e-82
1.866327411954476537e-82
4.964827769271757916e-83
1.351784701098513505e-83
3.699230456751658820e-84
1.009537151741737918e-84
2.738557002011285978e-85
7.374152603540438903e-86
1.969841189319114447e-86
5.218602578726640667e-87
1.370922193442884645e-87
3.570771208322838578e-88
9.220758463045452735e-89
2.360453303857130269e-89
5.989886778087374491e-90
1.506631494520287983e-90
3.756051665601155268e-91
9.280318692143322199e-92
2.272330802447319527e-92
5.513505540202422530e-93
1.325566931231823312e-93
3.157641379851222207e-94
7.452134263727173348e-95
1.742305849416484413e-95
4.035179113650105419e-96
9.256876750225213662e-97
2.103282609985072024e-97
4.732931351994300939e-98
1.054702162699045719e-98
2.327361504503651347e-99
5.085097027515636070e-100
1.100025417020308588e-100
2.355812086575530561e-101
4.994351078574646102e-102
1.048054112605715840e-102
2.176807124930729126e-103
4.474585937633032138e-104
9.102215890883368358e-105
1.832175875931138752e-105
3.649026080506185056e-106
7.190187769014168842e-107
1.401587708967938213e-107
2.702589477676376112e-108
5.154448959111549359e-109
9.722747539986899373e-110
1.813686632407069337e-110
3.345518788386447489e-111
6.101741371324920527e-112
1.100256546073156661e-112
1.961301341188511600e-113
3.455929335991484452e-114
6.018872137461939167e-115
1.035986957629405786e-115
1.762142936702069424e-116
2.961651909841555520e-117
4.918026617351883200e-118
8.068062363948519028e-119
1.307453447886770204e-119
2.092755625779035979e-120
3.308280635910730777e-121
5.164562265422029374e-122
7.960996050020396466e-123
1.211599073938662865e-123
1.820382094492388194e-124
2.699804278632246116e-125
3.952042923307372533e-126
5.709311536174397335e-127
8.139001782867914158e-128
1.144816747987624436e-128
1.588655978887523485e-129
2.174722964901363352e-130
2.936356945396484894e-131
3.910161663516018954e-132
5.134653693152075865e-133
6.648249093621492152e-134
8.486559622439172775e-135
1.067904351683913076e-135
1.324514941094833440e-136
1.619019758797402793e-137
1.950134803991492992e-138
2.314409330349697500e-139
2.705976718940451153e-140
3.116456044921476763e-141
3.535046751171549979e-142
3.948844898249101579e-143
4.343388791001972037e-144
4.703416163937541888e-145
5.013787499967784616e-146
5.260504286585728497e-147
5.431731220926717761e-148
5.518721307231789368e-149
5.516545059783627251e-150
5.424540495261337447e-151
5.246428043433585392e-152
4.990070641408156908e-153
4.666899208385228166e-154
4.291061704099101376e-155
3.878384498086487205e-156
3.445253417041110880e-157
3.007526132744744348e-158
2.579577395183690898e-159
2.173556203850117347e-160
1.798903367106524170e-161
1.462144061289540069e-162
1.166938068931268542e-163
9.143446279136811329e-165
7.032420689798164384e-166
5.308356941899484949e-167
3.931899843227134132e-168
2.857312172386121980e-169
2.036811590305816234e-170
1.423987183608405289e-171
9.762175474617291279e-173
6.561374028355306188e-174
4.322868960888761701e-175
2.791251309602603597e-176
1.766017314147416874e-177
1.094658651295570494e-178
6.646114500731114178e-180
3.951653746227372484e-181
2.300527876230009542e-182
1.311077080890815364e-183
7.312982956758626113e-185
3.991525736288244993e-186
2.131437851052684688e-187
1.113284072267525828e-188
5.686538384023046464e-190
2.839922751968475379e-191
1.386399469842631736e-192
6.614531195508433296e-194
3.083492354161356958e-195
1.404180184270574806e-196
6.245118943531196628e-198
2.712045317122679803e-199
1.149716144218642805e-200
4.756850667112967098e-202
1.920348063841866288e-203
7.562525513817168998e-205
2.904515410264377840e-206
1.087658164954699416e-207
3.970210425844298214e-209
1.412296513874697625e-210
4.894595618869903186e-212
1.652235679097793847e-213
5.430945448558265289e-215
1.737838692925394506e-216
5.411960670782888818e-218
1.639795664314827564e-219
4.832721039016162618e-221
1.384955118208278274e-222
3.858289621060369563e-224
1.044576648955057896e-225
2.747523185581561194e-227
7.018836482621682417e-229
1.740911205101671124e-230
4.191203238508203255e-232
9.790662413895660432e-234
2.218477672148752909e-235
4.874428709248861344e-237
1.038177736177150357e-238
2.142645016415064779e-240
4.283590489709500721e-242
8.292604826278452344e-244
1.553970405074243283e-245
2.817759927497636105e-247
4.942112558031800091e-249
8.381152272790904136e-251
1.373755336355385273e-252
2.175498027944638185e-254
3.327189987794716804e-256
4.912345194495855103e-258
6.998613358891460829e-260
9.617519325608730279e-262
1.274250152585981602e-263
1.627031356793329426e-265
2.001207473514603079e-267
2.369980925120533165e-269
2.701169312695691111e-271
2.961465353485633166e-273
3.121755883295094909e-275
3.162379199105470211e-277
3.077036045034712333e-279
2.874294435131368766e-281
2.576212630996473956e-283
2.214373600996894803e-285
1.824319260905632010e-287
1.439754604289544170e-289
1.087841113105286290e-291
7.864626050074388196e-294
5.437095640082960196e-296
3.592254141114674179e-298
2.266769029454064429e-300
1.365244459822820725e-302
7.843194173513857966e-305
4.295016165908825561e-307
2.240418027845103831e-309
1.112453495704078098e-311
5.254266786671134658e-314
2.358855013709253558e-316
1.005823782460068127e-318
4.071100921731871524e-321
1.482196937523739633e-323
0.000000000000000000e+00
0.000000000000000000e+00
0.000000000000000000e+00
0.000000000000000000e+00
0.000000000000000000e+00
0.000000000000000000e+00
0.000000000000000000e+00
0.000000000000000000e+00
0.000000000000000000e+00
0.000000000000000000e+00
0.000000000000000000e+00
0.000000000000000000e+00
0.000000000000000000e+00
0.000000000000000000e+00
0.000000000000000000e+00
0.000000000000000000e+00
0.000000000000000000e+00
0.000000000000000000e+00
0.000000000000000000e+00
0.000000000000000000e+00
0.000000000000000000e+00
0.000000000000000000e+00
0.000000000000000000e+00
0.000000000000000000e+00
0.000000000000000000e+00
0.000000000000000000e+00
0.000000000000000000e+00
0.000000000000000000e+00
0.000000000000000000e+00
0.000000000000000000e+00
0.000000000000000000e+00
0.000000000000000000e+00
0.000000000000000000e+00
0.000000000000000000e+00
0.000000000000000000e+00
0.000000000000000000e+00
0.000000000000000000e+00
0.000000000000000000e+00
0.000000000000000000e+00
0.000000000000000000e+00
0.000000000000000000e+00
0.000000000000000000e+00
0.000000000000000000e+00
0.000000000000000000e+00
0.000000000000000000e+00
0.000000000000000000e+00
0.000000000000000000e+00
0.000000000000000000e+00
0.000000000000000000e+00
0.000000000000000000e+00
0.000000000000000000e+00
0.000000000000000000e+00
0.000000000000000000e+00
0.000000000000000000e+00
0.000000000000000000e+00
0.000000000000000000e+00
0.000000000000000000e+00
0.000000000000000000e+00
0.000000000000000000e+00
0.000000000000000000e+00
0.000000000000000000e+00
0.000000000000000000e+00
0.000000000000000000e+00
0.000000000000000000e+00
0.000000000000000000e+00
0.000000000000000000e+00
0.000000000000000000e+00
0.000000000000000000e+00
0.000000000000000000e+00
0.000000000000000000e+00
0.000000000000000000e+00
0.000000000000000000e+00
0.000000000000000000e+00
0.000000000000000000e+00
0.000000000000000000e+00
0.000000000000000000e+00
0.000000000000000000e+00
0.000000000000000000e+00
0.000000000000000000e+00
0.000000000000000000e+00
0.000000000000000000e+00
0.000000000000000000e+00
0.000000000000000000e+00
0.000000000000000000e+00
0.000000000000000000e+00
0.000000000000000000e+00
0.000000000000000000e+00
0.000000000000000000e+00
0.000000000000000000e+00
0.000000000000000000e+00
0.000000000000000000e+00
0.000000000000000000e+00
0.000000000000000000e+00
0.000000000000000000e+00
0.000000000000000000e+00
0.000000000000000000e+00
0.000000000000000000e+00
0.000000000000000000e+00
0.000000000000000000e+00
0.000000000000000000e+00
0.000000000000000000e+00
0.000000000000000000e+00
0.000000000000000000e+00
0.000000000000000000e+00
0.000000000000000000e+00
0.000000000000000000e+00
0.000000000000000000e+00
0.000000000000000000e+00
0.000000000000000000e+00
0.000000000000000000e+00
0.000000000000000000e+00
0.000000000000000000e+00
0.000000000000000000e+00
0.000000000000000000e+00
0.000000000000000000e+00
0.000000000000000000e+00
0.000000000000000000e+00
0.000000000000000000e+00
0.000000000000000000e+00
0.000000000000000000e+00
0.000000000000000000e+00
