2.139913695721585296e-01
2.780570553659192021e-02
9.332157104397541605e-03
5.966302135172019995e-03
5.514347354559163451e-03
5.708662567354257956e-03
6.024340416378618640e-03
6.340317408357066739e-03
6.634452643521659455e-03
6.906721738067281118e-03
7.160518012227846604e-03
7.398775623678923406e-03
7.623532520345858987e-03
7.836121221232233633e-03
8.037386266305162480e-03
8.227840821139637342e-03
8.407772018573849912e-03
8.577312886841471917e-03
8.736493253462759151e-03
8.885277042358761049e-03
9.023590316432596875e-03
9.151342678217358820e-03
9.268443662815659470e-03
9.374815199765995297e-03
9.470400896678670896e-03
9.555172705348098303e-03
9.629135413591335263e-03
9.692329330778079802e-03
9.744831483165511746e-03
9.786755595986284043e-03
9.818251106773858913e-03
9.839501425479641600e-03
9.850721630056392258e-03
9.852155760780858043e-03
9.844073852602278768e-03
9.826768822370187187e-03
9.800553307117279567e-03
9.765756530823149761e-03
9.722721260371412072e-03
9.671800896768010039e-03
9.613356735076274140e-03
9.547755415848803093e-03
9.475366581959229761e-03
9.396560747494895824e-03
9.311707379584886757e-03
9.221173189522121130e-03
9.125320626116574518e-03
9.024506561719094697e-03
8.919081159627667565e-03
8.809386910490034708e-03
8.695757824725017585e-03
8.578518767797187194e-03
8.457984925297567722e-03
8.334461385138195247e-03
8.208242824691685743e-03
8.079613291347865350e-03
7.948846065679046266e-03
7.816203597164415873e-03
7.681937503202981680e-03
7.546288622918284617e-03
7.409487118014566193e-03
7.271752613672453382e-03
7.133294373163533153e-03
6.994311500514248554e-03
6.854993166156545317e-03
6.715518851065712877e-03
6.576058605403815698e-03
6.436773318160710251e-03
6.297814994718967455e-03
6.159327039659672279e-03
6.021444542483245753e-03
5.884294564238486645e-03
5.747996423341807798e-03
5.612661979126081120e-03
5.478395911890239153e-03
5.345295998425157562e-03
5.213453382175826413e-03
5.082952837360438757e-03
4.953873026511674063e-03
4.826286751030929231e-03
4.700261194457770915e-03
4.575858158252999602e-03
4.453134289979051273e-03
4.332141303833639961e-03
4.212926193555126438e-03
4.095531437771886794e-03
3.979995197912504154e-03
3.866351508830754950e-03
3.754630462330495189e-03
3.644858383799098357e-03
3.537058002177600156e-03
3.431248613509539636e-03
3.327446238319865541e-03
3.225663773081135274e-03
3.125911136026756146e-03
3.028195407570022889e-03
2.932520965584490061e-03
2.838889615796240645e-03
2.747300717530558670e-03
2.657751305047402566e-03
2.570236204689362296e-03
2.484748148055176790e-03
2.401277881399798905e-03
2.319814271449794404e-03
2.240344407810240020e-03
2.162853702126627843e-03
2.087325984152451925e-03
2.013743594860795301e-03
1.942087476725997113e-03
1.872337261289779269e-03
1.804471354114775897e-03
1.738467017217992924e-03
1.674300449066379445e-03
1.611946862207534054e-03
1.551380558599826757e-03
1.492575002698127637e-03
1.435502892344495346e-03
1.380136227506176781e-03
1.326446376897971605e-03
1.274404142520706423e-03
1.223979822143287299e-03
1.175143269752037785e-03
1.127863953987990383e-03
1.082111014590263860e-03
1.037853316861739360e-03
9.950595041717936844e-04
9.536980485098644220e-04
9.137372991031169180e-04
8.751455291113635800e-04
8.378909804124660445e-04
8.019419064921165302e-04
7.672666134525305904e-04
7.338334991556865437e-04
7.016110905178809393e-04
6.705680789737732345e-04
6.406733541295592509e-04
6.118960356265018682e-04
5.842055032377254384e-04
5.575714252228467123e-04
5.319637849668092068e-04
5.073529059309174992e-04
4.837094749458740518e-04
4.610045638781874082e-04
4.392096497030684469e-04
4.182966330183424640e-04
3.982378550354971191e-04
3.790061130852797298e-04
3.605746746766539616e-04
3.429172901489946032e-04
3.260082039585909287e-04
3.098221646414320686e-04
2.943344334951266674e-04
2.795207920235263607e-04
2.653575481882855915e-04
2.518215415120327516e-04
2.388901470782436929e-04
2.265412784731847767e-04
2.147533897154054361e-04
2.035054762183324383e-04
1.927770748314594300e-04
1.825482630054196765e-04
1.727996571259619450e-04
1.635124100615386689e-04
1.546682079686707986e-04
1.462492663987707885e-04
1.382383257494542664e-04
1.306186461026721389e-04
1.233740014912097316e-04
1.164886736342855600e-04
1.099474451820530151e-04
1.037355925078529029e-04
9.783887808610929743e-05
9.224354249263042537e-05
8.693629606305401907e-05
8.190431024401033952e-05
7.713520867046110441e-05
7.261705800145999831e-05
6.833835854537575756e-05
6.428803470446734598e-05
6.045542526739301992e-05
5.683027357705618761e-05
5.340271759993698647e-05
5.016327992183374634e-05
4.710285769368060182e-05
4.421271254992383248e-05
4.148446052067731525e-05
3.891006195774131764e-05
3.648181149329673208e-05
3.419232804901493487e-05
3.203454491211368024e-05
3.000169989379805133e-05
2.808732558440020025e-05
2.628523971852530675e-05
2.458953566238696254e-05
2.299457303455065807e-05
2.149496847035309860e-05
2.008558653923250546e-05
1.876153082337069758e-05
1.751813516513037406e-05
1.635095508991867315e-05
1.525575941030686611e-05
1.422852201646523925e-05
1.326541385720561201e-05
1.236279511523773906e-05
1.151720757956072151e-05
1.072536721728821887e-05
9.984156946565718425e-06
9.290619611725814617e-06
8.641951161224988666e-06
8.035494028474852088e-06
7.468730715128423631e-06
6.939277576023473578e-06
6.444878804517372482e-06
5.983400616600767304e-06
5.552825631819044358e-06
5.151247448698915764e-06
4.776865412132207713e-06
4.427979569820980438e-06
4.102985814724121622e-06
3.800371210188855344e-06
3.518709494275067813e-06
3.256656759586141759e-06
3.012947304799725791e-06
2.786389653954330174e-06
2.575862739419342105e-06
2.380312244415492370e-06
2.198747100855875528e-06
2.030236138227907840e-06
1.873904879206804346e-06
1.728932477639853185e-06
1.594548794543616124e-06
1.470031607759913803e-06
1.354703950899192240e-06
1.247931577263035105e-06
1.149120544418980106e-06
1.057714915193248715e-06
9.731945708443366847e-07
8.950731322858584389e-07
8.228959852316839829e-07
7.562384052824476214e-07
6.947037789626008920e-07
6.379219168591882400e-07
5.855474550742425751e-07
5.372583412733141314e-07
4.927544017496813779e-07
4.517559859586894762e-07
4.140026851147337629e-07
3.792521215248029553e-07
3.472788054281340503e-07
3.178730562261280399e-07
2.908399850403664942e-07
2.659985357196674145e-07
2.431805814292893483e-07
2.222300740921301880e-07
2.030022440829332525e-07
1.853628475993395141e-07
1.691874593050893717e-07
1.543608078772322688e-07
1.407761522258866784e-07
1.283346962172875353e-07
1.169450398417906489e-07
1.065226648291796160e-07
9.698945284167750961e-08
8.827323441360115974e-08
8.030736691891145833e-08
7.303033992077604428e-08
6.638540631110180674e-08
6.032023777689996878e-08
5.478660313268295524e-08
4.974006818669335653e-08
4.513971584647168637e-08
4.094788523101033306e-08
3.712992865646490638e-08
3.365398536120246659e-08
3.049077095604216772e-08
2.761338159939515202e-08
2.499711197520285378e-08
2.261928617828151688e-08
2.045910068917532138e-08
1.849747864499360648e-08
1.671693466703482180e-08
1.510144954968650936e-08
1.363635414951863552e-08
1.230822185815791544e-08
1.110476907638968620e-08
1.001476314599626099e-08
9.027937216682652717e-09
8.134911579858869744e-09
7.327121007196112057e-09
6.596747671980719292e-09
5.936659260072845726e-09
5.340351894773055486e-09
4.801897537188358023e-09
4.315895524402217847e-09
3.877427948685303626e-09
3.482018602346296882e-09
3.125595206861381871e-09
2.804454701858373761e-09
2.515231339209688877e-09
2.254867392607472068e-09
2.020586270073554222e-09
1.809867846657107560e-09
1.620425847879818504e-09
1.450187123202106444e-09
1.297272659424668865e-09
1.159980204096008578e-09
1.036768359705033042e-09
9.262420406679835903e-10
8.271391777132327958e-10
7.383185746666339614e-10
6.587488176343356621e-10
5.874981509893900250e-10
5.237252469529199944e-10
4.666707885114212855e-10
4.156497964541116283e-10
3.700446475059450701e-10
3.292987075156700803e-10
2.929105534768821107e-10
2.604287047878858894e-10
2.314468480429194833e-10
2.055994840879253496e-10
1.825579914937149991e-10
1.620270409146167107e-10
1.437413494576769483e-10
1.274627398123462168e-10
1.129774660576744232e-10
1.000938083448965378e-10
8.863987443240581725e-11
7.846163118717672732e-11
6.942111085252623960e-11
6.139479403456567641e-11
5.427215176373952827e-11
4.795432446752229629e-11
4.235293253890187525e-11
3.738900684013084979e-11
3.299201383342871425e-11
2.909899121728081524e-11
2.565375618428668338e-11
2.260620588802011496e-11
1.991167517945323090e-11
1.753036864672743215e-11
1.542684781850623536e-11
1.356956559231057688e-11
1.193045592933299511e-11
1.048456051276163404e-11
9.209694487741538228e-12
8.086150061436657574e-12
7.096424734469842411e-12
6.224986823522564447e-12
5.458057048588448781e-12
4.783415085484249119e-12
4.190234846276612455e-12
3.668922120260054047e-12
3.210985857471157756e-12
2.808908767020007779e-12
2.456043138954289234e-12
2.146511292452025633e-12
1.875119333214550733e-12
1.637280268272873115e-12
1.428943562970311758e-12
1.246536197664590932e-12
1.086906702583055007e-12
9.472763247692736369e-13
8.251978731537244342e-13
7.185150873795747848e-13
6.253320740982282429e-13
5.439773423835662419e-13
4.729845596464677893e-13
4.110635236350678602e-13
3.570808803365731696e-13
3.100401525510227326e-13
2.690695368972677776e-13
2.334027964337753222e-13
2.023673297333757563e-13
1.753757333700016245e-13
1.519120751407700371e-13
1.315245986490139882e-13
1.138192802502352034e-13
9.845043938247704150e-14
8.511608396836961155e-14
7.355266288673069990e-14
6.352963856131641054e-14
5.484562949623086267e-14
4.732606526237484718e-14
4.081792621051911081e-14
3.518813416183236706e-14
3.032004317671353502e-14
2.611251880168299014e-14
2.247804887009140560e-14
1.934019007066824880e-14
1.663214597891736357e-14
1.429635534478013687e-14
1.228245803050625934e-14
1.054764449394744531e-14
9.052900106017969011e-15
7.766381492028212979e-15
6.659232715164701774e-15
5.707231676386764563e-15
4.888796319183719822e-15
4.185556085317661696e-15
3.581931024856198566e-15
3.063519297670291265e-15
2.619066416223372228e-15
2.238096966905061591e-15
1.911562102844374329e-15
1.631658299916958468e-15
1.392121686944652494e-15
1.187204775197576300e-15
1.011740255455702760e-15
8.617795297760914551e-16
7.338264311407289460e-16
6.245661212586190137e-16
5.310160539218646083e-16
4.513699159903940520e-16
3.836315079618300465e-16
3.258778562651077942e-16
2.765303234512195926e-16
2.344123973772450676e-16
1.986503257342902926e-16
1.684170019489509824e-16
1.425145907153926959e-16
1.205067741189987099e-16
1.020047437743849130e-16
8.610357079882086037e-17
7.277580194228833178e-17
6.135210126234771170e-17
5.175127998310958238e-17
4.365318970342639606e-17
3.665797929628646126e-17
3.109202414949867692e-17
2.629435458080447000e-17
2.213243915791153712e-17
1.879326633765642410e-17
1.585477559058076105e-17
1.317159522933654633e-17
1.125033459068575663e-17
9.459957572698309178e-18
7.970471959551763245e-18
6.631584200639614806e-18
5.708279041717286700e-18
4.790449932246839001e-18
4.070265312272561450e-18
3.331956043635935319e-18
2.784647943153387272e-18
2.456757324456221664e-18
2.050116634091817749e-18
1.821447957406030753e-18
1.460586380071174091e-18
1.312906610896402886e-18
8.438071605135864552e-19
9.586363941702188343e-19
7.359900970141223504e-19
8.510551500143807248e-19
6.286151841381337353e-19
4.119296449557253714e-19
2.673995807033997239e-19
4.161094543722698140e-19
1.607997220285877125e-19
2.784433962885690190e-19
2.888944895301049340e-19
3.286952340037787584e-19
1.436662099524065707e-19
1.580727502977645526e-19
1.449645416189925177e-19
1.911245478492614841e-19
3.093307419285297002e-19
2.665636999528986423e-19
1.372723581707900661e-20
2.453971241841877925e-19
2.125177533660809921e-19
1.158093647321890474e-19
1.243020999386375373e-19
2.127021149106216574e-19
2.851047993839736226e-19
2.095903292382689546e-19
4.905030012842307076e-20
2.190727736564048086e-20
1.340100505652917972e-19
1.480711693918795961e-19
2.569611068810294644e-21
1.606999764577373453e-19
9.174772572575727746e-20
7.794096997242223710e-20
7.431656900031185498e-20
1.313760781838470133e-19
0.000000000000000000e+00
1.246711442180394884e-19
7.868154301556279815e-20
0.000000000000000000e+00
1.204982243546553585e-19
1.924723273906239322e-19
2.295596027562862397e-19
2.117878851254143976e-19
9.127683408499505467e-20
3.352250280315222480e-19
1.130810125362431946e-19
7.563447398779553152e-20
1.273180660683289183e-19
0.000000000000000000e+00
2.155479134950974466e-21
5.890929441098291626e-20
9.135431173341213797e-20
0.000000000000000000e+00
1.155507606270023209e-19
3.044929572558800439e-19
1.897597645253716800e-19
2.016508692908881865e-19
2.676372479530503989e-20
6.018498019495401745e-20
6.069450514410373332e-20
1.776481560968966430e-19
7.919502200323128928e-20
6.288949114440286834e-20
1.182064593269591992e-19
0.000000000000000000e+00
0.000000000000000000e+00
3.166389009573451217e-19
4.001787454417336062e-20
0.000000000000000000e+00
5.176296181495656631e-20
1.126224202188808420e-19
6.297837336145581488e-20
1.723135268547149081e-19
1.013794152610206195e-19
2.765208303668262051e-21
0.000000000000000000e+00
0.000000000000000000e+00
0.000000000000000000e+00
0.000000000000000000e+00
1.017867316591301575e-19
5.423273453386975485e-20
4.612980562050709394e-20
0.000000000000000000e+00
1.280199140834020498e-19
5.567518686907170511e-20
4.357409517439552953e-20
7.018523421266795665e-20
1.334462435551716749e-19
1.133845701325934376e-19
0.000000000000000000e+00
3.608870476761239594e-19
1.481596274447631482e-19
1.174511518636120861e-19
2.009468447890867540e-19
1.850607853465252514e-19
6.585980469851243082e-20
4.802514358059240733e-20
7.418177826072044530e-20
4.932553761848673868e-20
4.452183323024670001e-20
1.316286524836473169e-19
1.157427448597935995e-19
2.016970780327564151e-19
6.815993916281132031e-20
1.662918168450525189e-19
1.219243883576790514e-19
5.710835078186897576e-20
4.733338540640546355e-20
4.526620886918265226e-20
4.441267920083743883e-20
2.204244214600437969e-19
1.877041817965855348e-19
6.259047368043115562e-20
2.836122037634853211e-19
8.067723712860234485e-20
8.194582851750179282e-20
2.590413449007648749e-19
1.374180253142158496e-19
2.095522542015306542e-19
1.617426553704999197e-19
0.000000000000000000e+00
1.079489882341844761e-19
1.767320059691801024e-19
6.497492999080751840e-21
1.666559709787708910e-19
2.734231683677956295e-19
2.494556731744535989e-20
0.000000000000000000e+00
7.784266828424061146e-20
5.562314203969796537e-20
2.280229524026447767e-19
3.111476606718471998e-19
3.017208568922708179e-20
0.000000000000000000e+00
1.078783821367594485e-19
1.183134745723285281e-19
2.048461257876049837e-19
1.026525144543628213e-19
6.041465975774947367e-20
8.260694900750867688e-20
5.631077123102784925e-20
1.398201204088853276e-19
6.289149227182578971e-20
0.000000000000000000e+00
1.051584947646350018e-19
1.441753395012535164e-19
0.000000000000000000e+00
0.000000000000000000e+00
1.023537165784879690e-19
0.000000000000000000e+00
1.604611667010942087e-19
5.943107651435220690e-20
0.000000000000000000e+00
0.000000000000000000e+00
0.000000000000000000e+00
0.000000000000000000e+00
0.000000000000000000e+00
9.405613393183031744e-20
4.387952204114016020e-20
3.690858555249013797e-20
1.527662416009234594e-19
4.954764237475609670e-20
0.000000000000000000e+00
1.199961165281725137e-19
4.412272921235829485e-20
3.398757837009362284e-20
1.201019894118877222e-19
1.605378224157018262e-19
4.805165414929201964e-20
0.000000000000000000e+00
2.936288511447786457e-20
1.770017361679786407e-19
1.662990847665292821e-19
0.000000000000000000e+00
8.901660558799241760e-20
3.739768192754532366e-20
3.253636436408182026e-19
6.717531370265276275e-20
2.434585727805141855e-19
5.365798588039445139e-23
0.000000000000000000e+00
2.077056202569495490e-19
0.000000000000000000e+00
3.344123121134318783e-20
1.215149078149837884e-19
1.030055773613954492e-19
1.009595699138393418e-19
1.597243357642845625e-19
3.438611082325025799e-19
2.498287105340198854e-19
6.454437834750763651e-20
0.000000000000000000e+00
0.000000000000000000e+00
2.712945664123646723e-19
1.545677091588888057e-19
1.138241732274509067e-19
2.854654402583731174e-19
1.187533162013981485e-20
1.902103594863555892e-19
1.193968651970619151e-19
1.974890944378914642e-19
0.000000000000000000e+00
1.023271452059604323e-19
8.033493709708657823e-20
4.908951025089796443e-20
0.000000000000000000e+00
4.056968882931970394e-20
2.773804319845778994e-19
1.867987637887957523e-19
1.670579813568359947e-21
0.000000000000000000e+00
1.578614042378124530e-19
0.000000000000000000e+00
0.000000000000000000e+00
1.856484745594818544e-19
1.449317228734518718e-19
0.000000000000000000e+00
9.820159821812503341e-20
1.638563509980723730e-19
1.123755167661700062e-19
0.000000000000000000e+00
0.000000000000000000e+00
3.614800747045743583e-20
2.725633963393599876e-19
6.284282278338742850e-20
1.297248233618028057e-19
4.798876278960316839e-20
3.874559445744237421e-20
6.624012513476396527e-20
3.968952527188830809e-20
6.524962589467124557e-20
6.784848387126524224e-20
1.266585985835304887e-19
1.029817086926507399e-19
0.000000000000000000e+00
0.000000000000000000e+00
3.055736008076164168e-20
3.097368342975964498e-20
8.913361047371203337e-20
2.124161180685945463e-19
1.078207206284424343e-19
3.638177300996934907e-20
1.483682388467633849e-19
1.889074136547205572e-19
0.000000000000000000e+00
3.024326910966477653e-20
5.896780268747798355e-20
1.207949668699128844e-19
6.797522635556410311e-20
9.252610045947368050e-20
9.408194205999268494e-20
0.000000000000000000e+00
0.000000000000000000e+00
8.490443075564320222e-20
1.208135164580554002e-19
3.659273853366266687e-20
5.738623296806348926e-20
2.978954121269117286e-20
2.911890249664419927e-19
5.213565828950597618e-20
0.000000000000000000e+00
1.433879576522526100e-19
1.848392172127023645e-19
4.282196673141136378e-20
2.941109862092098493e-20
2.333232842804915876e-19
0.000000000000000000e+00
0.000000000000000000e+00
2.909056681070906542e-19
8.197341730954612613e-20
3.510827403681809939e-20
1.765400680656139825e-19
2.193456263574599723e-19
1.630232205556448324e-19
4.342671587866254758e-20
3.235551155501909618e-20
1.483030072446928321e-19
2.153645116636786696e-19
2.249285514324226926e-19
2.566735067676009054e-19
2.609501245218225375e-19
0.000000000000000000e+00
3.593111342180078802e-20
1.826231413622204049e-19
0.000000000000000000e+00
3.000891991368836919e-19
9.787451405183814261e-22
1.547971409015608064e-19
0.000000000000000000e+00
2.122416447181170934e-19
2.581005757807708596e-19
1.754808026573902159e-19
0.000000000000000000e+00
1.555521526951411810e-19
1.072881767211903592e-19
1.624851690436824148e-19
2.850663355610487608e-19
1.494372981395028809e-19
1.686848350404787641e-19
5.209704304859614394e-20
4.199960745590788543e-20
4.010383404688783138e-20
3.916094346495870325e-20
1.266399916495983613e-19
0.000000000000000000e+00
1.245608666241495513e-19
4.405932119237692360e-20
2.134498071915807478e-19
0.000000000000000000e+00
0.000000000000000000e+00
1.505882185775730709e-19
4.081406613577439110e-20
9.259665669983925247e-20
0.000000000000000000e+00
8.935377560232621133e-20
3.308644633770171166e-20
2.976795125675888474e-20
5.792505904882987490e-20
3.039899669371051501e-20
2.332021454562843197e-19
0.000000000000000000e+00
2.695592084186355544e-20
0.000000000000000000e+00
2.593326915273613795e-19
1.369573189390159861e-20
5.486435985930394815e-20
1.153177728816091642e-19
2.080398945272828990e-19
0.000000000000000000e+00
1.718789567547708161e-19
1.536021486221354068e-19
2.118534758993633955e-19
0.000000000000000000e+00
1.142055315723016393e-19
3.245593450844780758e-20
5.550735395828593936e-20
0.000000000000000000e+00
2.362016148115084526e-20
3.474844428805996861e-19
4.851874847091784897e-20
8.678084047008407226e-20
2.955136841115493198e-20
0.000000000000000000e+00
5.243495458932252465e-20
0.000000000000000000e+00
2.282002462008464489e-19
3.784567718384118389e-20
8.362565717303812150e-20
2.038317653604215189e-19
2.423921061774249589e-19
4.044174910138410469e-20
5.575694859774368055e-20
5.628463071793482949e-20
2.666872576472782296e-20
0.000000000000000000e+00
2.200829627000585924e-20
2.199998068287514661e-20
1.686220803310912607e-19
6.113046933925500741e-20
1.427841745418781877e-19
8.883654475272581505e-20
1.442698280981371250e-19
2.836147286611571988e-20
2.281945569487172696e-19
1.830286142723879657e-19
3.414989770289725747e-20
1.122507957930883578e-19
2.349624154543618851e-19
0.000000000000000000e+00
5.323246854942279069e-20
8.432847981182972727e-20
2.700212511740906525e-20
2.880049995478640099e-19
0.000000000000000000e+00
0.000000000000000000e+00
2.201041623921897532e-20
2.194744279359117153e-20
0.000000000000000000e+00
1.672136154930779554e-19
1.477989225326244199e-19
0.000000000000000000e+00
7.953662406515861058e-20
0.000000000000000000e+00
1.933585136003089624e-20
0.000000000000000000e+00
4.713216540632149961e-20
0.000000000000000000e+00
1.050565448979000012e-19
2.236067700915364613e-20
0.000000000000000000e+00
1.036533480428951046e-19
2.097512587621169291e-20
1.571209954159529696e-20
4.404778055893010730e-20
0.000000000000000000e+00
1.311545607284112486e-19
1.882368100104099447e-20
1.314927243936991031e-19
0.000000000000000000e+00
0.000000000000000000e+00
2.476680345247806886e-19
2.485623562973323483e-20
1.026400169807938460e-19
1.363053065192496562e-19
1.091655802486880329e-19
0.000000000000000000e+00
1.611283633951369840e-19
2.258608303340426781e-20
0.000000000000000000e+00
7.242950330348605484e-20
1.698652892128000044e-20
0.000000000000000000e+00
1.271841408621636720e-20
1.256592591373386271e-20
1.593807226283725727e-19
1.382994738707003683e-19
1.379201439653370540e-19
0.000000000000000000e+00
1.901622577824797630e-19
0.000000000000000000e+00
0.000000000000000000e+00
1.304249616991392792e-20
1.601854758847915879e-19
2.110944263277346593e-20
0.000000000000000000e+00
0.000000000000000000e+00
0.000000000000000000e+00
1.293168980032588692e-19
0.000000000000000000e+00
1.189265966128292585e-20
1.130592395842497346e-20
1.083096663300592941e-20
1.576271703485100282e-19
1.810119979682330491e-20
7.022679713711624635e-20
2.196202169529030885e-19
1.689864890199748392e-19
4.990248196548439217e-20
7.378311853535573114e-20
1.553691994029990387e-20
1.009317974229314469e-19
1.346460323386413901e-19
1.893705612787431855e-20
1.312099248297686954e-19
4.813570569926531268e-20
1.530868199666012038e-20
2.781142001678332857e-19
3.795482085406620604e-19
2.099671641250568997e-19
0.000000000000000000e+00
1.740453849690436401e-20
7.573836323203737859e-20
1.961348138304544687e-19
5.505661774685652992e-20
1.670962636755675029e-19
1.131024260237141082e-19
5.234391412012177411e-20
2.556502317951789656e-19
0.000000000000000000e+00
1.367867119814665915e-19
0.000000000000000000e+00
4.742475969279086493e-20
1.915766291277516036e-20
0.000000000000000000e+00
1.338459708068404901e-19
0.000000000000000000e+00
1.630045879738692259e-19
1.986923740683112785e-19
2.008530103482270188e-19
2.309896354738730948e-19
3.213323538385260559e-19
0.000000000000000000e+00
1.932490367753262100e-20
2.833869006789189837e-19
0.000000000000000000e+00
1.664871539065990784e-19
2.497212965586706218e-20
1.920720696694942419e-20
7.700126002304321372e-20
2.250478237795649850e-19
1.144358712755221592e-19
0.000000000000000000e+00
1.057289592813198714e-19
0.000000000000000000e+00
1.931559092453691971e-19
1.116705708651038608e-19
2.563070058139417887e-19
2.642564088155322595e-20
0.000000000000000000e+00
0.000000000000000000e+00
1.330775800722687240e-19
1.971818885815128245e-20
1.331213083208900999e-19
7.798148604210160787e-20
7.596467879392792192e-20
0.000000000000000000e+00
4.282645030947625759e-20
4.364255443292336789e-20
2.199928438316064784e-19
2.020766322289124251e-20
1.899418053964144609e-19
2.545399071825963239e-19
1.399660593411836728e-19
1.365340470311551656e-19
3.415462429690859622e-19
0.000000000000000000e+00
1.629793587529471694e-19
2.265207803226119353e-19
1.410945762906444500e-19
1.387007396821655324e-19
5.029929088664845957e-20
1.357377112209561039e-19
1.381693052830154146e-19
0.000000000000000000e+00
3.103666708261980847e-19
1.730185833579029846e-19
0.000000000000000000e+00
1.932988278917647636e-19
4.048732804676574086e-19
2.999192464481304149e-20
1.955065117151431013e-19
1.411393535037104670e-19
1.398154561134429231e-19
1.396931955892277287e-19
2.184361837432634062e-20
2.534180402492272680e-19
8.353197985157355275e-20
1.985048115056297641e-20
2.232398228196328167e-19
0.000000000000000000e+00
0.000000000000000000e+00
2.803647009954176838e-19
2.315885407108641873e-20
2.809965254484141909e-19
0.000000000000000000e+00
2.805275866388167701e-19
2.272578665756877121e-20
1.924395706969227280e-19
4.936992508135059716e-20
4.578508670258632787e-19
5.706887373658775157e-20
0.000000000000000000e+00
0.000000000000000000e+00
0.000000000000000000e+00
1.358852447497460919e-20
1.298399110430810276e-20
1.219646143032514135e-20
2.469843109284706496e-19
0.000000000000000000e+00
4.074045241307203452e-20
0.000000000000000000e+00
0.000000000000000000e+00
8.986690458417073900e-21
9.677080322906312887e-20
6.918502223716753564e-20
9.410941389069906495e-21
7.517309477386693522e-21
6.874599773859757985e-21
6.348370290777973264e-21
1.825403836008381417e-19
9.828920905081964940e-20
1.557027023057974381e-19
0.000000000000000000e+00
1.536625645552155061e-19
9.802497157720611193e-20
2.444417196760475679e-19
1.891251360922508096e-19
7.090265889289603896e-20
1.268297911167773650e-19
9.902089648527809603e-20
1.038058556114190750e-20
1.260533956211480852e-19
1.048837294656131704e-20
3.319851496569757414e-19
3.093878317328087541e-19
1.571250722346410683e-20
3.946945963542906771e-20
3.943305112609726840e-20
6.861157477256778202e-20
1.571763656111417604e-19
0.000000000000000000e+00
0.000000000000000000e+00
2.729134119119823286e-19
0.000000000000000000e+00
0.000000000000000000e+00
9.581161997086925534e-20
0.000000000000000000e+00
5.075430314810452743e-19
1.638524519449951320e-20
3.815581182671220647e-20
8.433259259714362958e-21
7.469827546811013253e-21
1.247617897635608035e-19
8.699848261295862195e-21
1.538453651598975320e-19
8.753452483891600705e-21
0.000000000000000000e+00
5.640666165239484437e-21
0.000000000000000000e+00
4.706840219856228954e-21
9.263861233474222963e-20
1.232464832485374723e-19
6.484280273817741770e-20
5.087332885498642140e-21
6.285614594415297230e-20
4.559495378986430168e-21
0.000000000000000000e+00
1.504318190251726179e-19
5.262910781602827880e-21
9.168840493911738565e-20
0.000000000000000000e+00
3.256131890070006534e-20
1.505749817744420729e-19
1.521794306248375256e-19
5.340998180595999072e-21
0.000000000000000000e+00
1.504036009935477188e-19
1.522642965165873751e-19
2.704483546821580339e-19
2.134414550230007983e-19
0.000000000000000000e+00
1.522142290229751440e-19
2.421373511133836552e-19
1.551919579444186660e-19
1.840710179615773442e-19
7.831686599994190520e-21
9.424816534053336955e-20
9.481952572407820917e-20
1.241508054615242483e-19
0.000000000000000000e+00
5.025066351012905546e-21
1.517553230800433917e-19
0.000000000000000000e+00
4.086861408245327853e-21
6.249757945334446396e-20
1.804732206472295917e-19
2.403696830781893157e-19
5.581614628528385066e-21
0.000000000000000000e+00
9.158170970402743465e-20
3.743957932247007024e-21
2.858856781464243035e-21
2.380798980974464332e-19
4.224723879816411908e-21
1.498864306599210088e-19
0.000000000000000000e+00
0.000000000000000000e+00
3.159800452322099092e-20
9.046895630832885685e-20
2.384697699883021891e-21
3.551043180640995334e-19
3.991602867901874539e-21
2.286513740658057365e-21
1.988631856589191300e-21
3.118679425497324570e-20
1.194981812628350584e-19
0.000000000000000000e+00
1.400925135982382484e-21
1.172261415522888651e-21
5.986587208887495539e-20
3.054558571028016073e-20
3.037746083393782329e-20
3.029768190679571458e-20
3.023406137424907104e-20
0.000000000000000000e+00
5.378564639360824432e-22
1.182206730810837709e-19
7.875926021413935953e-22
5.937615976006310169e-20
2.361788151409164950e-19
2.073265762097983736e-19
8.972454155179146610e-20
1.198758914620784902e-21
5.976307608395986346e-20
7.664089610653315283e-22
2.066398495717462692e-19
8.908702068284114901e-20
5.947649052214691470e-20
5.932033676634454429e-20
2.865165181140294236e-22
1.106805807957844162e-22
2.834438563900302445e-23
3.757503549716596847e-24
3.957144218869211003e-25
4.328457278223446657e-26
4.091002689929711976e-27
3.170413217439569769e-28
2.826042935160890816e-29
3.239336826344033884e-30
4.098619704920674638e-31
5.299572592651897498e-32
6.740362361274550132e-33
8.241040320836172083e-34
9.678338282401272719e-35
1.111089440508549719e-35
1.273918876260374337e-36
1.475916241439493293e-37
1.734298258117764481e-38
2.054063076161513115e-39
2.441912942560963613e-40
2.897140978942363328e-41
3.399213959434658318e-42
3.901184650315796887e-43
4.337372623769825110e-44
4.646576316454580697e-45
4.800811916888712138e-46
4.822962601826112640e-47
4.783476842312092324e-48
4.780022831881955575e-49
4.912620637096233787e-50
5.265663313454181825e-51
5.900976340077813186e-52
6.858786546023428333e-53
8.160645074579263525e-54
9.810515294997890360e-55
1.179432089604107344e-55
1.408057579313257667e-56
1.662380521951212610e-57
1.936973449547926022e-58
2.225940087063045277e-59
2.523036203947315323e-60
2.821672561198847385e-61
3.115331974257914704e-62
3.398993892927930949e-63
3.671789646898462964e-64
3.940459241343311769e-65
4.222589389984772864e-66
4.548399998929098399e-67
4.960126172965924101e-68
5.508697773143474400e-69
6.248201987308794653e-70
7.229275254822472779e-71
8.492924592968932682e-72
1.006622511431288053e-72
1.196087446959116107e-73
1.417481118857004756e-74
1.669623649487657659e-75
1.950869041309199219e-76
2.259556181882528852e-77
2.594267387124482758e-78
2.953832438161282456e-79
3.337115582749133968e-80
3.742716230868221018e-81
4.168769118376574551e-82
4.613025764997779294e-83
5.073334632108657373e-84
5.548531127522679226e-85
6.039631638673331670e-86
6.551129433718256990e-87
7.092135892117749361e-88
7.677106402525865951e-89
8.325935327653956584e-90
9.063293485266273561e-91
9.917206547051573300e-92
1.091701877272067794e-92
1.209102735753374186e-93
1.346417181718669662e-94
1.505618327506382801e-95
1.688051859909936500e-96
1.894423145735255081e-97
2.124870666312164738e-98
2.379096899343626501e-99
2.656514003811277418e-100
2.956360562684834039e-101
3.277758691925815464e-102
3.619705509318816008e-103
3.981023186039116114e-104
4.360319232595495084e-105
4.756024590103616266e-106
5.166574649511664982e-107
5.590774666855838979e-108
6.028348932663426468e-109
6.480621134670825694e-110
6.951224725825067973e-111
7.446711187868224535e-112
7.976922501278482120e-113
8.555026995172059472e-114
9.197181514966073275e-115
9.921865681587082264e-116
1.074901854668324374e-116
1.169917547737085895e-117
1.279283799636003342e-118
1.405030229038988824e-119
1.549212181633216689e-120
1.714029215861610446e-121
1.902013437700931571e-122
2.116273275805066809e-123
2.360767198629100340e-124
2.640573469791603779e-125
2.962117835689441731e-126
3.333322164689266831e-127
3.763644064649376874e-128
4.263990205593670964e-129
4.846503392967465326e-130
5.524243365826310350e-131
6.310801001155293532e-132
7.219901757033033601e-133
8.265063494827345224e-134
9.459373746734950267e-135
1.081544098634440039e-135
1.234555451518926586e-136
1.406206145484819718e-137
1.597794224865409600e-138
1.810754436254431231e-139
2.046742369405404378e-140
2.307724904483773628e-141
2.596074831195900085e-142
2.914671321157531573e-143
3.267012551601146425e-144
3.657351150493564333e-145
4.090866006176659002e-146
4.573884117499045524e-147
5.114162581675628487e-148
5.721233073627890891e-149
6.406799519853244371e-150
7.185165174179215878e-151
8.073649794511015097e-152
9.092943527118349199e-153
1.026733414872741468e-153
1.162474111069545938e-154
1.319649544041413059e-155
1.501682008667746724e-156
1.712199057211234388e-157
1.954918922836872342e-158
2.233510485623011827e-159
2.551436930380134233e-160
2.911795852781819265e-161
3.317171357363516450e-162
3.769515267994583736e-163
4.270074682419726319e-164
4.819381668718948324e-165
5.417318039080490071e-166
6.063264143110119935e-167
6.756335937823911302e-168
7.495709731381299467e-169
8.281029483638761266e-170
9.112887830979667254e-171
9.993369407402311814e-172
1.092664370775989597e-172
1.191959464029256556e-173
1.298247481564275036e-174
1.412957412903003852e-175
1.537989380336452840e-176
1.675781820251078254e-177
1.829377682509447761e-178
2.002488745094420223e-179
2.199556808126322867e-180
2.425809995779791344e-181
2.687311672478468436e-182
2.990998621854438777e-183
3.344704232639738098e-184
3.757161613117157965e-185
4.237980978422308911e-186
4.797595513155806700e-187
5.447170409398156670e-188
6.198471117186943834e-189
7.063689194972328181e-190
8.055227635622056301e-191
9.185452217586345986e-192
1.046642123823158967e-192
1.190961275062877656e-193
1.352567582806204720e-194
1.532423995259725948e-195
1.731382374612264942e-196
1.950189018314133693e-197
2.189509929702602415e-198
2.449981032894858160e-199
2.732288242262014353e-200
3.037281562162679772e-201
3.366126159895179724e-202
3.720491610003073060e-203
4.102778280327952485e-204
4.516377198551822861e-205
4.965956834043242110e-206
5.457767235973936861e-207
5.999949110867534888e-208
6.602832958258786257e-209
7.279211583701111548e-210
8.044568439708038017e-211
8.917244544641588466e-212
9.918528383039156774e-213
1.107265631172169505e-213
1.240671560702387857e-214
1.395044830929057382e-215
1.573596126243780729e-216
1.779735591422234360e-217
2.017030014878637425e-218
2.289157320705451418e-219
2.599862311086975940e-220
2.952918343620051132e-221
3.352100230646774206e-222
3.801174069917373056e-223
4.303909928405446747e-224
4.864123287537573874e-225
5.485750916184932698e-226
6.172966378917397812e-227
6.930339734701141704e-228
7.763045168326238808e-229
8.677119362782051755e-230
9.679772408978898667e-231
1.077975200578363688e-231
1.198776067760357974e-232
1.331692478354543378e-233
1.478331327571447665e-234
1.640650356244214302e-235
1.821019153997131216e-236
2.022284298504916313e-237
2.247838417411821653e-238
2.501693093459249425e-239
2.788555744133521182e-240
3.113910900011875429e-241
3.484106678305236818e-242
3.906447686058837949e-243
4.389296063458961247e-244
4.942182848846703425e-245
5.575932255673855393e-246
6.302801728016259360e-247
7.136640708995383249e-248
8.093070840433694259e-249
9.189689748443785122e-250
1.044629961708951937e-250
1.188516040324857841e-251
1.353126583679923389e-252
1.541263836933766596e-253
1.756063712568588721e-254
2.001027087506428620e-255
2.280050632367072042e-256
2.597456093030031430e-257
2.958016928355501611e-258
3.366981318819754266e-259
3.830090831889613238e-260
4.353594491544889056e-261
4.944258676963233943e-262
5.609374187259704151e-263
6.356762963718767814e-264
7.194788353899066299e-265
8.132374413432499809e-266
9.179041532749893805e-267
1.034496758740053445e-267
1.164108575853519239e-268
1.307923204623461615e-269
1.467235717034537495e-270
1.643481886788044240e-271
1.838277138417004841e-272
2.053466904216352103e-273
2.291189999273217222e-274
2.553956445364014066e-275
2.844740883328140403e-276
3.167092306816531481e-277
3.525260332824829704e-278
3.924337612182577520e-279
4.370417306492070920e-280
4.870763865764626536e-281
5.433994707959062679e-282
6.070269942912884544e-283
6.791487184437372566e-284
7.611479075771141971e-285
8.546213004799088655e-286
9.613996748445080696e-287
1.083570274270313519e-287
1.223504196204975357e-288
1.383895549042869188e-289
1.567826718813166394e-290
1.778889408996997373e-291
2.021422320232241916e-292
2.300989850427831888e-293
2.625355266608971493e-294
3.006463440025810409e-295
3.464476989069534885e-296
4.035974609142312357e-297
4.790557473335570477e-298
5.864382358732821824e-299
7.527650434857127390e-300
1.031996600350621882e-300
1.532085252510986957e-301
2.468841727612427456e-302
4.272800780296376052e-303
7.800440433913941242e-304
1.475008354413895817e-304
2.847772523343374590e-305
5.559125083677847208e-306
1.090537872738866261e-306
2.142015495486286971e-307
4.203682707216824152e-308
8.232526486152514295e-309
1.607789904105593579e-309
3.130002827075284067e-310
6.072661162685806383e-311
1.174014205100834370e-311
2.261477194880948508e-312
4.340237727275688281e-313
8.298941698290518016e-314
1.580918756443718437e-314
3.000310777558254945e-315
5.672655324922360347e-316
1.068475110658211167e-316
2.004910485773445016e-317
3.747774481780442961e-318
6.979023093459696309e-319
1.294649618362402444e-319
2.392265857163315767e-320
4.402124904445506709e-321
8.053270027212318670e-322
1.432790372939614978e-322
1.976262583364986177e-323
0.000000000000000000e+00
0.000000000000000000e+00
0.000000000000000000e+00
0.000000000000000000e+00
0.000000000000000000e+00
0.000000000000000000e+00
0.000000000000000000e+00
0.000000000000000000e+00
0.000000000000000000e+00
0.000000000000000000e+00
0.000000000000000000e+00
0.000000000000000000e+00
0.000000000000000000e+00
0.000000000000000000e+00
0.000000000000000000e+00
0.000000000000000000e+00
0.000000000000000000e+00
0.000000000000000000e+00
0.000000000000000000e+00
0.000000000000000000e+00
0.000000000000000000e+00
0.000000000000000000e+00
0.000000000000000000e+00
0.000000000000000000e+00
0.000000000000000000e+00
0.000000000000000000e+00
0.000000000000000000e+00
0.000000000000000000e+00
0.000000000000000000e+00
0.000000000000000000e+00
0.000000000000000000e+00
0.000000000000000000e+00
0.000000000000000000e+00
0.000000000000000000e+00
0.000000000000000000e+00
0.000000000000000000e+00
0.000000000000000000e+00
0.000000000000000000e+00
0.000000000000000000e+00
0.000000000000000000e+00
0.000000000000000000e+00
0.000000000000000000e+00
0.000000000000000000e+00
0.000000000000000000e+00
0.000000000000000000e+00
0.000000000000000000e+00
0.000000000000000000e+00
0.000000000000000000e+00
0.000000000000000000e+00
0.000000000000000000e+00
0.000000000000000000e+00
0.000000000000000000e+00
0.000000000000000000e+00
0.000000000000000000e+00
0.000000000000000000e+00
0.000000000000000000e+00
0.000000000000000000e+00
0.000000000000000000e+00
0.000000000000000000e+00
0.000000000000000000e+00
0.000000000000000000e+00
0.000000000000000000e+00
0.000000000000000000e+00
0.000000000000000000e+00
0.000000000000000000e+00
0.000000000000000000e+00
0.000000000000000000e+00
0.000000000000000000e+00
0.000000000000000000e+00
0.000000000000000000e+00
0.000000000000000000e+00
0.000000000000000000e+00
0.000000000000000000e+00
0.000000000000000000e+00
0.000000000000000000e+00
0.000000000000000000e+00
0.000000000000000000e+00
0.000000000000000000e+00
0.000000000000000000e+00
0.000000000000000000e+00
0.000000000000000000e+00
0.000000000000000000e+00
0.000000000000000000e+00
0.000000000000000000e+00
0.000000000000000000e+00
0.000000000000000000e+00
0.000000000000000000e+00
0.000000000000000000e+00
0.000000000000000000e+00
0.000000000000000000e+00
0.000000000000000000e+00
0.000000000000000000e+00
0.000000000000000000e+00
0.000000000000000000e+00
0.000000000000000000e+00
0.000000000000000000e+00
0.000000000000000000e+00
0.000000000000000000e+00
0.000000000000000000e+00
0.000000000000000000e+00
0.000000000000000000e+00
0.000000000000000000e+00
0.000000000000000000e+00
0.000000000000000000e+00
0.000000000000000000e+00
0.000000000000000000e+00
0.000000000000000000e+00
0.000000000000000000e+00
0.000000000000000000e+00
0.000000000000000000e+00
0.000000000000000000e+00
0.000000000000000000e+00
0.000000000000000000e+00
0.000000000000000000e+00
0.000000000000000000e+00
0.000000000000000000e+00
0.000000000000000000e+00
0.000000000000000000e+00
0.000000000000000000e+00
0.000000000000000000e+00
0.000000000000000000e+00
0.000000000000000000e+00
0.000000000000000000e+00
0.000000000000000000e+00
0.000000000000000000e+00
0.000000000000000000e+00
0.000000000000000000e+00
0.000000000000000000e+00
0.000000000000000000e+00
0.000000000000000000e+00
0.000000000000000000e+00
0.000000000000000000e+00
0.000000000000000000e+00
0.000000000000000000e+00
0.000000000000000000e+00
0.000000000000000000e+00
0.000000000000000000e+00
0.000000000000000000e+00
0.000000000000000000e+00
0.000000000000000000e+00
0.000000000000000000e+00
0.000000000000000000e+00
0.000000000000000000e+00
0.000000000000000000e+00
0.000000000000000000e+00
0.000000000000000000e+00
0.000000000000000000e+00
0.000000000000000000e+00
0.000000000000000000e+00
0.000000000000000000e+00
0.000000000000000000e+00
0.000000000000000000e+00
0.000000000000000000e+00
0.000000000000000000e+00
0.000000000000000000e+00
0.000000000000000000e+00
0.000000000000000000e+00
0.000000000000000000e+00
0.000000000000000000e+00
0.000000000000000000e+00
0.000000000000000000e+00
0.000000000000000000e+00
0.000000000000000000e+00
0.000000000000000000e+00
0.000000000000000000e+00
0.000000000000000000e+00
0.000000000000000000e+00
0.000000000000000000e+00
0.000000000000000000e+00
0.000000000000000000e+00
0.000000000000000000e+00
0.000000000000000000e+00
0.000000000000000000e+00
0.000000000000000000e+00
0.000000000000000000e+00
0.000000000000000000e+00
0.000000000000000000e+00
0.000000000000000000e+00
0.000000000000000000e+00
0.000000000000000000e+00
0.000000000000000000e+00
0.000000000000000000e+00
0.000000000000000000e+00
0.000000000000000000e+00
0.000000000000000000e+00
0.000000000000000000e+00
0.000000000000000000e+00
0.000000000000000000e+00
0.000000000000000000e+00
0.000000000000000000e+00
0.000000000000000000e+00
0.000000000000000000e+00
0.000000000000000000e+00
0.000000000000000000e+00
0.000000000000000000e+00
0.000000000000000000e+00
0.000000000000000000e+00
0.000000000000000000e+00
0.000000000000000000e+00
0.000000000000000000e+00
0.000000000000000000e+00
0.000000000000000000e+00
0.000000000000000000e+00
0.000000000000000000e+00
0.000000000000000000e+00
0.000000000000000000e+00
0.000000000000000000e+00
0.000000000000000000e+00
0.000000000000000000e+00
0.000000000000000000e+00
0.000000000000000000e+00
0.000000000000000000e+00
0.000000000000000000e+00
0.000000000000000000e+00
0.000000000000000000e+00
0.000000000000000000e+00
0.000000000000000000e+00
0.000000000000000000e+00
0.000000000000000000e+00
0.000000000000000000e+00
0.000000000000000000e+00
0.000000000000000000e+00
0.000000000000000000e+00
0.000000000000000000e+00
0.000000000000000000e+00
0.000000000000000000e+00
0.000000000000000000e+00
0.000000000000000000e+00
0.000000000000000000e+00
0.000000000000000000e+00
0.000000000000000000e+00
0.000000000000000000e+00
0.000000000000000000e+00
0.000000000000000000e+00
0.000000000000000000e+00
0.000000000000000000e+00
0.000000000000000000e+00
0.000000000000000000e+00
0.000000000000000000e+00
0.000000000000000000e+00
0.000000000000000000e+00
0.000000000000000000e+00
0.000000000000000000e+00
0.000000000000000000e+00
0.000000000000000000e+00
0.000000000000000000e+00
0.000000000000000000e+00
0.000000000000000000e+00
0.000000000000000000e+00
0.000000000000000000e+00
0.000000000000000000e+00
0.000000000000000000e+00
0.000000000000000000e+00
0.000000000000000000e+00
0.000000000000000000e+00
0.000000000000000000e+00
0.000000000000000000e+00
0.000000000000000000e+00
0.000000000000000000e+00
0.000000000000000000e+00
0.000000000000000000e+00
0.000000000000000000e+00
0.000000000000000000e+00
0.000000000000000000e+00
0.000000000000000000e+00
0.000000000000000000e+00
0.000000000000000000e+00
0.000000000000000000e+00
0.000000000000000000e+00
0.000000000000000000e+00
0.000000000000000000e+00
0.000000000000000000e+00
0.000000000000000000e+00
0.000000000000000000e+00
0.000000000000000000e+00
0.000000000000000000e+00
0.000000000000000000e+00
0.000000000000000000e+00
0.000000000000000000e+00
0.000000000000000000e+00
0.000000000000000000e+00
0.000000000000000000e+00
0.000000000000000000e+00
0.000000000000000000e+00
0.000000000000000000e+00
0.000000000000000000e+00
0.000000000000000000e+00
0.000000000000000000e+00
0.000000000000000000e+00
0.000000000000000000e+00
0.000000000000000000e+00
0.000000000000000000e+00
0.000000000000000000e+00
0.000000000000000000e+00
0.000000000000000000e+00
0.000000000000000000e+00
0.000000000000000000e+00
0.000000000000000000e+00
0.000000000000000000e+00
0.000000000000000000e+00
0.000000000000000000e+00
0.000000000000000000e+00
0.000000000000000000e+00
0.000000000000000000e+00
0.000000000000000000e+00
0.000000000000000000e+00
0.000000000000000000e+00
0.000000000000000000e+00
0.000000000000000000e+00
0.000000000000000000e+00
0.000000000000000000e+00
0.000000000000000000e+00
0.000000000000000000e+00
0.000000000000000000e+00
0.000000000000000000e+00
0.000000000000000000e+00
0.000000000000000000e+00
0.000000000000000000e+00
0.000000000000000000e+00
0.000000000000000000e+00
0.000000000000000000e+00
0.000000000000000000e+00
0.000000000000000000e+00
0.000000000000000000e+00
0.000000000000000000e+00
0.000000000000000000e+00
0.000000000000000000e+00
0.000000000000000000e+00
0.000000000000000000e+00
0.000000000000000000e+00
0.000000000000000000e+00
0.000000000000000000e+00
0.000000000000000000e+00
0.000000000000000000e+00
0.000000000000000000e+00
0.000000000000000000e+00
0.000000000000000000e+00
0.000000000000000000e+00
0.000000000000000000e+00
0.000000000000000000e+00
0.000000000000000000e+00
0.000000000000000000e+00
0.000000000000000000e+00
0.000000000000000000e+00
0.000000000000000000e+00
0.000000000000000000e+00
0.000000000000000000e+00
0.000000000000000000e+00
0.000000000000000000e+00
0.000000000000000000e+00
0.000000000000000000e+00
0.000000000000000000e+00
0.000000000000000000e+00
0.000000000000000000e+00
0.000000000000000000e+00
0.000000000000000000e+00
0.000000000000000000e+00
0.000000000000000000e+00
0.000000000000000000e+00
0.000000000000000000e+00
0.000000000000000000e+00
0.000000000000000000e+00
0.000000000000000000e+00
0.000000000000000000e+00
0.000000000000000000e+00
0.000000000000000000e+00
0.000000000000000000e+00
0.000000000000000000e+00
0.000000000000000000e+00
0.000000000000000000e+00
0.000000000000000000e+00
0.000000000000000000e+00
0.000000000000000000e+00
0.000000000000000000e+00
0.000000000000000000e+00
0.000000000000000000e+00
0.000000000000000000e+00
0.000000000000000000e+00
0.000000000000000000e+00
0.000000000000000000e+00
0.000000000000000000e+00
0.000000000000000000e+00
0.000000000000000000e+00
0.000000000000000000e+00
0.000000000000000000e+00
0.000000000000000000e+00
0.000000000000000000e+00
0.000000000000000000e+00
0.000000000000000000e+00
0.000000000000000000e+00
0.000000000000000000e+00
0.000000000000000000e+00
0.000000000000000000e+00
0.000000000000000000e+00
0.000000000000000000e+00
0.000000000000000000e+00
0.000000000000000000e+00
0.000000000000000000e+00
0.000000000000000000e+00
0.000000000000000000e+00
0.000000000000000000e+00
0.000000000000000000e+00
0.000000000000000000e+00
0.000000000000000000e+00
0.000000000000000000e+00
0.000000000000000000e+00
0.000000000000000000e+00
0.000000000000000000e+00
0.000000000000000000e+00
0.000000000000000000e+00
0.000000000000000000e+00
0.000000000000000000e+00
0.000000000000000000e+00
0.000000000000000000e+00
0.000000000000000000e+00
0.000000000000000000e+00
0.000000000000000000e+00
0.000000000000000000e+00
0.000000000000000000e+00
0.000000000000000000e+00
0.000000000000000000e+00
0.000000000000000000e+00
0.000000000000000000e+00
0.000000000000000000e+00
0.000000000000000000e+00
0.000000000000000000e+00
0.000000000000000000e+00
0.000000000000000000e+00
0.000000000000000000e+00
0.000000000000000000e+00
0.000000000000000000e+00
0.000000000000000000e+00
0.000000000000000000e+00
0.000000000000000000e+00
0.000000000000000000e+00
0.000000000000000000e+00
0.000000000000000000e+00
0.000000000000000000e+00
0.000000000000000000e+00
0.000000000000000000e+00
0.000000000000000000e+00
0.000000000000000000e+00
0.000000000000000000e+00
0.000000000000000000e+00
0.000000000000000000e+00
0.000000000000000000e+00
0.000000000000000000e+00
0.000000000000000000e+00
0.000000000000000000e+00
0.000000000000000000e+00
0.000000000000000000e+00
0.000000000000000000e+00
0.000000000000000000e+00
0.000000000000000000e+00
0.000000000000000000e+00
0.000000000000000000e+00
0.000000000000000000e+00
0.000000000000000000e+00
0.000000000000000000e+00
0.000000000000000000e+00
0.000000000000000000e+00
0.000000000000000000e+00
0.000000000000000000e+00
0.000000000000000000e+00
0.000000000000000000e+00
0.000000000000000000e+00
0.000000000000000000e+00
0.000000000000000000e+00
0.000000000000000000e+00
0.000000000000000000e+00
0.000000000000000000e+00
0.000000000000000000e+00
0.000000000000000000e+00
0.000000000000000000e+00
0.000000000000000000e+00
0.000000000000000000e+00
0.000000000000000000e+00
0.000000000000000000e+00
0.000000000000000000e+00
0.000000000000000000e+00
0.000000000000000000e+00
0.000000000000000000e+00
0.000000000000000000e+00
0.000000000000000000e+00
0.000000000000000000e+00
0.000000000000000000e+00
0.000000000000000000e+00
0.000000000000000000e+00
0.000000000000000000e+00
0.000000000000000000e+00
0.000000000000000000e+00
0.000000000000000000e+00
0.000000000000000000e+00
0.000000000000000000e+00
0.000000000000000000e+00
0.000000000000000000e+00
0.000000000000000000e+00
0.000000000000000000e+00
0.000000000000000000e+00
0.000000000000000000e+00
0.000000000000000000e+00
0.000000000000000000e+00
0.000000000000000000e+00
0.000000000000000000e+00
0.000000000000000000e+00
0.000000000000000000e+00
0.000000000000000000e+00
0.000000000000000000e+00
0.000000000000000000e+00
0.000000000000000000e+00
0.000000000000000000e+00
0.000000000000000000e+00
0.000000000000000000e+00
0.000000000000000000e+00
0.000000000000000000e+00
0.000000000000000000e+00
0.000000000000000000e+00
0.000000000000000000e+00
0.000000000000000000e+00
0.000000000000000000e+00
0.000000000000000000e+00
0.000000000000000000e+00
0.000000000000000000e+00
0.000000000000000000e+00
0.000000000000000000e+00
0.000000000000000000e+00
0.000000000000000000e+00
0.000000000000000000e+00
0.000000000000000000e+00
0.000000000000000000e+00
0.000000000000000000e+00
0.000000000000000000e+00
0.000000000000000000e+00
0.000000000000000000e+00
0.000000000000000000e+00
0.000000000000000000e+00
0.000000000000000000e+00
0.000000000000000000e+00
0.000000000000000000e+00
0.000000000000000000e+00
0.000000000000000000e+00
0.000000000000000000e+00
0.000000000000000000e+00
0.000000000000000000e+00
0.000000000000000000e+00
0.000000000000000000e+00
0.000000000000000000e+00
0.000000000000000000e+00
0.000000000000000000e+00
0.000000000000000000e+00
0.000000000000000000e+00
0.000000000000000000e+00
0.000000000000000000e+00
0.000000000000000000e+00
0.000000000000000000e+00
0.000000000000000000e+00
0.000000000000000000e+00
0.000000000000000000e+00
0.000000000000000000e+00
0.000000000000000000e+00
0.000000000000000000e+00
0.000000000000000000e+00
0.000000000000000000e+00
0.000000000000000000e+00
0.000000000000000000e+00
0.000000000000000000e+00
0.000000000000000000e+00
0.000000000000000000e+00
0.000000000000000000e+00
0.000000000000000000e+00
0.000000000000000000e+00
0.000000000000000000e+00
0.000000000000000000e+00
0.000000000000000000e+00
0.000000000000000000e+00
0.000000000000000000e+00
0.000000000000000000e+00
0.000000000000000000e+00
0.000000000000000000e+00
0.000000000000000000e+00
0.000000000000000000e+00
0.000000000000000000e+00
0.000000000000000000e+00
0.000000000000000000e+00
0.000000000000000000e+00
0.000000000000000000e+00
0.000000000000000000e+00
0.000000000000000000e+00
0.000000000000000000e+00
0.000000000000000000e+00
0.000000000000000000e+00
0.000000000000000000e+00
0.000000000000000000e+00
0.000000000000000000e+00
0.000000000000000000e+00
0.000000000000000000e+00
0.000000000000000000e+00
0.000000000000000000e+00
0.000000000000000000e+00
0.000000000000000000e+00
0.000000000000000000e+00
0.000000000000000000e+00
0.000000000000000000e+00
0.000000000000000000e+00
0.000000000000000000e+00
0.000000000000000000e+00
0.000000000000000000e+00
0.000000000000000000e+00
0.000000000000000000e+00
0.000000000000000000e+00
0.000000000000000000e+00
0.000000000000000000e+00
0.000000000000000000e+00
0.000000000000000000e+00
0.000000000000000000e+00
0.000000000000000000e+00
0.000000000000000000e+00
0.000000000000000000e+00
0.000000000000000000e+00
0.000000000000000000e+00
0.000000000000000000e+00
0.000000000000000000e+00
0.000000000000000000e+00
0.000000000000000000e+00
0.000000000000000000e+00
0.000000000000000000e+00
0.000000000000000000e+00
0.000000000000000000e+00
0.000000000000000000e+00
0.000000000000000000e+00
0.000000000000000000e+00
0.000000000000000000e+00
0.000000000000000000e+00
0.000000000000000000e+00
0.000000000000000000e+00
0.000000000000000000e+00
0.000000000000000000e+00
0.000000000000000000e+00
0.000000000000000000e+00
0.000000000000000000e+00
0.000000000000000000e+00
0.000000000000000000e+00
0.000000000000000000e+00
0.000000000000000000e+00
0.000000000000000000e+00
0.000000000000000000e+00
0.000000000000000000e+00
0.000000000000000000e+00
0.000000000000000000e+00
0.000000000000000000e+00
0.000000000000000000e+00
0.000000000000000000e+00
0.000000000000000000e+00
0.000000000000000000e+00
0.000000000000000000e+00
0.000000000000000000e+00
0.000000000000000000e+00
0.000000000000000000e+00
0.000000000000000000e+00
0.000000000000000000e+00
0.000000000000000000e+00
0.000000000000000000e+00
0.000000000000000000e+00
0.000000000000000000e+00
0.000000000000000000e+00
0.000000000000000000e+00
0.000000000000000000e+00
0.000000000000000000e+00
0.000000000000000000e+00
0.000000000000000000e+00
0.000000000000000000e+00
0.000000000000000000e+00
0.000000000000000000e+00
0.000000000000000000e+00
0.000000000000000000e+00
0.000000000000000000e+00
0.000000000000000000e+00
0.000000000000000000e+00
0.000000000000000000e+00
0.000000000000000000e+00
0.000000000000000000e+00
0.000000000000000000e+00
0.000000000000000000e+00
0.000000000000000000e+00
0.000000000000000000e+00
0.000000000000000000e+00
0.000000000000000000e+00
0.000000000000000000e+00
0.000000000000000000e+00
0.000000000000000000e+00
0.000000000000000000e+00
0.000000000000000000e+00
0.000000000000000000e+00
0.000000000000000000e+00
0.000000000000000000e+00
0.000000000000000000e+00
0.000000000000000000e+00
0.000000000000000000e+00
0.000000000000000000e+00
0.000000000000000000e+00
0.000000000000000000e+00
0.000000000000000000e+00
0.000000000000000000e+00
0.000000000000000000e+00
0.000000000000000000e+00
0.000000000000000000e+00
0.000000000000000000e+00
0.000000000000000000e+00
0.000000000000000000e+00
0.000000000000000000e+00
0.000000000000000000e+00
0.000000000000000000e+00
0.000000000000000000e+00
0.000000000000000000e+00
0.000000000000000000e+00
0.000000000000000000e+00
0.000000000000000000e+00
0.000000000000000000e+00
0.000000000000000000e+00
0.000000000000000000e+00
0.000000000000000000e+00
0.000000000000000000e+00
0.000000000000000000e+00
0.000000000000000000e+00
0.000000000000000000e+00
0.000000000000000000e+00
0.000000000000000000e+00
0.000000000000000000e+00
0.000000000000000000e+00
0.000000000000000000e+00
0.000000000000000000e+00
0.000000000000000000e+00
0.000000000000000000e+00
0.000000000000000000e+00
0.000000000000000000e+00
0.000000000000000000e+00
0.000000000000000000e+00
0.000000000000000000e+00
0.000000000000000000e+00
0.000000000000000000e+00
0.000000000000000000e+00
0.000000000000000000e+00
0.000000000000000000e+00
0.000000000000000000e+00
0.000000000000000000e+00
0.000000000000000000e+00
0.000000000000000000e+00
0.000000000000000000e+00
0.000000000000000000e+00
0.000000000000000000e+00
0.000000000000000000e+00
0.000000000000000000e+00
0.000000000000000000e+00
0.000000000000000000e+00
0.000000000000000000e+00
0.000000000000000000e+00
0.000000000000000000e+00
0.000000000000000000e+00
0.000000000000000000e+00
0.000000000000000000e+00
0.000000000000000000e+00
0.000000000000000000e+00
0.000000000000000000e+00
0.000000000000000000e+00
0.000000000000000000e+00
0.000000000000000000e+00
0.000000000000000000e+00
0.000000000000000000e+00
0.000000000000000000e+00
0.000000000000000000e+00
0.000000000000000000e+00
0.000000000000000000e+00
0.000000000000000000e+00
0.000000000000000000e+00
0.000000000000000000e+00
0.000000000000000000e+00
0.000000000000000000e+00
0.000000000000000000e+00
0.000000000000000000e+00
0.000000000000000000e+00
0.000000000000000000e+00
0.000000000000000000e+00
0.000000000000000000e+00
0.000000000000000000e+00
0.000000000000000000e+00
0.000000000000000000e+00
0.000000000000000000e+00
0.000000000000000000e+00
0.000000000000000000e+00
0.000000000000000000e+00
0.000000000000000000e+00
0.000000000000000000e+00
0.000000000000000000e+00
0.000000000000000000e+00
0.000000000000000000e+00
0.000000000000000000e+00
0.000000000000000000e+00
0.000000000000000000e+00
0.000000000000000000e+00
0.000000000000000000e+00
0.000000000000000000e+00
0.000000000000000000e+00
0.000000000000000000e+00
0.000000000000000000e+00
0.000000000000000000e+00
0.000000000000000000e+00
0.000000000000000000e+00
