2.145090246698979075e-01
2.998065782798830722e-02
1.311906392503072415e-02
1.094977438482731998e-02
1.133516528686015143e-02
1.214298209067929575e-02
1.295071937332890194e-02
1.369101415276163976e-02
1.436297285850779253e-02
1.497220228217048532e-02
1.552161796831433294e-02
1.601171590774363301e-02
1.644178186719805895e-02
1.681076638918528598e-02
1.711781966878415939e-02
1.736259516204255796e-02
1.754539843854951986e-02
1.766723085385935033e-02
1.772976297096470408e-02
1.773526386420552076e-02
1.768650600966982164e-02
1.758666021285724967e-02
1.743919065748945202e-02
1.724775662979506977e-02
1.701612474267049507e-02
1.674809347564926859e-02
1.644743044871167792e-02
1.611782193755163448e-02
1.576283359683047433e-02
1.538588108311251222e-02
1.499020917671544523e-02
1.457887802698039359e-02
1.415475524094782396e-02
1.372051266765420170e-02
1.327862687674750616e-02
1.283138247649565945e-02
1.238087755403009457e-02
1.192903064532652678e-02
1.147758875216570509e-02
1.102813601798763310e-02
1.058210275500437794e-02
1.014077458252211385e-02
9.705301492699653157e-03
9.276706706499457042e-03
8.855895220819247349e-03
8.443661979009996210e-03
8.040699622292670629e-03
7.647605799896491953e-03
7.264890031823578037e-03
6.892980130621935951e-03
6.532228197951212012e-03
6.182916218495457944e-03
5.845261278306377109e-03
5.519420437293755602e-03
5.205495286635315397e-03
4.903536221645295005e-03
4.613546459391712658e-03
4.335485828332938732e-03
4.069274354681018391e-03
3.814795667293200462e-03
3.571900239818491269e-03
3.340408485731639378e-03
3.120113718892412492e-03
2.910784989467713520e-03
2.712169802516649006e-03
2.523996724309949830e-03
2.345977879560416646e-03
2.177811341189056157e-03
2.019183413036169852e-03
1.869770805030454607e-03
1.729242699728165576e-03
1.597262708796778116e-03
1.473490717909992564e-03
1.357584618608357468e-03
1.249201925926187850e-03
1.148001280958387688e-03
1.053643838007447446e-03
9.657945364835582780e-04
8.841232583034540436e-04
8.083058721238599396e-04
7.380251663345852205e-04
6.729716733084375058e-04
6.128443879469873358e-04
5.573513840633258307e-04
5.062103325967888621e-04
4.591489260555207215e-04
4.159052139263580698e-04
3.762278540764672384e-04
3.398762853966540327e-04
3.066208271028872802e-04
2.762427102223740240e-04
2.485340468453980738e-04
2.232977427277009974e-04
2.003473587836978448e-04
1.795069269225915644e-04
1.606107255511485081e-04
1.435030199038282446e-04
1.280377721665724436e-04
1.140783261402551437e-04
1.014970709473103850e-04
9.017508802518494292e-05
8.000178537678047797e-05
7.087452276507314548e-05
6.269823125041997858e-05
5.538503017767082686e-05
4.885384442983984232e-05
4.303002447802289335e-05
3.784497147643844337e-05
3.323576937882387762e-05
2.914482579015074539e-05
2.551952301695230543e-05
2.231188054228931821e-05
1.947822992810651466e-05
1.697890293949663569e-05
1.477793349262038254e-05
1.284277385101324442e-05
1.114402533396041237e-05
9.655183655103286358e-06
8.352398879713713903e-06
7.214249874152918851e-06
6.221533020757774722e-06
5.357064885093721145e-06
4.605498449104724591e-06
3.953152462963889866e-06
3.387853418937688346e-06
2.898789611900483053e-06
2.476376722085348063e-06
2.112134335495004999e-06
1.798572805251050985e-06
1.529089851862918234e-06
1.297876301640643842e-06
1.099830368895083731e-06
9.304798986954434363e-07
7.859120020617667913e-07
6.627095337888275792e-07
5.578938839204747587e-07
4.688735770011348069e-07
3.933981975777709008e-07
3.295171860547964787e-07
2.755430751593072322e-07
2.300187636749491816e-07
1.916884505815473115e-07
1.594718787529854442e-07
1.324415629454747343e-07
1.098027015459149394e-07
9.087549553142625468e-08
7.507962086021159466e-08
6.192062241648307699e-08
5.097801811188707750e-08
4.189492124012147608e-08
3.436900728604488628e-08
2.814466833769625506e-08
2.300621394777282832e-08
1.877199180571506858e-08
1.528931496511210252e-08
1.243009451432401517e-08
1.008708788721408513e-08
8.170683024837119337e-09
6.606147907184572889e-09
5.331283280521589850e-09
4.294423798618679220e-09
3.452739632081559910e-09
2.770796524106294746e-09
2.219337621847972418e-09
1.774255205879067041e-09
1.415724613928199054e-09
1.127476350404157959e-09
8.961857219728659251e-10
7.109620977791544111e-10
5.629225252277813813e-10
4.448365181095806016e-10
3.508307981937977421e-10
2.761444259066075847e-10
2.169261630517697279e-10
1.700671499568713295e-10
1.330630624134307128e-10
1.039007971482365164e-10
8.096553837593992903e-11
6.296470035799263498e-11
4.886583356476631336e-11
3.784602613259976371e-11
2.925079268782124329e-11
2.256071812441654459e-11
1.736447125343342612e-11
1.333702814686662804e-11
1.022211802345135486e-11
7.818121241650816668e-12
5.966766064804489016e-12
4.544079848789692667e-12
3.453176583880658389e-12
2.618499558279689729e-12
1.981264430894341331e-12
1.495835062788944723e-12
1.126864813258488733e-12
8.470366597034418807e-13
6.352838838011640648e-13
4.754083949312129782e-13
3.549706826670658473e-13
2.644478081878500614e-13
1.965638748114406986e-13
1.457737807094039014e-13
1.078595127268055535e-13
7.962520069039007760e-14
5.864484434060786330e-14
4.309185764794786443e-14
3.158987268687937060e-14
2.310436603763479650e-14
1.685777624724540959e-14
1.227090255450036884e-14
8.910457127888869143e-15
6.455398605138246485e-15
4.665267331734521980e-15
3.362372441658201992e-15
2.418617368881339547e-15
1.735230484085334031e-15
1.241041672890786942e-15
8.857019471970942937e-16
6.306564727844991559e-16
4.482108293110413159e-16
3.170546607069005190e-16
2.237283428848099896e-16
1.583780965959867455e-16
1.110877297993517359e-16
7.776525545008393217e-17
5.382778756350854315e-17
3.796872210509107189e-17
2.645938079573457087e-17
1.824629401648728033e-17
1.273514763520822160e-17
8.942872862278327098e-18
6.340901851487283068e-18
4.004805817298388220e-18
2.680563604457109899e-18
2.068082896725102871e-18
1.372715104484538899e-18
1.322982357112300431e-18
6.879577813391486699e-19
6.555776089111114883e-19
3.451424659594203085e-19
2.407305935912360016e-19
4.610464437862922020e-19
1.579792515792797351e-19
2.049813880859069018e-19
1.919247746009147197e-19
0.000000000000000000e+00
6.348758365514459982e-20
0.000000000000000000e+00
3.326617149180310934e-19
0.000000000000000000e+00
1.390683313898161732e-19
5.239685903088140846e-19
7.709403513925205594e-20
7.119108543649432469e-19
0.000000000000000000e+00
2.415096819792289502e-19
6.303369220343332783e-20
1.459759854765556694e-19
5.614472218872103756e-20
4.788853709979066691e-20
1.396820319321231960e-19
4.295268142489320364e-19
0.000000000000000000e+00
4.392563499355238893e-20
4.130405547429202862e-20
0.000000000000000000e+00
3.193751129812452772e-19
3.364320246016488178e-19
5.292497373575318058e-19
6.852184619204493604e-20
0.000000000000000000e+00
4.185841830855374052e-19
0.000000000000000000e+00
4.201652635252116605e-19
0.000000000000000000e+00
2.307279078743236873e-19
5.239293207736342266e-19
1.614020652096322882e-19
5.143119895203837291e-20
1.380868060287381369e-19
4.646578330902266404e-20
3.242174012914641746e-19
1.466829155166129128e-19
1.394607498756019292e-19
2.326355154639878641e-19
4.148162219444779020e-20
0.000000000000000000e+00
2.203480558869157923e-19
3.744109000792565925e-20
0.000000000000000000e+00
2.146821497123518867e-19
5.059457287664729561e-19
1.397531220733269887e-19
0.000000000000000000e+00
2.599294450235764503e-20
2.423099933717770066e-20
4.966288900421853824e-19
1.346943901131555051e-19
0.000000000000000000e+00
4.975992538984573156e-19
4.197059519464325880e-19
4.062440833665092426e-20
2.855127899023671701e-20
4.055494687522616199e-19
3.765375994293861840e-20
1.215088684547871146e-19
2.781931596162188965e-20
2.294390978960393399e-20
2.044132067177739131e-20
0.000000000000000000e+00
2.052795728226306495e-19
1.724137191220799522e-20
2.976082612577427636e-19
1.147600027376995564e-19
1.628484520197759039e-20
1.249886360580910543e-20
4.854730705843981213e-19
0.000000000000000000e+00
2.978502828237075711e-19
1.141733465218074526e-19
3.011148039077698923e-19
0.000000000000000000e+00
4.887970786973419457e-19
0.000000000000000000e+00
0.000000000000000000e+00
0.000000000000000000e+00
4.859504286563857294e-19
2.092236619582212898e-19
1.110862015822032676e-19
0.000000000000000000e+00
2.011601136624700549e-19
2.027338630644566382e-19
3.922745136553899346e-19
2.052765536027482951e-19
0.000000000000000000e+00
1.019737104076163669e-20
0.000000000000000000e+00
6.646316034133309875e-21
5.132735228186672105e-21
9.872120004609563094e-20
4.785221950919423161e-19
7.811064496364944144e-21
0.000000000000000000e+00
1.934663257107576357e-19
4.376271160201715660e-21
9.769525174156758126e-20
0.000000000000000000e+00
0.000000000000000000e+00
1.066314323790777489e-21
3.801514849789578389e-19
4.763179118550424801e-19
1.989687386745928254e-21
1.343439528225844019e-22
1.013420140831521410e-23
1.631073414707979441e-24
1.989025648248406656e-25
2.294677406000302818e-26
2.755202542453094655e-27
3.662728075659637503e-28
4.836988035156245397e-29
5.813897656156004141e-30
6.535206460101896192e-31
7.148515132085966649e-32
7.670379586012814717e-33
8.041763630388375985e-34
8.307651805383231859e-35
8.684386905203253257e-36
9.514152733194020226e-37
1.111810561210117572e-37
1.356457493487031075e-38
1.666278136768865133e-39
2.003470150751751547e-40
2.330576155406066209e-41
2.631265934092817452e-42
2.921397709567943095e-43
3.244311974980541532e-44
3.654172031815271391e-45
4.196835901555783823e-46
4.895998635452773927e-47
5.747665140948188349e-48
6.723240460950263744e-49
7.780629161522811777e-50
8.881042928810484709e-51
1.000621503846492701e-51
1.116904428856620881e-52
1.241275789594199078e-53
1.379887294502486353e-54
1.538978823647100109e-55
1.723488546631945233e-56
1.936789523661121122e-57
2.181793398411956417e-58
2.462911206555798909e-59
2.787780365553630956e-60
3.167627654683074735e-61
3.615750920845824777e-62
4.144609403079130064e-63
4.762942573204372490e-64
5.474865960174892068e-65
6.283257878633412569e-66
7.201252211250190395e-67
8.281849628613301838e-68
9.696210844535439925e-69
1.195351085841450232e-69
1.653816203236857671e-70
2.776949119990962869e-71
5.820501675604994581e-72
1.442112062344325322e-72
3.904254052776320442e-73
1.095542560388665937e-73
3.104888845158640184e-74
8.789514338871735149e-75
2.473978567729020605e-75
6.910613433962220537e-76
1.914148300501315140e-76
5.255470223094518795e-77
1.430013193025081390e-77
3.855737048587996860e-78
1.030083678805992417e-78
2.726459227386794643e-79
7.149115943753502346e-80
1.856942418188163115e-80
4.777527801376558673e-81
1.217397514830605399e-81
3.072213637555372608e-82
7.677596840294240965e-83
1.899847763122845603e-83
4.654748967775874447e-84
1.129072096863678114e-84
2.711181803966631613e-85
6.444220479218110501e-86
1.516071784990960570e-86
3.529955387061094871e-87
8.133562379765152882e-88
1.854454485844844517e-88
4.183469450303239044e-89
9.336904496445684076e-90
2.061463051396448810e-90
4.502093720138793398e-91
9.724772188105224548e-92
2.077444510160960245e-92
4.388572209226292411e-93
9.166829968341719374e-94
1.893106563345428566e-94
3.864989357876221966e-95
7.800022279770083966e-96
1.555873081611951807e-96
3.067180201779676209e-97
5.975121843693978618e-98
1.150142516476548150e-98
2.187301025704270442e-99
4.109335130029684967e-100
7.625955656091915991e-101
1.397750978683816396e-101
2.530059570436121629e-102
4.522193959721281637e-103
7.980621001425113160e-104
1.390414505178187653e-104
2.391236339698901913e-105
4.059020938962172337e-106
6.799705147153933166e-107
1.124029577973881178e-107
1.833295941512831105e-108
2.949866326096190249e-109
4.682029931710068203e-110
7.329506129262158008e-111
1.131540007164869438e-111
1.722523637908018260e-112
2.585266618818227750e-113
3.825027322153791270e-114
5.578229297868437159e-115
8.017403371875882843e-116
1.135504747415314053e-116
1.584541699573829304e-117
2.178305992050676016e-118
2.949680162108034050e-119
3.933792585205878224e-120
5.166155280315499744e-121
6.680073043903615900e-122
8.503355052873309370e-123
1.065446484006607626e-123
1.313836591836907473e-124
1.594244332736716580e-125
1.903298550789251736e-126
2.235277257018987308e-127
2.582031340414469370e-128
2.933118814416521549e-129
3.276177810951484870e-130
3.597541136428943988e-131
3.883064415420415792e-132
4.119107762828333388e-133
4.293582641253145144e-134
4.396956326095425047e-135
4.423100584083952671e-136
4.369881254014174221e-137
4.239411269638840844e-138
4.037928289947460397e-139
3.775303993421140722e-140
3.464238146719075889e-141
3.119229394690002172e-142
2.755440117592226892e-143
2.387580829211502924e-144
2.028929728356480509e-145
1.690577628317948238e-146
1.380952610922885365e-147
1.105638878204209782e-148
8.674670085350713616e-150
6.668236146921739913e-151
5.021106438171915786e-152
3.702792194817070890e-153
2.673687115214895479e-154
1.889956838157397928e-155
1.307557532207222075e-156
8.852047029278439632e-158
5.862809154968459201e-159
3.797964129028112962e-160
2.405922722166192806e-161
1.490045655957726323e-162
9.019960328273895143e-164
5.335751022732801305e-165
3.083683002759968074e-166
1.740696731143752152e-167
9.595116941611235605e-169
5.163501517693505949e-170
2.712044756986294304e-171
1.389946294054399602e-172
6.949225202238656229e-174
3.388433357208483086e-175
1.610909318231678351e-176
7.465115999133448123e-178
3.371144771281081989e-179
1.483112015741118288e-180
6.354842322420369830e-182
2.651225359957093785e-183
1.076649814145878381e-184
4.254624929117306630e-186
1.635604019457901329e-187
6.114968791702652866e-189
2.222678175241648040e-190
7.852178891451734976e-192
2.695242877378566446e-193
8.985876056725540413e-195
2.908949397591559815e-196
9.140738059416369756e-198
2.787080316175339034e-199
8.243130462491481652e-201
2.364058348763969853e-202
6.571943871605556123e-204
1.770283505545637647e-205
4.618980392390400518e-207
1.166922366289673838e-208
2.853420319526440886e-210
6.750717702621135216e-212
1.544628447812927197e-213
3.416759279792924407e-215
7.303721829412009896e-217
1.508111697659505586e-218
3.006760490396234987e-220
5.785665884685425097e-222
1.074005852535749281e-223
1.922492548026629813e-225
3.316878568436816123e-227
5.513148139739766458e-229
8.824075868995307389e-231
1.359341164555371713e-232
2.014481621023884863e-234
2.870485290250605859e-236
3.930805724968909676e-238
5.170285041194882612e-240
6.528624133328449751e-242
7.909805262478526603e-244
9.189765536167070613e-246
1.023269157456222947e-247
1.091362454204271747e-249
1.114251030474526140e-251
1.088347104120071086e-253
1.016369423930688943e-255
9.068987012703270558e-258
7.726909456837822998e-260
6.282072251558914083e-262
4.870274544465016726e-264
3.597937671813796344e-266
2.531001647561061277e-268
1.694147231618053849e-270
1.078209787442140234e-272
6.519497276338729265e-275
3.742316815763741074e-277
2.037655407219888344e-279
1.051535067097349443e-281
5.138653033468358193e-284
2.375895242875809544e-286
1.038406927095804275e-288
4.286171158668613142e-291
1.669250637910879188e-293
6.127747518219938844e-296
2.118228811787592239e-298
6.887963051188499242e-301
2.104724420944098514e-303
6.036894135105057405e-306
1.623526832492201879e-308
4.089144276320691667e-311
9.634231886931111589e-314
2.120716805204145664e-316
4.355929766559350157e-319
8.349709414717066597e-322
0.000000000000000000e+00
0.000000000000000000e+00
0.000000000000000000e+00
0.000000000000000000e+00
0.000000000000000000e+00
0.000000000000000000e+00
0.000000000000000000e+00
0.000000000000000000e+00
0.000000000000000000e+00
0.000000000000000000e+00
0.000000000000000000e+00
0.000000000000000000e+00
0.000000000000000000e+00
0.000000000000000000e+00
0.000000000000000000e+00
0.000000000000000000e+00
0.000000000000000000e+00
0.000000000000000000e+00
0.000000000000000000e+00
0.000000000000000000e+00
0.000000000000000000e+00
0.000000000000000000e+00
0.000000000000000000e+00
0.000000000000000000e+00
0.000000000000000000e+00
0.000000000000000000e+00
0.000000000000000000e+00
0.000000000000000000e+00
0.000000000000000000e+00
0.000000000000000000e+00
0.000000000000000000e+00
0.000000000000000000e+00
0.000000000000000000e+00
0.000000000000000000e+00
0.000000000000000000e+00
0.000000000000000000e+00
0.000000000000000000e+00
0.000000000000000000e+00
0.000000000000000000e+00
0.000000000000000000e+00
0.000000000000000000e+00
0.000000000000000000e+00
0.000000000000000000e+00
0.000000000000000000e+00
0.000000000000000000e+00
0.000000000000000000e+00
0.000000000000000000e+00
0.000000000000000000e+00
0.000000000000000000e+00
0.000000000000000000e+00
0.000000000000000000e+00
0.000000000000000000e+00
0.000000000000000000e+00
0.000000000000000000e+00
0.000000000000000000e+00
0.000000000000000000e+00
0.000000000000000000e+00
0.000000000000000000e+00
0.000000000000000000e+00
0.000000000000000000e+00
0.000000000000000000e+00
0.000000000000000000e+00
0.000000000000000000e+00
0.000000000000000000e+00
0.000000000000000000e+00
0.000000000000000000e+00
0.000000000000000000e+00
0.000000000000000000e+00
0.000000000000000000e+00
0.000000000000000000e+00
0.000000000000000000e+00
0.000000000000000000e+00
0.000000000000000000e+00
0.000000000000000000e+00
0.000000000000000000e+00
0.000000000000000000e+00
0.000000000000000000e+00
0.000000000000000000e+00
0.000000000000000000e+00
0.000000000000000000e+00
0.000000000000000000e+00
0.000000000000000000e+00
0.000000000000000000e+00
0.000000000000000000e+00
0.000000000000000000e+00
0.000000000000000000e+00
0.000000000000000000e+00
0.000000000000000000e+00
0.000000000000000000e+00
0.000000000000000000e+00
0.000000000000000000e+00
0.000000000000000000e+00
0.000000000000000000e+00
0.000000000000000000e+00
0.000000000000000000e+00
0.000000000000000000e+00
0.000000000000000000e+00
0.000000000000000000e+00
0.000000000000000000e+00
