2.156051628749544868e-01
3.431283509262372799e-02
2.018142251207276361e-02
1.996954111504182020e-02
2.175729104539322889e-02
2.362529472062279215e-02
2.526517974601251090e-02
2.664036397986374941e-02
2.774345952200530513e-02
2.856806437045597905e-02
2.911261269266167406e-02
2.938347697319406218e-02
2.939496579444465102e-02
2.916771777236512597e-02
2.872661685455984298e-02
2.809881053970533088e-02
2.731207885062255855e-02
2.639361717037818494e-02
2.536920341857887284e-02
2.426268247235870493e-02
2.309569333332929172e-02
2.188757147403675232e-02
2.065537093662899934e-02
1.941396341616069207e-02
1.817618269977648235e-02
1.695299183917156963e-02
1.575365738443413460e-02
1.458592024716606241e-02
1.345615667744773543e-02
1.236952575991702441e-02
1.133010199471805313e-02
1.034099308402371131e-02
9.404444095621484340e-03
8.521929798168237369e-03
7.694237229662597571e-03
6.921540546788736148e-03
6.203469987046504076e-03
5.539176435394180600e-03
4.927392691781292029e-03
4.366492141464286929e-03
3.854545176535953410e-03
3.389373428963937934e-03
2.968601663074403509e-03
2.589707038580440178e-03
2.250065386441048743e-03
1.946994127481658761e-03
1.677791494729120392e-03
1.439771782002033287e-03
1.230296421997146726e-03
1.046800787341041830e-03
8.868167002348010391e-04
7.479907246730724442e-04
6.280983956558051050e-04
5.250546095717159708e-04
4.369204573570419797e-04
3.619068263393690563e-04
2.983751277800237873e-04
2.448355254941274295e-04
1.999430474430791485e-04
1.624919580660479231e-04
1.314087557727914766e-04
1.057441390239049057e-04
8.466425740107169043e-05
6.744153263422019730e-05
5.344530025339838469e-05
4.213248680296520970e-05
3.303850167479491126e-05
2.576848768550834171e-05
1.998904144635022542e-05
1.542048405825749503e-05
1.182973521734268641e-05
9.023819760080031488e-06
6.844015165848039104e-06
5.160631574370694395e-06
3.868402348093453712e-06
2.882452900813779457e-06
2.134808134865075964e-06
1.571394043407881297e-06
1.149486478614269392e-06
8.355593889090777425e-07
6.034856264060381355e-07
4.330453771393635900e-07
3.087000588972611045e-07
2.185928898831418014e-07
1.537410184453126819e-07
1.073879254755641611e-07
7.448860967976670147e-08
5.130372328488507441e-08
3.508225562566677069e-08
2.381550800980851412e-08
1.604793275403242946e-08
1.073291006565631166e-08
7.123711267062667658e-09
4.691760490490286337e-09
3.065881254814113152e-09
1.987526911179682130e-09
1.278074139524044565e-09
8.151367398241546311e-10
5.155623626097002322e-10
3.233344829923379224e-10
2.010414010533646385e-10
1.239147496168512623e-10
7.570152649440238483e-11
4.583204537816960155e-11
2.749503453285621008e-11
1.634165309739128855e-11
9.621195424374703988e-12
5.610310018916084339e-12
3.239673642232564178e-12
1.852261617213748646e-12
1.048382414536794329e-12
5.873267622507262463e-13
3.256176036682394669e-13
1.786192276152166351e-13
9.693212614122647902e-14
5.202710547593733230e-14
2.761545013650823527e-14
1.449288521702545913e-14
7.517640218865792729e-15
3.855848822998347440e-15
1.952661471709757595e-15
9.775723827733012473e-16
4.816788928971096922e-16
2.356981044768701547e-16
1.133953754985169987e-16
5.283225210213119981e-17
2.463123739463657717e-17
1.163117539948306824e-17
4.804619732476608067e-18
2.382997442444324344e-18
1.057572355414537834e-18
7.150774407703300519e-19
1.998646576763533074e-19
8.507697501678276938e-20
3.559946630953710377e-20
1.465346519609637215e-20
5.935495333441104285e-21
2.365404010145755956e-21
9.271251148586639053e-22
3.572798936582134489e-22
1.353222751869544478e-22
5.035832538467936713e-23
1.840609472793307016e-23
6.605162414537329052e-24
2.326353809559408809e-24
8.038466326018334537e-25
2.723994989762954748e-25
9.049014039017896811e-26
2.945640368397191668e-26
9.392010898088621876e-27
2.931904075864763479e-27
8.956944927330792856e-28
2.676641943126758640e-28
7.820536633761709028e-29
2.232999821443744827e-29
6.227744874226301407e-30
1.695669056069625212e-30
4.504966941089267198e-31
1.167207846761873341e-31
2.947611058224145458e-32
7.251205118524856682e-33
1.736656742378877141e-33
4.046879356712913187e-34
9.169810295218267870e-35
2.019100933366262980e-35
4.317468964191353436e-36
8.959459041040075013e-37
1.803081034092301751e-37
3.516580249125149913e-38
6.641707363713680755e-39
1.213852209474372856e-39
2.145074076598643727e-40
3.662376391296955377e-41
6.036310698702758363e-42
9.596247392518822340e-43
1.470195382205407449e-43
2.168721587847218208e-44
3.077424975907217900e-45
4.196757559934275912e-46
5.494882696106879318e-47
6.900549115174852676e-48
8.303071611130246922e-49
9.562231265583677849e-50
1.052849114179316408e-50
1.107046118631053106e-51
1.110321613433681960e-52
1.060938339359830389e-53
9.646012408484897671e-55
8.334171569612836762e-56
6.833708358170475190e-57
5.310473586558708698e-58
3.905497923773289171e-59
2.714242325159885093e-60
1.779880015475847287e-61
1.099564315437416498e-62
6.388988502522216725e-64
3.485727664679438359e-65
1.782568153803452148e-66
8.529100858373264149e-68
3.811077375415640848e-69
1.587196727970121031e-70
6.148502454695504766e-72
2.210774780755515943e-73
7.362047144584374127e-75
2.265336811913274589e-76
6.425458139712773213e-78
1.675800398690415589e-79
4.008172037791380582e-81
8.767600522371563765e-83
1.748925285129671603e-84
3.171760375483713961e-86
5.212935034497904718e-88
7.738512366896131465e-90
1.033918536571599706e-91
1.238632767005944501e-93
1.325274130804383546e-95
1.261109371279699419e-97
1.062548640546479210e-99
7.889272634164829315e-102
5.136018857736959198e-104
2.915954221108999809e-106
1.435493770670050412e-108
6.089946694670752210e-111
2.211806446346863311e-113
6.828361119335912235e-116
1.778268024023912131e-118
3.874362823820611101e-121
6.999103722167634350e-124
1.038275517556923614e-126
1.251508467093742399e-129
1.211767058229787031e-132
9.307259903596610310e-136
5.593417135820236080e-139
2.590811236991305565e-142
9.096734829517320275e-146
2.377175632079389650e-149
4.530416793696445469e-153
6.156110627322144317e-157
5.815976194582840103e-161
3.713918036731641529e-165
1.552947757173792613e-169
4.102374423161902825e-174
6.573693962268519822e-179
6.100086909887601353e-184
3.108164417404021832e-189
8.177656048070129523e-195
1.034385403443519628e-200
5.784982498438073087e-207
1.295684022484217103e-213
1.032639534686914917e-220
2.539151901491735568e-228
1.617940441360685704e-236
2.151773403216140997e-245
4.546178324681811059e-255
1.074008163121210683e-265
1.786734692414585641e-277
1.118984677280232803e-290
1.096428038771678593e-305
4.446590812571218898e-323
0.000000000000000000e+00
0.000000000000000000e+00
0.000000000000000000e+00
0.000000000000000000e+00
0.000000000000000000e+00
