2.142383706125022269e-01
2.886243476595187762e-02
1.120754373299597505e-02
8.459071143390955658e-03
8.438339115787896194e-03
8.944317307648753934e-03
9.506466379706281916e-03
1.003428237146172276e-02
1.051916975396504847e-02
1.096594606577789427e-02
1.137914334651121857e-02
1.176139829731362788e-02
1.211391989434657847e-02
1.243704709176805118e-02
1.273064130225969558e-02
1.299434555941444275e-02
1.322775688010725120e-02
1.343054111165409119e-02
1.360250727300294643e-02
1.374365197812079872e-02
1.385418131361286151e-02
1.393451581269235760e-02
1.398528308139682964e-02
1.400730181899937504e-02
1.400156028476733268e-02
1.396919164851800205e-02
1.391144811345564232e-02
1.382967521945867480e-02
1.372528732682607062e-02
1.359974494459188256e-02
1.345453430010682891e-02
1.329114934096077213e-02
1.311107620808401805e-02
1.291578011107683867e-02
1.270669446479068265e-02
1.248521210204123211e-02
1.225267835423632205e-02
1.201038578396330068e-02
1.175957035661174405e-02
1.150140884831027041e-02
1.123701730209452146e-02
1.096745036126581946e-02
1.069370132689043476e-02
1.041670280431434073e-02
1.013732782076494886e-02
9.856391312163722759e-03
9.574651891959983299e-03
9.292813828023173059e-03
9.011529165397196700e-03
8.731399943081594520e-03
8.452980462056417996e-03
8.176779569619062327e-03
7.903262931875118177e-03
7.632855272036791552e-03
7.365942557147808246e-03
7.102874120073500962e-03
6.843964707166780119e-03
6.589496445024249464e-03
6.339720722257139590e-03
6.094859984281893184e-03
5.855109440838922492e-03
5.620638687324044751e-03
5.391593242106373224e-03
5.168096002845320829e-03
4.950248625440001847e-03
4.738132829675633685e-03
4.531811635900235419e-03
4.331330537193291141e-03
4.136718611500003577e-03
3.947989578118513837e-03
3.765142802762924245e-03
3.588164255198499509e-03
3.417027423172039943e-03
3.251694186055338522e-03
3.092115651293701143e-03
2.938232956416641454e-03
2.789978039033244768e-03
2.647274376907359297e-03
2.510037699895687532e-03
2.378176675238601653e-03
2.251593567423810279e-03
2.130184873599535404e-03
2.013841935297638105e-03
1.902451527039928942e-03
1.795896422241766242e-03
1.694055936695826456e-03
1.596806449814489135e-03
1.504021903729649843e-03
1.415574280292323595e-03
1.331334055978975351e-03
1.251170634694901904e-03
1.174952758464446138e-03
1.102548896011881080e-03
1.033827609262331741e-03
9.686578978275988804e-04
9.069095215845815287e-04
8.484533015031094690e-04
7.931613989325532422e-04
7.409075736121748619e-04
6.915674207264031802e-04
6.450185873827270081e-04
6.011409689447876938e-04
5.598168857064806866e-04
5.209312404429216259e-04
4.843716574209405907e-04
4.500286034945181883e-04
4.177954919491234671e-04
3.875687697927987052e-04
3.592479892210013212e-04
3.327358640066554107e-04
3.079383115862813582e-04
2.847644816278184238e-04
2.631267718758272802e-04
2.429408320751524604e-04
2.241255567753036907e-04
2.066030678147067585e-04
1.902986872771834199e-04
1.751409017022710439e-04
1.610613183172061663e-04
1.479946140413662898e-04
1.358784779941287640e-04
1.246535482149417455e-04
1.142633432799209823e-04
1.046541894729294432e-04
9.577514414124665141e-05
8.757791583660276807e-05
8.001678181210015387e-05
7.304850341438723913e-05
6.663223987888146956e-05
6.072946100373340463e-05
5.530385914627829251e-05
5.032126095365851791e-05
4.574953920764579664e-05
4.155852513240854303e-05
3.771992148343282156e-05
3.420721670579933481e-05
3.099560042112942484e-05
2.806188047439379737e-05
2.538440174484644848e-05
2.294296689955328686e-05
2.071875924330959416e-05
1.869426779544552838e-05
1.685321470193994539e-05
1.518048507053457352e-05
1.366205929710958327e-05
1.228494793360438514e-05
1.103712913087261013e-05
9.907488674679133870e-06
8.885762618696779719e-06
7.962482505668909497e-06
7.128923156229616424e-06
6.377052994439001777e-06
5.699486869826228053e-06
5.089441327549735838e-06
4.540692271145597357e-06
4.047534956160405129e-06
3.604746247815200735e-06
3.207549071442982155e-06
2.851578980955411158e-06
2.532852767906203920e-06
2.247739031527503652e-06
1.992930628858424423e-06
1.765418923210757467e-06
1.562469748932820471e-06
1.381601010679964057e-06
1.220561836050636961e-06
1.077313201418993286e-06
9.500099522543763879e-07
8.369841407970198379e-07
7.367296059583609260e-07
6.478877223688902684e-07
5.692342478557504214e-07
4.996672010949440137e-07
4.381957036969167620e-07
3.839297236887464960e-07
3.360706600474115869e-07
2.939027106676917085e-07
2.567849689442772224e-07
2.241441968520677589e-07
1.954682251915829271e-07
1.702999343015447699e-07
1.482317712538310945e-07
1.289007620491768610e-07
1.119839799172532974e-07
9.719443320366107735e-08
8.427733870635978275e-08
7.300674857599604825e-08
6.318250104695210213e-08
5.462746736498877672e-08
4.718506923264410472e-08
4.071704294294980021e-08
3.510142822737746669e-08
3.023076142495760863e-08
2.601045424184270481e-08
2.235734080586674779e-08
1.919837716241243855e-08
1.646947864327655486e-08
1.411448173118393275e-08
1.208421827281502447e-08
1.033569084433129546e-08
8.831339130606923797e-09
7.538388063600462127e-09
6.428269319627481737e-09
5.476108519109667506e-09
4.660271257462341718e-09
3.961961660238680678e-09
3.364867848193251758e-09
2.854849193717423117e-09
2.419660783425977843e-09
2.048710949858201746e-09
1.732848160075394143e-09
1.464173939084282416e-09
1.235878839970726573e-09
1.042098799644014944e-09
8.777894931224541233e-10
7.386165727953900871e-10
6.208598899089474639e-10
5.213300252952834253e-10
4.372956324876357313e-10
3.664202698487862922e-10
3.067075504106218273e-10
2.564535675936761347e-10
2.142056819953120101e-10
1.787268729002808284e-10
1.489649204662256619e-10
1.240258165386896113e-10
1.031508380841818797e-10
8.569680828288580889e-11
7.111912089565658012e-11
5.895716582884866834e-11
4.882181505355560198e-11
4.038470966840751845e-11
3.336908865629626534e-11
2.754194894706170420e-11
2.270735383164230390e-11
1.870072907966140741e-11
1.538399850929836698e-11
1.264146168895587696e-11
1.037626854433497132e-11
8.507453408358501770e-12
6.967403665900772619e-12
5.699725784965739919e-12
4.657438215372344865e-12
3.801446857685911757e-12
3.099259131931345971e-12
2.523903592944679931e-12
2.053014032718149519e-12
1.668068229199866949e-12
1.353744937951978745e-12
1.097388776674901731e-12
8.885497372982838846e-13
7.186206440608289575e-13
5.805154178189521952e-13
4.684037167360790837e-13
3.775031828391637779e-13
3.038863362607739730e-13
2.443380154488282126e-13
1.962271438549206259e-13
1.574025504485122558e-13
1.261101716872541621e-13
1.009186458143398109e-13
8.066257179568740907e-14
6.439545305285782083e-14
5.134671593074177518e-14
4.089290041434099729e-14
3.252878166163639068e-14
2.584342251811659391e-14
2.050772336438936294e-14
1.625274110994540185e-14
1.286485772235518937e-14
1.017168219313138893e-14
8.030921942650135212e-15
6.333807030197858158e-15
4.988930566148260698e-15
3.924943980783093846e-15
3.084364629911308610e-15
2.419994152944878646e-15
1.896302001521805874e-15
1.484222693473292241e-15
1.160244033987622811e-15
9.059059232524834787e-16
7.062223217189737079e-16
5.500943314725232055e-16
4.277286315338707590e-16
3.320645622697189124e-16
2.570709052091924412e-16
1.993603186717155303e-16
1.539629183668794542e-16
1.187548325388413411e-16
9.177924303541141890e-17
7.070244104008327428e-17
5.422418603463193883e-17
4.147430115999506395e-17
3.193086972169923969e-17
2.449875436106177373e-17
1.907049046783778918e-17
1.447034531403965338e-17
1.088803133261660133e-17
8.691483314880431783e-18
6.688702307473442461e-18
4.932151155802426059e-18
3.741822950523681654e-18
3.089415370863046156e-18
2.207212389666471537e-18
1.728370145869871582e-18
1.284068530407560275e-18
9.791288901024699111e-19
7.524266495794575464e-19
4.619622551097601020e-19
5.057620551173457154e-19
3.604636868819778796e-19
4.574336273194951940e-19
3.043704285424364955e-19
1.931604856124796535e-19
1.508996214687486987e-19
4.222172245488479760e-19
8.345463999765407920e-20
2.729583470181637551e-19
1.658424925759048787e-19
2.677746380250159178e-19
0.000000000000000000e+00
3.649896177914655007e-19
0.000000000000000000e+00
0.000000000000000000e+00
0.000000000000000000e+00
3.520171130688760346e-19
2.093081657635959573e-19
1.351551620741170863e-19
0.000000000000000000e+00
1.732657457335675735e-19
1.871874587510090896e-19
3.081105755831795994e-19
2.032388606325980971e-19
0.000000000000000000e+00
5.547927011731691392e-20
0.000000000000000000e+00
5.081883018464319776e-20
5.140091283780550201e-20
1.093400104909502107e-19
3.537036994187123843e-19
8.118278961390408259e-20
0.000000000000000000e+00
1.653816928541053577e-19
5.918667549475055326e-20
1.670947511686697191e-19
0.000000000000000000e+00
0.000000000000000000e+00
4.000401794075355397e-20
2.780068981560576211e-19
3.608766713817052014e-19
7.416367858346389363e-20
4.713783973295341961e-20
0.000000000000000000e+00
2.174334595535267599e-19
4.149347986768535328e-19
1.976336708750379777e-19
1.797275154795286329e-19
3.567290910514649115e-19
1.964659927400280941e-19
3.623759310793401366e-19
0.000000000000000000e+00
2.912480660091243550e-19
3.731718847097872088e-19
8.603424846727879574e-20
1.804351290874854883e-19
4.215172238478477790e-19
2.103582842933008401e-19
0.000000000000000000e+00
4.160202131217763852e-19
9.186508205822923473e-20
1.847274825302359982e-19
0.000000000000000000e+00
4.155810861665632742e-19
0.000000000000000000e+00
6.020447518036031720e-20
1.181093275123791552e-19
1.820154000745530968e-19
0.000000000000000000e+00
0.000000000000000000e+00
4.953770176755430100e-20
1.680026635523402279e-19
3.546125971738513676e-19
7.261392199909068273e-20
5.052925188058480227e-20
4.626740597316531439e-20
4.396080389173801236e-20
5.180997795738626128e-19
7.907531111542447250e-20
1.073897735126708268e-19
4.879760921552165621e-20
0.000000000000000000e+00
2.169171773085591749e-19
0.000000000000000000e+00
4.543050681529060790e-19
2.474754018842268432e-19
1.167971172079212376e-19
4.810265411430152677e-20
4.105270202374701155e-20
3.899393503379998361e-20
0.000000000000000000e+00
0.000000000000000000e+00
0.000000000000000000e+00
3.025317610468702314e-20
2.932149935428124183e-20
2.758599770126446707e-20
8.535075368336707855e-20
2.936271760069317595e-20
8.336868713993894641e-20
1.461587892732197943e-19
0.000000000000000000e+00
2.120131566810246334e-20
3.175992314900662034e-19
1.585012437756397644e-19
0.000000000000000000e+00
8.113829423993057034e-20
2.042038283054090550e-19
2.715890952434090197e-19
3.880005233193242748e-20
0.000000000000000000e+00
1.415395689067442141e-19
1.489176295097929688e-19
3.096612772214986251e-20
2.619608589033649865e-19
2.159677464525404370e-19
3.345483820888393015e-19
1.046193838542333687e-19
1.531792951791125674e-19
3.590248139066313035e-20
0.000000000000000000e+00
8.625139585384177402e-20
2.092120085509923117e-19
9.677065576670203689e-20
3.892031874455382174e-19
3.452681417969122709e-19
0.000000000000000000e+00
3.291358630348100461e-19
2.257938305945629007e-19
2.226144652474003699e-19
4.446625837699148970e-20
3.325609122544535253e-19
2.279060122893674636e-19
2.840811193387005336e-19
4.896627140932031027e-20
3.742081338157689464e-20
2.731037422516871094e-19
1.647765175576060719e-19
3.387319542619123188e-19
1.685801469156623344e-19
2.185090081307230210e-19
0.000000000000000000e+00
2.123670094286392843e-19
4.138398267915960280e-20
5.090784273858589909e-19
1.725896441017628137e-19
0.000000000000000000e+00
0.000000000000000000e+00
2.681141108729370469e-19
0.000000000000000000e+00
1.474597106209155612e-19
1.490903840225598131e-19
2.692346942233953829e-19
0.000000000000000000e+00
2.539944196075240715e-20
2.363773437168323188e-20
1.410246871209240914e-19
3.826003077246125331e-19
2.139293155048198068e-19
0.000000000000000000e+00
3.197318403291092853e-19
2.115909103328972182e-19
3.047558800243616840e-20
1.422649589198891523e-19
2.624858974717497826e-19
3.874529321588545655e-19
2.146077403277739318e-19
0.000000000000000000e+00
0.000000000000000000e+00
1.410102414351444285e-19
1.443099961443906675e-19
0.000000000000000000e+00
1.983594436532324254e-19
2.492778667079268712e-20
1.887695158414430255e-20
1.710459686189465670e-20
1.347117106489319886e-19
0.000000000000000000e+00
1.328775121433587889e-19
1.645302547298752247e-20
0.000000000000000000e+00
1.300623648998410038e-19
1.923747110655173974e-19
3.135839869282660475e-19
2.582134345653829662e-19
1.991371103571460073e-20
5.495490956328402517e-19
2.839942087132438689e-20
1.689099377860132029e-20
7.485073954542456536e-20
0.000000000000000000e+00
0.000000000000000000e+00
1.235383505340744857e-20
7.084596868441783507e-20
0.000000000000000000e+00
1.285920774861063720e-19
4.877704236209746005e-19
1.990600322753885040e-19
2.543124807167219384e-19
0.000000000000000000e+00
1.261762559924009228e-20
1.163977052626846108e-20
2.487638506263449026e-19
1.494782837234145693e-20
1.045624473457366021e-20
1.282998062600756626e-19
0.000000000000000000e+00
0.000000000000000000e+00
5.427685946656872290e-19
0.000000000000000000e+00
0.000000000000000000e+00
8.013307478032121770e-21
1.263318738615774843e-19
8.618613987267458265e-21
2.445791412238979919e-19
6.926895823941543691e-20
0.000000000000000000e+00
0.000000000000000000e+00
0.000000000000000000e+00
0.000000000000000000e+00
0.000000000000000000e+00
1.222456961538425052e-19
4.362764845542023528e-21
2.880002616662658938e-21
0.000000000000000000e+00
1.805750427945771024e-19
3.987385550248508564e-21
2.339168871444650264e-21
1.210424104861132922e-19
1.810295870998369302e-19
6.329178773873129506e-20
0.000000000000000000e+00
6.572029425929258394e-19
1.275108588590629307e-19
1.249409848744472507e-19
3.033789408416943715e-19
2.451678144739524019e-19
6.933644440549153813e-21
5.054540509481001357e-21
6.357635630909154061e-20
3.569848263739451586e-21
2.500010267456299142e-21
1.803819079612907500e-19
1.213081768089984341e-19
2.996539502477173347e-19
2.743342930958190953e-21
2.398111974284913076e-19
1.211159069579851711e-19
1.572134646589290208e-21
8.474060944017265869e-22
3.945678577449497202e-22
1.367609112019390172e-22
3.020476083800267206e-23
3.729837621753778512e-24
3.642710361285577750e-25
4.075680413477594035e-26
5.491263044910074433e-27
6.873997200564066012e-28
7.051383861316290913e-29
6.070032307569840312e-30
4.849242397046779154e-31
4.224040184743096785e-32
4.484748220610393833e-33
5.542793475363601125e-34
7.224296842799832743e-35
9.341519203139599178e-36
1.168775619994094331e-36
1.415368476152138757e-37
1.676196713114088372e-38
1.961299475753706034e-39
2.281128204399414355e-40
2.637032011651337183e-41
3.021263357923679658e-42
3.423979872025684613e-43
3.841116082341740543e-44
4.276440567004628387e-45
4.738156341281750333e-46
5.238928327208934352e-47
5.805377435780485469e-48
6.489385876685834086e-49
7.365626799940631511e-50
8.508927667568910658e-51
9.963235400163423486e-52
1.172329874774101328e-52
1.374264541813810817e-53
1.596470569298072285e-54
1.836123448176960471e-55
2.096019295968669434e-56
2.385187434022526116e-57
2.717172803539377047e-58
3.106668540565562844e-59
3.565663094883482758e-60
4.100312899954574121e-61
4.709381871524667039e-62
5.384465860398018405e-63
6.111618056990859268e-64
6.873665418710153865e-65
7.652549675592494040e-66
8.431327395023001655e-67
9.195796021092141886e-68
9.935896318493389122e-69
1.064705136211073816e-69
1.133154912835996614e-70
1.200007986324192093e-71
1.267360522482484032e-72
1.338573788488380714e-73
1.418560317792726166e-74
1.514072606971189192e-75
1.633902565838454515e-76
1.788881676389254020e-77
1.991606153388971890e-78
2.255898778188242435e-79
2.596129581878430687e-80
3.026601105247454616e-81
3.561212191777629417e-82
4.213524049745915286e-83
4.997180670540773334e-84
5.926439410850821267e-85
7.016426352503636261e-86
8.282718834199111479e-87
9.740011467457714407e-88
1.139992163008656884e-88
1.326835717218952563e-89
1.534318758866357854e-90
1.761311554801896777e-91
2.005856315616264237e-92
2.265505687824609527e-93
2.537907733215851339e-94
2.821575059902661101e-95
3.116723683045859763e-96
3.426035174916294290e-97
3.755193073839460436e-98
4.113074804895553382e-99
4.511540121015037343e-100
4.964836356743401576e-101
5.488724642283157990e-102
6.099502312853365919e-103
6.813138734624878825e-104
7.644742910733557667e-105
8.608537418832300030e-106
9.718429731023183382e-107
1.098916328224333664e-107
1.243791827378709371e-108
1.408614044903029592e-109
1.596132676486544252e-110
1.809850383166934923e-111
2.054119981592463088e-112
2.334182088742348449e-113
2.656147485540650885e-114
3.026940657546042911e-115
3.454229384396992795e-116
3.946368460499185118e-117
4.512384930879801503e-118
5.162033442444992440e-119
5.905967404022145001e-120
6.756135848087595756e-121
7.726699924206838488e-122
8.836244140200265016e-123
1.011327789822734041e-123
1.161008942053505594e-124
1.343768617924778329e-125
1.585366482494122416e-126
1.948218888106993924e-127
2.586178489932439590e-128
3.880168387028897934e-129
6.771988987084537635e-130
1.358072039158052075e-130
2.998668081870304743e-131
6.982144480453266985e-132
1.665569802859537918e-132
4.006809759326731205e-133
9.644904396290818262e-134
2.314421995899476822e-134
5.526767437002853321e-135
1.312269046198489554e-135
3.096863458514897147e-136
7.262378362755597975e-137
1.692167087167495910e-137
3.917270797821152761e-138
9.009008243256019197e-139
2.058280228748023336e-139
4.671422054690669571e-140
1.053160585663248550e-140
2.358441604067326671e-141
5.245959934894915995e-142
1.158986563696496314e-142
2.543136377461475016e-143
5.542208576369819712e-144
1.199505121839426727e-144
2.578168695294093490e-145
5.502935135632835720e-146
1.166366520883414359e-146
2.454804597439518981e-147
5.130073363518021508e-148
1.064482223872877378e-148
2.193030918611068146e-149
4.485654319482942569e-150
9.108872993290706957e-151
1.836302668220937809e-151
3.674916887663850627e-152
7.300576631005389788e-153
1.439646366758297903e-153
2.817902891753858781e-154
5.474571780107953361e-155
1.055627027850748397e-155
2.020176079554941122e-156
3.836792966643262634e-157
7.231524201094170030e-158
1.352556632919850295e-158
2.510307271805407770e-159
4.623018934097462608e-160
8.447598199561137815e-161
1.531549067478148148e-161
2.754861976133574805e-162
4.916104247210137734e-163
8.703131572598267396e-164
1.528424634581884827e-164
2.662607674597949451e-165
4.600928941030278357e-166
7.885685640381400957e-167
1.340507475916157770e-167
2.260034088691458197e-168
3.778824265713309406e-169
6.265766516831492666e-170
1.030260947107361370e-170
1.679791420407727641e-171
2.715676301414884447e-172
4.353058055630011980e-173
6.918052877624096695e-174
1.089996893242215151e-174
1.702540559698052058e-175
2.636205188135930392e-176
4.046215932728292164e-177
6.155813022889772238e-178
9.282534455430899901e-179
1.387300751004379281e-179
2.054828298134457095e-180
3.016193014990182759e-181
4.387317376762546295e-182
6.323722506774586809e-183
9.031455111976337482e-184
1.278000446973736648e-184
1.791718018457304408e-185
2.488573979663847661e-186
3.424131134723281109e-187
4.667084823795442979e-188
6.301048784031281442e-189
8.426127656643544343e-190
1.116007994220008558e-190
1.463883513539982509e-191
1.901609638879710909e-192
2.446174176103936674e-193
3.115873997990791844e-194
3.929832777066380935e-195
4.907326130284721585e-196
6.066905825979613948e-197
7.425329021174344222e-198
8.996316371817208665e-199
1.078918339353551874e-199
1.280741118143898455e-200
1.504724352359311747e-201
1.749641514425935364e-202
2.013312765837544728e-203
2.292539325416506506e-204
2.583085901713944226e-205
2.879720582793224701e-206
3.176318469444097981e-207
3.466031136914400629e-208
3.741518977443198010e-209
3.995238010915616578e-210
4.219767361860899848e-211
4.408158855275768799e-212
4.554286644338364542e-213
4.653172936904449524e-214
4.701266076097400664e-215
4.696649592407956623e-216
4.639165282876090985e-217
4.530439547958819941e-218
4.373809575406433148e-219
4.174153793983832242e-220
3.937638545503442444e-221
3.671399379748818743e-222
3.383180116942737336e-223
3.080955394921462976e-224
2.772562620236930664e-225
2.465367139819651591e-226
2.165980360833260686e-227
1.880044992423604607e-228
1.612095215075761016e-229
1.365493094585716765e-230
1.142436597379344792e-231
9.440296627878172713e-233
7.704013060599825596e-234
6.208588281298568566e-235
4.940598672408038850e-236
3.881890520789238096e-237
3.011270959980351699e-238
2.306029327343849900e-239
1.743225511750776462e-240
1.300711925000121101e-241
9.578825043256538710e-243
6.961637711457007261e-244
4.992784940285910781e-245
3.533218393404257878e-246
2.466936190908191724e-247
1.699293890820644006e-248
1.154689617656237094e-249
7.739465160894680639e-251
5.116441318313379262e-252
3.335788694451162745e-253
2.144689233720339245e-254
1.359649656916374636e-255
8.498605180535189133e-257
5.237055084032749584e-258
3.181310193627497263e-259
1.904866235190509730e-260
1.124145204045245414e-261
6.537915946418337068e-263
3.746920118317442805e-264
2.115858190219138170e-265
1.177156456370224099e-266
6.451719275335697127e-268
3.483117677835896112e-269
1.852122249356257309e-270
9.699224244959657752e-272
5.001806185644707403e-273
2.539776513386026359e-274
1.269693280679087401e-275
6.248737978032919870e-277
3.027130083504115570e-278
1.443343933427607027e-279
6.772715735008925539e-281
3.127260163083053281e-282
1.420779836032214235e-283
6.350445576092365925e-285
2.792214997131808474e-286
1.207571681959727058e-287
5.136273162066112267e-289
2.148353297393011250e-290
8.835609273496292259e-292
3.572653187548731175e-293
1.420099096348776695e-294
5.548419328767477830e-296
2.130549592572319592e-297
8.039595285252081961e-299
2.980882201070555820e-300
1.085852764022877024e-301
3.885612300792454414e-303
1.365704558292134790e-304
4.714207153838099957e-306
1.597940029340537536e-307
5.318105527838184201e-309
1.737569879579237321e-310
5.572628462062979613e-312
1.754096285583083830e-313
5.418321432098348679e-315
1.642237497698817508e-316
4.883241089709254181e-318
1.424341850395729662e-319
4.076041578190283989e-321
1.136350985434867052e-322
0.000000000000000000e+00
0.000000000000000000e+00
0.000000000000000000e+00
0.000000000000000000e+00
0.000000000000000000e+00
0.000000000000000000e+00
0.000000000000000000e+00
0.000000000000000000e+00
0.000000000000000000e+00
0.000000000000000000e+00
0.000000000000000000e+00
0.000000000000000000e+00
0.000000000000000000e+00
0.000000000000000000e+00
0.000000000000000000e+00
0.000000000000000000e+00
0.000000000000000000e+00
0.000000000000000000e+00
0.000000000000000000e+00
0.000000000000000000e+00
0.000000000000000000e+00
0.000000000000000000e+00
0.000000000000000000e+00
0.000000000000000000e+00
0.000000000000000000e+00
0.000000000000000000e+00
0.000000000000000000e+00
0.000000000000000000e+00
0.000000000000000000e+00
0.000000000000000000e+00
0.000000000000000000e+00
0.000000000000000000e+00
0.000000000000000000e+00
0.000000000000000000e+00
0.000000000000000000e+00
0.000000000000000000e+00
0.000000000000000000e+00
0.000000000000000000e+00
0.000000000000000000e+00
0.000000000000000000e+00
0.000000000000000000e+00
0.000000000000000000e+00
0.000000000000000000e+00
0.000000000000000000e+00
0.000000000000000000e+00
0.000000000000000000e+00
0.000000000000000000e+00
0.000000000000000000e+00
0.000000000000000000e+00
0.000000000000000000e+00
0.000000000000000000e+00
0.000000000000000000e+00
0.000000000000000000e+00
0.000000000000000000e+00
0.000000000000000000e+00
0.000000000000000000e+00
0.000000000000000000e+00
0.000000000000000000e+00
0.000000000000000000e+00
0.000000000000000000e+00
0.000000000000000000e+00
0.000000000000000000e+00
0.000000000000000000e+00
0.000000000000000000e+00
0.000000000000000000e+00
0.000000000000000000e+00
0.000000000000000000e+00
0.000000000000000000e+00
0.000000000000000000e+00
0.000000000000000000e+00
0.000000000000000000e+00
0.000000000000000000e+00
0.000000000000000000e+00
0.000000000000000000e+00
0.000000000000000000e+00
0.000000000000000000e+00
0.000000000000000000e+00
0.000000000000000000e+00
0.000000000000000000e+00
0.000000000000000000e+00
0.000000000000000000e+00
0.000000000000000000e+00
0.000000000000000000e+00
0.000000000000000000e+00
0.000000000000000000e+00
0.000000000000000000e+00
0.000000000000000000e+00
0.000000000000000000e+00
0.000000000000000000e+00
0.000000000000000000e+00
0.000000000000000000e+00
0.000000000000000000e+00
0.000000000000000000e+00
0.000000000000000000e+00
0.000000000000000000e+00
0.000000000000000000e+00
0.000000000000000000e+00
0.000000000000000000e+00
0.000000000000000000e+00
0.000000000000000000e+00
0.000000000000000000e+00
0.000000000000000000e+00
0.000000000000000000e+00
0.000000000000000000e+00
0.000000000000000000e+00
0.000000000000000000e+00
0.000000000000000000e+00
0.000000000000000000e+00
0.000000000000000000e+00
0.000000000000000000e+00
0.000000000000000000e+00
0.000000000000000000e+00
0.000000000000000000e+00
0.000000000000000000e+00
0.000000000000000000e+00
0.000000000000000000e+00
0.000000000000000000e+00
0.000000000000000000e+00
0.000000000000000000e+00
0.000000000000000000e+00
0.000000000000000000e+00
0.000000000000000000e+00
0.000000000000000000e+00
0.000000000000000000e+00
0.000000000000000000e+00
0.000000000000000000e+00
0.000000000000000000e+00
0.000000000000000000e+00
0.000000000000000000e+00
0.000000000000000000e+00
0.000000000000000000e+00
0.000000000000000000e+00
0.000000000000000000e+00
0.000000000000000000e+00
0.000000000000000000e+00
0.000000000000000000e+00
0.000000000000000000e+00
0.000000000000000000e+00
0.000000000000000000e+00
0.000000000000000000e+00
0.000000000000000000e+00
0.000000000000000000e+00
0.000000000000000000e+00
0.000000000000000000e+00
0.000000000000000000e+00
0.000000000000000000e+00
0.000000000000000000e+00
0.000000000000000000e+00
0.000000000000000000e+00
0.000000000000000000e+00
0.000000000000000000e+00
0.000000000000000000e+00
0.000000000000000000e+00
0.000000000000000000e+00
0.000000000000000000e+00
0.000000000000000000e+00
0.000000000000000000e+00
0.000000000000000000e+00
0.000000000000000000e+00
0.000000000000000000e+00
0.000000000000000000e+00
0.000000000000000000e+00
0.000000000000000000e+00
0.000000000000000000e+00
0.000000000000000000e+00
0.000000000000000000e+00
0.000000000000000000e+00
0.000000000000000000e+00
0.000000000000000000e+00
0.000000000000000000e+00
0.000000000000000000e+00
0.000000000000000000e+00
0.000000000000000000e+00
0.000000000000000000e+00
0.000000000000000000e+00
0.000000000000000000e+00
0.000000000000000000e+00
0.000000000000000000e+00
0.000000000000000000e+00
0.000000000000000000e+00
0.000000000000000000e+00
0.000000000000000000e+00
0.000000000000000000e+00
0.000000000000000000e+00
0.000000000000000000e+00
0.000000000000000000e+00
0.000000000000000000e+00
0.000000000000000000e+00
0.000000000000000000e+00
0.000000000000000000e+00
0.000000000000000000e+00
0.000000000000000000e+00
0.000000000000000000e+00
0.000000000000000000e+00
0.000000000000000000e+00
0.000000000000000000e+00
0.000000000000000000e+00
0.000000000000000000e+00
0.000000000000000000e+00
0.000000000000000000e+00
0.000000000000000000e+00
0.000000000000000000e+00
0.000000000000000000e+00
0.000000000000000000e+00
0.000000000000000000e+00
0.000000000000000000e+00
0.000000000000000000e+00
0.000000000000000000e+00
0.000000000000000000e+00
0.000000000000000000e+00
0.000000000000000000e+00
0.000000000000000000e+00
0.000000000000000000e+00
0.000000000000000000e+00
0.000000000000000000e+00
0.000000000000000000e+00
0.000000000000000000e+00
0.000000000000000000e+00
0.000000000000000000e+00
0.000000000000000000e+00
0.000000000000000000e+00
0.000000000000000000e+00
0.000000000000000000e+00
0.000000000000000000e+00
0.000000000000000000e+00
0.000000000000000000e+00
0.000000000000000000e+00
0.000000000000000000e+00
0.000000000000000000e+00
0.000000000000000000e+00
0.000000000000000000e+00
0.000000000000000000e+00
0.000000000000000000e+00
0.000000000000000000e+00
0.000000000000000000e+00
0.000000000000000000e+00
0.000000000000000000e+00
0.000000000000000000e+00
0.000000000000000000e+00
0.000000000000000000e+00
0.000000000000000000e+00
0.000000000000000000e+00
0.000000000000000000e+00
0.000000000000000000e+00
0.000000000000000000e+00
0.000000000000000000e+00
0.000000000000000000e+00
0.000000000000000000e+00
0.000000000000000000e+00
0.000000000000000000e+00
