2.140329598917405096e-01
2.798710863541795449e-02
9.660758772219684223e-03
6.408193949402322780e-03
6.035555482780576540e-03
6.286487833635816952e-03
6.646131020082243594e-03
6.999432108889985446e-03
7.327132279855270124e-03
7.630394631730441808e-03
7.913038338629538315e-03
8.178108287267260232e-03
8.427621306651613547e-03
8.662829396237362728e-03
8.884468684966393900e-03
9.092932939383721602e-03
9.288390084597581212e-03
9.470862434510377362e-03
9.640283946857432229e-03
9.796542262657638792e-03
9.939510056300256483e-03
1.006906844515992501e-02
1.018512423284618704e-02
1.028762221667930965e-02
1.037655347849277508e-02
1.045196039124713511e-02
1.051393895384101704e-02
1.056263898105789904e-02
1.059826260773163303e-02
1.062106150725119526e-02
1.063133317046055515e-02
1.062941654037278735e-02
1.061568725069666173e-02
1.059055267227808697e-02
1.055444693160787276e-02
1.050782602987219289e-02
1.045116315979051184e-02
1.038494429067818303e-02
1.030966406961870106e-02
1.022582206803781917e-02
1.013391938797519702e-02
1.003445563052915782e-02
9.927926219891284113e-03
9.814820069665943295e-03
9.695617573404789052e-03
9.570788898117597865e-03
9.440792557635581742e-03
9.306074241830320642e-03
9.167065877594903281e-03
9.024184897978793085e-03
8.877833696777239977e-03
8.728399247074228665e-03
8.576252863623876760e-03
8.421750090448477249e-03
8.265230696564929147e-03
8.107018764282995088e-03
7.947422856011172529e-03
7.786736246934098868e-03
7.625237212277129889e-03
7.463189359133941617e-03
7.300841994000516200e-03
7.138430518231051250e-03
6.976176844608964096e-03
6.814289829113332961e-03
6.652965712761307708e-03
6.492388569127378016e-03
6.332730753783002119e-03
6.174153352476045679e-03
6.016806625379334666e-03
5.860830445190609236e-03
5.706354727266473026e-03
5.553499850325062902e-03
5.402377066561851390e-03
5.253088900294015061e-03
5.105729534484421822e-03
4.960385184701808850e-03
4.817134460249728779e-03
4.676048712349382963e-03
4.537192369389654069e-03
4.400623259367276129e-03
4.266392919729920623e-03
4.134546894909971008e-03
4.005125021896290341e-03
3.878161704237982794e-03
3.753686174909955011e-03
3.631722748494127778e-03
3.512291063147365659e-03
3.395406312833978025e-03
3.281079470302839755e-03
3.169317501283572432e-03
3.060123570367062704e-03
2.953497239020978164e-03
2.849434656173759507e-03
2.747928741780007820e-03
2.648969363758031225e-03
2.552543508665863770e-03
2.458635446457524843e-03
2.367226889635230987e-03
2.278297147087839179e-03
2.191823272880184022e-03
2.107780210232902338e-03
2.026140930908318805e-03
1.946876570194730786e-03
1.869956557659592641e-03
1.795348743821493327e-03
1.723019522871873732e-03
1.652933951559708509e-03
1.585055864336793905e-03
1.519347984846540359e-03
1.455772033826934668e-03
1.394288833486850973e-03
1.334858408405558685e-03
1.277440082997005231e-03
1.221992575573936039e-03
1.168474089041436192e-03
1.116842398245335632e-03
1.067054933998122339e-03
1.019068863802864017e-03
9.728411692948837810e-04
9.283287204205986848e-04
8.854883463738194137e-04
8.442769033109007214e-04
8.046513388681492303e-04
7.665687535071518798e-04
7.299864587165091814e-04
6.948620321015271410e-04
6.611533693966687884e-04
6.288187334391216743e-04
5.978168001454658726e-04
5.681067015369798464e-04
5.396480658629069192e-04
5.124010548745671322e-04
4.863263983067254710e-04
4.613854256260969500e-04
4.375400951101071699e-04
4.147530203220780231e-04
3.929874940520024576e-04
3.722075097946088667e-04
3.523777808389480428e-04
3.334637570459046316e-04
3.154316393918900428e-04
2.982483923587760924e-04
2.818817542514027020e-04
2.663002455252721189e-04
2.514731752077778069e-04
2.373706454970800350e-04
2.239635546230183934e-04
2.112235980546106021e-04
1.991232681385751160e-04
1.876358522529428209e-04
1.767354295593124582e-04
1.663968664364522316e-04
1.565958106770597299e-04
1.473086845282678295e-04
1.385126766551999481e-04
1.301857331053366375e-04
1.223065473498798886e-04
1.148545494764305509e-04
1.078098946054678543e-04
1.011534506010964733e-04
9.486678514435058587e-05
8.893215223522012527e-05
8.333247818725515450e-05
7.805134717626203826e-05
7.307298640222719994e-05
6.838225092118489562e-05
6.396460820124934569e-05
5.980612245459094461e-05
5.589343879462147565e-05
5.221376726517254897e-05
4.875486678593945252e-05
4.550502905603847823e-05
4.245306245502215332e-05
3.958827597832231549e-05
3.690046324166414680e-05
3.437988658670163418e-05
3.201726131777980164e-05
2.980374009751621646e-05
2.773089752670107269e-05
2.579071493188628730e-05
2.397556538196854081e-05
2.227819895308685340e-05
2.069172825921565008e-05
1.920961426400081816e-05
1.782565238757152578e-05
1.653395892040079954e-05
1.532895775462452667e-05
1.420536744166988990e-05
1.315818858361174102e-05
1.218269156423285587e-05
1.127440462444487001e-05
1.042910228550363430e-05
9.642794122277564955e-06
8.911713887689217821e-06
8.232308988472713772e-06
7.601230311412713106e-06
7.015322398363899461e-06
6.471613967479109320e-06
5.967308777406751568e-06
5.499776830468074926e-06
5.066545910204391163e-06
4.665293448157871683e-06
4.293838714190296024e-06
3.950135324226319909e-06
3.632264058890305953e-06
3.338425986150836783e-06
3.066935880792959154e-06
2.816215933266540005e-06
2.584789740254882652e-06
2.371276569121695431e-06
2.174385888252225597e-06
1.992912155213517264e-06
1.825729854579110315e-06
1.671788777214786883e-06
1.530109532837786766e-06
1.399779287641340379e-06
1.279947718846230705e-06
1.169823178083568287e-06
1.068669055601134319e-06
9.758003373850379847e-07
8.905803474113970859e-07
8.124176673565531977e-07
7.407632262554648985e-07
6.751075527580187598e-07
6.149781827743664023e-07
5.599372155037461958e-07
5.095790110082939878e-07
4.635280226755901372e-07
4.214367581408777118e-07
3.829838623843649027e-07
3.478723169682037512e-07
3.158277495570885172e-07
2.865968480595097687e-07
2.599458739691590109e-07
2.356592696316413651e-07
2.135383544255708757e-07
1.934001049888606251e-07
1.750760148807283381e-07
1.584110291787088649e-07
1.432625498199250431e-07
1.294995075579767070e-07
1.170014966824961778e-07
1.056579687944118677e-07
9.536748208187907284e-08
8.603700277735883478e-08
7.758125556163224679e-08
6.992211990093504418e-08
6.298806943503718723e-08
5.671365168344070173e-08
5.103900549397024184e-08
4.590941376299225760e-08
4.127488915238169543e-08
3.708979059329498580e-08
3.331246851520809232e-08
2.990493688656379778e-08
2.683257020076215902e-08
2.406382371923727099e-08
2.156997533116079793e-08
1.932488752476981578e-08
1.730478803254594765e-08
1.548806782892354924e-08
1.385509520258165011e-08
1.238804475990227674e-08
1.107074023551865763e-08
9.888510104234136797e-09
8.828055028865014110e-09
7.877326238169711450e-09
7.025414034193786683e-09
6.262445614847006771e-09
5.579491516038422647e-09
4.968479993179518852e-09
4.422118704252630269e-09
3.933823148446877140e-09
3.497651277886253815e-09
3.108243822237861531e-09
2.760769836790588318e-09
2.450877066591556890e-09
2.174646710400221576e-09
1.928552235096686715e-09
1.709421892246914559e-09
1.514404630885763415e-09
1.340939111676373627e-09
1.186725565416205115e-09
1.049700243390164832e-09
9.280122396566081016e-10
8.200024764157428047e-10
7.241846638900217150e-10
6.392280543895963301e-10
5.639418433322285925e-10
4.972610517674286681e-10
4.382337737841546275e-10
3.860096489534700996e-10
3.398294674002051671e-10
2.990157792198673386e-10
2.629644354990422481e-10
2.311369632183845747e-10
2.030536969939517532e-10
1.782876053950325022e-10
1.564587260657633368e-10
1.372291734229743940e-10
1.202986528025111767e-10
1.054004262783477426e-10
9.229770325020438254e-11
8.078039633764513556e-11
7.066221505008184136e-11
6.177806916709398204e-11
5.398173771177527998e-11
4.714378694400678087e-11
4.114970909360018584e-11
3.589826071113513155e-11
3.129997550664219560e-11
2.727584237334099233e-11
2.375612228111278279e-11
2.067929569869975335e-11
1.799112766824405058e-11
1.564383140355017396e-11
1.359532342553482177e-11
1.180856936128665859e-11
1.025099284990853005e-11
8.893959464410013645e-12
7.712310685586138196e-12
6.683957254113281363e-12
5.789515787355729426e-12
5.011985295833018338e-12
4.336466474433419635e-12
3.749906610970932996e-12
3.240878868650246959e-12
2.799384437014498567e-12
2.416680887867859765e-12
2.085128754130887581e-12
1.798053773646775690e-12
1.549631489239391577e-12
1.334780099070039117e-12
1.149067763961312690e-12
9.886366094003492463e-13
8.501230175152190142e-13
7.306030254425083732e-13
6.275293438246629232e-13
5.386914976950858177e-13
4.621669445946484330e-13
3.962868146888347574e-13
3.396037006778851670e-13
2.908619877678691136e-13
2.489726510998173163e-13
2.129943288203675428e-13
1.821103003136038804e-13
1.556151367072245195e-13
1.328973034453110281e-13
1.134308137520782535e-13
9.676025197500236233e-14
8.249097850219759715e-14
7.028574819474987016e-14
5.985078340710335444e-14
5.093613139185208071e-14
4.332380187595190869e-14
3.682744722604925818e-14
3.128698300671557809e-14
2.656452271227407843e-14
2.254150957059154688e-14
1.911651712318088023e-14
1.620226242146885533e-14
1.372432090556463781e-14
1.161815819782081491e-14
9.829470312605596427e-15
8.311365986291678413e-15
7.023828245476963355e-15
5.931726651371683630e-15
5.006149610255566061e-15
4.223244350161605627e-15
3.560297439324294444e-15
2.999521787864751878e-15
2.525483699797760019e-15
2.125253623473744766e-15
1.786875797713819885e-15
1.501921012493758703e-15
1.261475801476708277e-15
1.058930365025916019e-15
8.882651505558671106e-16
7.446450265734539638e-16
6.240966645973461984e-16
5.227970160289514910e-16
4.373694947227790800e-16
3.654060790791398586e-16
3.051397648789230716e-16
2.547836481157093922e-16
2.127024158912425957e-16
1.777175464454082464e-16
1.478434943288600327e-16
1.231864367624131421e-16
1.023973048309460623e-16
8.505579458409048058e-17
7.069556542213388416e-17
5.848301311250686214e-17
4.884461270295404509e-17
4.051596681503994808e-17
3.357011296852212453e-17
2.781023930046889235e-17
2.304969672414328999e-17
1.909922458646633702e-17
1.568152513464802345e-17
1.294992357687698277e-17
1.062040266026253371e-17
8.950443731083697489e-18
7.405721157928843466e-18
6.120824382289134904e-18
5.125353392290055269e-18
4.184230551072313496e-18
3.484996042996446840e-18
2.924817303344032896e-18
2.297955182283318917e-18
1.940494625556896820e-18
1.776695988839635389e-18
1.427597269999246167e-18
1.049487922418342373e-18
9.439574425086799380e-19
8.666854124737898790e-19
7.871073399312692472e-19
5.540968724034760656e-19
3.774294122459963984e-19
4.349399166684396680e-19
3.920836628811768093e-19
2.789074151566826899e-19
3.658470084044328754e-19
3.219023478070683590e-19
3.641611062544699711e-19
2.183984279294556923e-19
2.158106664175849820e-19
1.345848737308946524e-19
0.000000000000000000e+00
1.287032289353892586e-19
1.999575677640590072e-19
1.381227363694203324e-19
2.961473297450901402e-19
2.849442245306793582e-19
4.237274703691796250e-20
2.444197477985239006e-19
2.381720140724818466e-19
1.972401672749451037e-19
9.299568325549578280e-20
2.459272356057011523e-19
2.026686017578069363e-19
2.310207572981026514e-19
9.839102611526981107e-20
7.669391479980588350e-20
2.095226493730573789e-19
1.625436501609827477e-19
2.585162304439796781e-19
1.378221175166080852e-19
1.885477368913389825e-19
0.000000000000000000e+00
1.727933964307529954e-19
9.003910255085779714e-20
3.505638971099178517e-19
1.869486583173433017e-19
2.534554294934686884e-20
0.000000000000000000e+00
1.710769827274231617e-19
0.000000000000000000e+00
1.029284545116213613e-19
1.461588765176550061e-19
2.199269300311852954e-19
2.575552490048688125e-20
6.837550785242345619e-20
6.912376310784682589e-20
1.366244316500787173e-19
2.835739416900982920e-19
2.037872061186435629e-19
0.000000000000000000e+00
2.369759014328089753e-19
1.967747156780049267e-19
8.889756453328723831e-20
1.060432092597407398e-19
2.117948820300379810e-19
2.953622021362549344e-19
2.062128787294476192e-19
2.311286261532264167e-20
0.000000000000000000e+00
1.323656815478876846e-19
1.457117431022492992e-19
0.000000000000000000e+00
1.658752660452556409e-19
8.081105352891003577e-20
6.743178150592839143e-20
6.422604128725745107e-20
1.312027829803868952e-19
0.000000000000000000e+00
1.260510433976585569e-19
6.875826102973343224e-20
0.000000000000000000e+00
1.219486205626818927e-19
2.020701348476397021e-19
2.433314617012410255e-19
2.200271586756867776e-19
8.011477216594749471e-20
3.690411908011274526e-19
1.014068851977896164e-19
6.540240191363864302e-20
9.341125379454085918e-20
0.000000000000000000e+00
0.000000000000000000e+00
5.126724210084123598e-20
1.217121539167002983e-19
0.000000000000000000e+00
1.173505940949750701e-19
3.339211405492388448e-19
1.928297129182548112e-19
2.102014326729194768e-19
4.069200333989785453e-20
5.191517132448441848e-20
5.201079978466812963e-20
1.883559725627150182e-19
6.924976628307650957e-20
5.358294392338100041e-20
1.189852981852258437e-19
0.000000000000000000e+00
0.000000000000000000e+00
3.529109833324420462e-19
5.336004156077858141e-20
0.000000000000000000e+00
4.430508073087368197e-20
1.139897513082072477e-19
5.384030812477604457e-20
1.829802696974225027e-19
1.307134504422165755e-19
0.000000000000000000e+00
0.000000000000000000e+00
0.000000000000000000e+00
0.000000000000000000e+00
0.000000000000000000e+00
1.043466736121984849e-19
4.551554373328685668e-20
3.767738933733861591e-20
0.000000000000000000e+00
1.353308369596855790e-19
4.664278394329971551e-20
3.512371322215648639e-20
6.692205282124033695e-20
1.396659754117636252e-19
7.965179068875226118e-20
0.000000000000000000e+00
4.074261820767942543e-19
1.466403637777897650e-19
1.177696048973609044e-19
2.168543560105514674e-19
1.954085862046632647e-19
5.692667137120420944e-20
4.069075658098016757e-20
7.231428087106124868e-20
4.233351700321644110e-20
3.782356328874235966e-20
1.396358686697314273e-19
1.177583536287007069e-19
2.183430165344663393e-19
5.943079281772057726e-20
1.785477586627556081e-19
1.235488356046772652e-19
4.938745557988786882e-20
4.052295555916385358e-20
3.871177123240216160e-20
3.785607236039578592e-20
2.430126547534004879e-19
1.638899695149207157e-19
5.392908897316576458e-20
3.153052996185993521e-19
7.077777988234157611e-20
7.912271492158498298e-20
2.858194580927593618e-19
1.375557785627944482e-19
2.598474819069853031e-19
1.672549466655436380e-19
0.000000000000000000e+00
1.119634202748592142e-19
1.546059954502514823e-19
0.000000000000000000e+00
1.802510426097874049e-19
2.992275583614847864e-19
5.017403924983723367e-21
0.000000000000000000e+00
1.112319854516498180e-19
4.837886025820554334e-20
2.500247320401655693e-19
3.403680514298464274e-19
9.059698307285579698e-21
0.000000000000000000e+00
1.114496367970994495e-19
8.571425940823372235e-20
2.210274461460494301e-19
9.761513962507182334e-20
5.161386887277082293e-20
7.944616200440755117e-20
4.792140350179797239e-20
1.463122747478039425e-19
5.341278084599805957e-20
9.068080495586045554e-21
1.075857609978961815e-19
1.496507196188261373e-19
0.000000000000000000e+00
3.948079429672220971e-21
1.046118852217954790e-19
0.000000000000000000e+00
1.721718941195825382e-19
4.906991033731093852e-20
0.000000000000000000e+00
0.000000000000000000e+00
0.000000000000000000e+00
0.000000000000000000e+00
0.000000000000000000e+00
9.611729376582289215e-20
3.449415559451352494e-20
2.809549064205403486e-20
1.636355416060247708e-19
3.914156308987622687e-20
0.000000000000000000e+00
1.269097325270705456e-19
3.445246824183087629e-20
2.539441694368225750e-20
1.607958895170864123e-19
1.704247444932444602e-19
3.773787264803628271e-20
0.000000000000000000e+00
2.220397186218089098e-20
1.937642117491302962e-19
1.414068040116856334e-19
0.000000000000000000e+00
9.185363392874120195e-20
2.924069911095438758e-20
3.666959090780642432e-19
5.515475798464673398e-20
2.693640683349123437e-19
0.000000000000000000e+00
0.000000000000000000e+00
2.311689322963737637e-19
0.000000000000000000e+00
2.758888209877311870e-20
1.299208425411836774e-19
1.049372506724908079e-19
1.030766158479752152e-19
1.716410651028440757e-19
3.839878517892516822e-19
2.671568424186150682e-19
5.393872175188998869e-20
0.000000000000000000e+00
0.000000000000000000e+00
3.051058069396766634e-19
1.590251053320912810e-19
1.147416437412922277e-19
3.165204316844697400e-19
0.000000000000000000e+00
2.084903613813224495e-19
8.570183505440755431e-20
2.140534614847905610e-19
0.000000000000000000e+00
1.060246195588684221e-19
7.735050886682669200e-20
4.121368333312856368e-20
0.000000000000000000e+00
3.413544083212724591e-20
3.089361066342429135e-19
1.942234581820516749e-19
0.000000000000000000e+00
0.000000000000000000e+00
1.703257042315735663e-19
0.000000000000000000e+00
0.000000000000000000e+00
2.027150906103502911e-19
1.485078887944783565e-19
0.000000000000000000e+00
1.001128828041872961e-19
1.737422767027453595e-19
1.110099681774889626e-19
0.000000000000000000e+00
0.000000000000000000e+00
2.835293901849926665e-20
3.028775090847509359e-19
4.946661740910013471e-20
1.344296337104580698e-19
3.708698582688009979e-20
2.936911631543170021e-20
6.204036363591480769e-20
2.995658704746909828e-20
6.086725292287372795e-20
6.285881679727923948e-20
1.312479812927524989e-19
1.014996850996501425e-19
0.000000000000000000e+00
0.000000000000000000e+00
2.224251216840201078e-20
2.201805374921526545e-20
8.983759272404669410e-20
2.314164411748879138e-19
7.042357671767160216e-20
2.593618468603972260e-20
1.586850112130701670e-19
2.020259584249850850e-19
0.000000000000000000e+00
2.191289396683297338e-20
8.963914810368501893e-20
1.605857076056815378e-19
6.240810793574321423e-20
9.279750656608553007e-20
9.407750274056753282e-20
0.000000000000000000e+00
0.000000000000000000e+00
8.723336049899411176e-20
1.606055835998220427e-19
2.646620335457254110e-20
5.390630906366793032e-20
2.111437277593665311e-20
3.270444908786735476e-19
3.873996696651428637e-20
0.000000000000000000e+00
1.557031456994766180e-19
1.991927360437806456e-19
3.163449145389806022e-20
2.119977850329485225e-20
2.598338213838879652e-19
0.000000000000000000e+00
0.000000000000000000e+00
3.280377915815624049e-19
7.391890942030239943e-20
2.596776364247227740e-20
1.932560942997979636e-19
2.036478769642516632e-19
1.712859074076326029e-19
3.273484048181418577e-20
2.431034740033521973e-20
1.602071377185171808e-19
2.349905755408269740e-19
2.422157284883387895e-19
2.782875673415546497e-19
2.816933042405624313e-19
0.000000000000000000e+00
2.812330937983520282e-20
1.988928618880353417e-19
0.000000000000000000e+00
3.360549370612615376e-19
0.000000000000000000e+00
1.659086210187761641e-19
0.000000000000000000e+00
2.332585250907403234e-19
2.793415374917339574e-19
1.804293542111683556e-19
0.000000000000000000e+00
1.661291186984073788e-19
1.048839344900942077e-19
1.704566779453355283e-19
3.111368148771018198e-19
1.480381153009137379e-19
1.746830502903633873e-19
3.836874281188985396e-20
3.078388932123093649e-20
2.919834829841147978e-20
2.815293543440894059e-20
1.300672663431715054e-19
0.000000000000000000e+00
1.283410718258663937e-19
3.038402290086685854e-20
2.306223628267640622e-19
0.000000000000000000e+00
0.000000000000000000e+00
1.248320646817689113e-19
2.704089683305121997e-20
9.026020241979451120e-20
0.000000000000000000e+00
8.802811827273881386e-20
2.075597701134704749e-20
1.813517641341061597e-20
5.134668065986794337e-20
1.823475064944364099e-20
2.559000941075754474e-19
0.000000000000000000e+00
1.603339256501175908e-20
0.000000000000000000e+00
2.882442343311411202e-19
0.000000000000000000e+00
4.945486604284929061e-20
1.189783963840160680e-19
2.249802432228662743e-19
0.000000000000000000e+00
1.866790265805257381e-19
1.599704401011795470e-19
2.282327853885217517e-19
0.000000000000000000e+00
1.197243975672648664e-19
2.111909645256543515e-20
5.098714646699574773e-20
0.000000000000000000e+00
1.515535241921121841e-20
3.922351022061454389e-19
3.161546884527930265e-20
8.628004223169394904e-20
1.896962673999303699e-20
0.000000000000000000e+00
4.897888481357033702e-20
0.000000000000000000e+00
2.539418756289658909e-19
2.390293548812410509e-20
8.373252158661982343e-20
2.226554730141049557e-19
2.629845341579281685e-19
2.559270483323505366e-20
5.078142848271062086e-20
5.124604648157235711e-20
1.671456768315576329e-20
0.000000000000000000e+00
1.357159676781470005e-20
1.314280386405508156e-20
1.840804152019182053e-19
5.327016259427164700e-20
1.518258264510970452e-19
8.638079249826702668e-20
1.184844094917555105e-19
1.676323886677371682e-20
2.529668873223900365e-19
1.930370779153057888e-19
2.048167515665767788e-20
1.171387944668270133e-19
2.575583924927294971e-19
0.000000000000000000e+00
4.896556870772411613e-20
8.403999860401438441e-20
1.620822913583592684e-20
3.224321722245517392e-19
0.000000000000000000e+00
0.000000000000000000e+00
1.323703617541610248e-20
1.278075108878960648e-20
0.000000000000000000e+00
1.828499810744341985e-19
1.542008081941721383e-19
0.000000000000000000e+00
8.017398524462374597e-20
0.000000000000000000e+00
1.057191647619695894e-20
0.000000000000000000e+00
4.354444872205146644e-20
0.000000000000000000e+00
1.113008038367626649e-19
1.136794263021160142e-20
0.000000000000000000e+00
1.102552675330434057e-19
1.035466897386681806e-20
7.289654945521313765e-21
4.093623609609296147e-20
0.000000000000000000e+00
1.432135500024051565e-19
8.870718121829446228e-21
1.432715184058416337e-19
0.000000000000000000e+00
0.000000000000000000e+00
2.456751154936741987e-19
1.242752675498917324e-20
1.440397339588058364e-19
1.464852549335055302e-19
1.135464861690656347e-19
0.000000000000000000e+00
1.788887304596892454e-19
1.188150938079713758e-20
0.000000000000000000e+00
7.582524970689810211e-20
8.804662646547851660e-21
0.000000000000000000e+00
6.419304634309155443e-21
6.070280160659113826e-21
1.772498152439464492e-19
1.471288011945867305e-19
1.469808296884086720e-19
0.000000000000000000e+00
2.126626970942282821e-19
0.000000000000000000e+00
0.000000000000000000e+00
6.635667156180790130e-21
1.779214860312980825e-19
1.020554573985210502e-20
0.000000000000000000e+00
0.000000000000000000e+00
0.000000000000000000e+00
1.424430089861384459e-19
0.000000000000000000e+00
5.218029219650783115e-21
4.743709181304292622e-21
4.370524557978147234e-21
1.756058990271580719e-19
7.507268218641312932e-21
7.306839246871020870e-20
2.456569737183019637e-19
1.808248478447454748e-19
4.321043572183243036e-20
7.528365735489449601e-20
7.023072244278733476e-21
1.086506541578654194e-19
1.447225502837236866e-19
8.323360763514411251e-21
1.432265148644494890e-19
7.675879295115583014e-20
6.652618952941783917e-21
3.144693396007610567e-19
4.227816852637542173e-19
2.200439173933717011e-19
0.000000000000000000e+00
8.531929700383835921e-21
7.666192311823669625e-20
2.146538483672776056e-19
4.524357210407409310e-20
1.801860590479702244e-19
1.132624680655623018e-19
7.810533508542737752e-20
2.827495130854742336e-19
0.000000000000000000e+00
1.449944860924943899e-19
0.000000000000000000e+00
4.117710455859297564e-20
6.836628776206937739e-21
0.000000000000000000e+00
1.424212285315802705e-19
0.000000000000000000e+00
1.762599151550406602e-19
2.124342979984550352e-19
2.131860051917087412e-19
2.478931852924183049e-19
3.517013172810695772e-19
0.000000000000000000e+00
6.834253601318914344e-21
3.151185794660813242e-19
0.000000000000000000e+00
1.780280702545355207e-19
7.800563935785572699e-21
5.899738084666418669e-21
7.386682913124157104e-20
2.453059825422710034e-19
1.097770958879461089e-19
0.000000000000000000e+00
1.073641854925191721e-19
0.000000000000000000e+00
2.096884542675062843e-19
1.082194150498917346e-19
2.791533108346411011e-19
6.025609328413990855e-21
0.000000000000000000e+00
0.000000000000000000e+00
1.403327390015809212e-19
3.749697217249096635e-21
1.399447526726095521e-19
7.195057551876216932e-20
3.717186948188659660e-20
0.000000000000000000e+00
3.629327976010385836e-20
7.058201990985093888e-20
2.419855238064374662e-19
2.837458534847196968e-21
2.076801466130527566e-19
2.772519117048593290e-19
1.406381380048818105e-19
1.059584972261016438e-19
3.803254798799344622e-19
0.000000000000000000e+00
1.742666865238499883e-19
2.431908433735439878e-19
1.404227077228944970e-19
1.400113911676541395e-19
7.112686493229049598e-20
1.391822766666112820e-19
1.047611805769324912e-19
0.000000000000000000e+00
3.441822538371435352e-19
1.731120137222726013e-19
0.000000000000000000e+00
2.066617041556767604e-19
4.469032253979284726e-19
9.000511005637585181e-22
2.265311492874331297e-22
2.038715905562942414e-23
2.334698047956671496e-24
2.514817195841826779e-25
3.063415477163545755e-26
3.607821088372625719e-27
3.807251013747366906e-28
3.656698295032545274e-29
3.332354150385355579e-30
3.105013217331232415e-31
3.209464061360426500e-32
3.691330211044299406e-33
4.446867459659054649e-34
5.354562045670180743e-35
6.350214930549398451e-36
7.424744577154810535e-37
8.620086393023110028e-38
9.954952592520152760e-39
1.136344418845981293e-39
1.272826409265736170e-40
1.396437976173668929e-41
1.511649090592591833e-42
1.637533690455669303e-43
1.798606602627865334e-44
2.010168828184069567e-45
2.267928720148567776e-46
2.548590898118319829e-47
2.820028629908240215e-48
3.053946750717418843e-49
3.234623323123273722e-50
3.361793298897146225e-51
3.449202784718119814e-52
3.521011750469539440e-53
3.607490563281471341e-54
3.740846878768122859e-55
3.951574893281246682e-56
4.265167029612066538e-57
4.698840092015321992e-58
5.258606932155359263e-59
5.937987786179938028e-60
6.719682250329988035e-61
7.580235790034164440e-62
8.496178223719472393e-63
9.449699266376190894e-64
1.043300656214716176e-64
1.145206221853929782e-65
1.253098965803457038e-66
1.371746946283775731e-67
1.508755116643193208e-68
1.674689195538557305e-69
1.882563281981217371e-70
2.146606505398407582e-71
2.480499346707204732e-72
2.895490966344752901e-73
3.398879712895520323e-74
3.993251057802293857e-75
4.676682105012360079e-76
5.443917310631707624e-77
6.288343311643419369e-78
7.204449931713135206e-79
8.190353659604161753e-80
9.249889499921969095e-81
1.039378225977537177e-81
1.163953006619321049e-82
1.300988546543267371e-83
1.453016676277909243e-84
1.622498987490319523e-85
1.811527508408570775e-86
2.021647233207827577e-87
2.253883621863083495e-88
2.509029993326224216e-89
2.788211265435887546e-90
3.093698135517847854e-91
3.429903171195819245e-92
3.804448730346828414e-93
4.229158249820488275e-94
4.720793348011011599e-95
5.301350144206885567e-96
5.997751288745692735e-97
6.840832689646279942e-98
7.863622551158795934e-99
9.099029365040704438e-100
1.057717004755353057e-100
1.232265299323202562e-101
1.435216372897236812e-102
1.667267611368536768e-103
1.928053663106256975e-104
2.216156098023901233e-105
2.529216340512780198e-106
2.864143123668000996e-107
3.217397544464340799e-108
3.585334039664201584e-109
3.964574281393822912e-110
4.352392561706509740e-111
4.747094814433254135e-112
5.148378059456255242e-113
5.557661974457717663e-114
5.978389070649693214e-115
6.416294514978953180e-116
6.879651180241996895e-117
7.379500147000639701e-118
7.929881383113423139e-119
8.548082847011464141e-120
9.254927377056818310e-121
1.007511374509130500e-121
1.103761973473396869e-122
1.217616048634704796e-123
1.352967538283120167e-124
1.514279363264579093e-125
1.706620580419591159e-126
1.935684977599381150e-127
2.207780851169870681e-128
2.529781637819331943e-129
2.909028166586363418e-130
3.353175557824046062e-131
3.869981163248665485e-132
4.467034373189357399e-133
5.151434651963153910e-134
5.929430919231908423e-135
6.806043487675570263e-136
7.784699136751117847e-137
8.866920119835084998e-138
1.005211801395452871e-138
1.133755181733476200e-139
1.271851465567189790e-140
1.418881284896991461e-141
1.574159321593102971e-142
1.737055839881860162e-143
1.907158577882308727e-144
2.084473447404763845e-145
2.269658924303040220e-146
2.464285282925179539e-147
2.671106264183072259e-148
2.894327685816646812e-149
3.139855190698768708e-150
3.415502026896298193e-151
3.731137663353716772e-152
4.098759332976306209e-153
4.532471386458484338e-154
5.048361703542871470e-155
5.664270320628717588e-156
6.399452740249420018e-157
7.274148767887066323e-158
8.309076673213523201e-159
9.524881331972996945e-160
1.094157299969488272e-160
1.257799970774086308e-161
1.445140025257160746e-162
1.657708586661557291e-163
1.896829670405068743e-164
2.163627439268543422e-165
2.459058460729866591e-166
2.783971474640605065e-167
3.139196239654799153e-168
3.525662145419769338e-169
3.944546550702521052e-170
4.397452295520980510e-171
4.886613543815031735e-172
5.415128983579128032e-173
5.987221323758551479e-174
6.608521820772437938e-175
7.286378078947794182e-176
8.030182485235353333e-177
8.851717354232334283e-178
9.765511327540977295e-179
1.078920012814549534e-179
1.194388392225305829e-180
1.325447390285607849e-181
1.475002289467736013e-182
1.646403925554122265e-183
1.843479027635059004e-184
2.070561038188643600e-185
2.332523990899631164e-186
2.634823077699966480e-187
2.983546425632036834e-188
3.385483138488275402e-189
3.848212657286930782e-190
4.380219818096200922e-191
4.991038566053162430e-192
5.691425141725535588e-193
6.493558809837683162e-194
7.411265062135020793e-195
8.460252977999524390e-196
9.658355390309841308e-197
1.102575800612889268e-197
1.258520196953818143e-198
1.436214377232477604e-199
1.638485710002667017e-200
1.868446327228622862e-201
2.129488048618244947e-202
2.425268717651735013e-203
2.759690155855413497e-204
3.136868793324183309e-205
3.561101074696783589e-206
4.036826982298183639e-207
4.568596465084353847e-208
5.161045198985418980e-209
5.818887889183891412e-210
6.546939178442872334e-211
7.350174024422833062e-212
8.233840983871780811e-213
9.203642983019980523e-214
1.026600062452064712e-214
1.142841263860603191e-215
1.269992650763649434e-216
1.409172940904503872e-217
1.561786534561466959e-218
1.729607868916056436e-219
1.914877751057244123e-220
2.120410230362866768e-221
2.349707746890781877e-222
2.607081476916396701e-223
2.897773056001990068e-224
3.228073266726446992e-225
3.605432907913225471e-226
4.038560988923499863e-227
4.537505684828281926e-228
5.113714205058119055e-229
5.780068915520840652e-230
6.550898742747726758e-231
7.441967092965809294e-232
8.470440242025876289e-233
9.654843400402136995e-234
1.101501548104455270e-234
1.257207818377569587e-235
1.434844089215978771e-236
1.636787139806471898e-237
1.865567676792203365e-238
2.123906582449948241e-239
2.414782032906305241e-240
2.741551984144505602e-241
3.108181812677592210e-242
3.519681210769166253e-243
3.982970734680209821e-244
4.508646341831949584e-245
5.114636357909686389e-246
5.833856489961616322e-247
6.730304744127188523e-248
7.932928191233258909e-249
9.706784122285668604e-250
1.260216164681392339e-250
1.776600644666753620e-251
2.758981959248230129e-252
4.705213463656129759e-253
8.648863709522693079e-254
1.672839783159248678e-254
3.335168905716628531e-255
6.756828890042165265e-256
1.378811568438007893e-256
2.819639681985584132e-257
5.761995639007921947e-258
1.174793364919474135e-258
2.387728569829936348e-259
4.835448385484695870e-260
9.754421337825047135e-261
1.959807720817959792e-261
3.921334237346132945e-262
7.813375861214804964e-263
1.550287139765154781e-263
3.062969824225215442e-264
6.025893793262713947e-265
1.180431539128423575e-265
2.302469368109462684e-266
4.471715890966173389e-267
8.647202195091113013e-268
1.664914726631462043e-268
3.191665007099360781e-269
6.091798302242962424e-270
1.157632251230531514e-270
2.190214160922413503e-271
4.125602393326448928e-272
7.736898907159355519e-273
1.444505365060124914e-273
2.684960989580032228e-274
4.968408101001511056e-275
9.152734307628905011e-276
1.678543468160671542e-276
3.064476373045873667e-277
5.569493376748145836e-278
1.007638129782004576e-278
1.814749620626461772e-279
3.253462187585584357e-280
5.806112213429100111e-281
1.031405297726603628e-281
1.823774739240338423e-282
3.209996429593634998e-283
5.623711097682407847e-284
9.806637296484645730e-285
1.702117028019800518e-285
2.940521916915313085e-286
5.056134390739659399e-287
8.652974785366639622e-288
1.473867153516440729e-288
2.498565396396113169e-289
4.215566648439086113e-290
7.078600636896352604e-291
1.182928243635210278e-291
1.967352728509849694e-292
3.256208292191396772e-293
5.363416047749933873e-294
8.791508105616645017e-295
1.434072321381890574e-295
2.327864370559324835e-296
3.760247056083886245e-297
6.044220327441792096e-298
9.667684762217358601e-299
1.538707318478064338e-299
2.436878823610273268e-300
3.840159187305321240e-301
6.021363919953141203e-302
9.394287047899444055e-303
1.458307125007920185e-303
2.252388397601366579e-304
3.461302376268207896e-305
5.292131277276547830e-306
8.050248599374672796e-307
1.218339618237082265e-307
1.834427623288681044e-308
2.747885640319268406e-309
4.095012916062792288e-310
6.071040161285185368e-311
8.953952276372908701e-312
1.313720223896321083e-312
1.917432165247452733e-313
2.783932399924757817e-314
4.020790340532268849e-315
5.776579019724626926e-316
8.255226770934615814e-317
1.173487923770170189e-317
1.659250302367408744e-318
2.333570858437375677e-319
3.264291722073115917e-320
4.540463285281055741e-321
6.274633702183831111e-322
8.399115979301191251e-323
0.000000000000000000e+00
0.000000000000000000e+00
0.000000000000000000e+00
0.000000000000000000e+00
0.000000000000000000e+00
0.000000000000000000e+00
0.000000000000000000e+00
0.000000000000000000e+00
0.000000000000000000e+00
0.000000000000000000e+00
0.000000000000000000e+00
0.000000000000000000e+00
0.000000000000000000e+00
0.000000000000000000e+00
0.000000000000000000e+00
0.000000000000000000e+00
0.000000000000000000e+00
0.000000000000000000e+00
0.000000000000000000e+00
0.000000000000000000e+00
0.000000000000000000e+00
0.000000000000000000e+00
0.000000000000000000e+00
0.000000000000000000e+00
0.000000000000000000e+00
0.000000000000000000e+00
0.000000000000000000e+00
0.000000000000000000e+00
0.000000000000000000e+00
0.000000000000000000e+00
0.000000000000000000e+00
0.000000000000000000e+00
0.000000000000000000e+00
0.000000000000000000e+00
0.000000000000000000e+00
0.000000000000000000e+00
0.000000000000000000e+00
0.000000000000000000e+00
0.000000000000000000e+00
0.000000000000000000e+00
0.000000000000000000e+00
0.000000000000000000e+00
0.000000000000000000e+00
0.000000000000000000e+00
0.000000000000000000e+00
0.000000000000000000e+00
0.000000000000000000e+00
0.000000000000000000e+00
0.000000000000000000e+00
0.000000000000000000e+00
0.000000000000000000e+00
0.000000000000000000e+00
0.000000000000000000e+00
0.000000000000000000e+00
0.000000000000000000e+00
0.000000000000000000e+00
0.000000000000000000e+00
0.000000000000000000e+00
0.000000000000000000e+00
0.000000000000000000e+00
0.000000000000000000e+00
0.000000000000000000e+00
0.000000000000000000e+00
0.000000000000000000e+00
0.000000000000000000e+00
0.000000000000000000e+00
0.000000000000000000e+00
0.000000000000000000e+00
0.000000000000000000e+00
0.000000000000000000e+00
0.000000000000000000e+00
0.000000000000000000e+00
0.000000000000000000e+00
0.000000000000000000e+00
0.000000000000000000e+00
0.000000000000000000e+00
0.000000000000000000e+00
0.000000000000000000e+00
0.000000000000000000e+00
0.000000000000000000e+00
0.000000000000000000e+00
0.000000000000000000e+00
0.000000000000000000e+00
0.000000000000000000e+00
0.000000000000000000e+00
0.000000000000000000e+00
0.000000000000000000e+00
0.000000000000000000e+00
0.000000000000000000e+00
0.000000000000000000e+00
0.000000000000000000e+00
0.000000000000000000e+00
0.000000000000000000e+00
0.000000000000000000e+00
0.000000000000000000e+00
0.000000000000000000e+00
0.000000000000000000e+00
0.000000000000000000e+00
0.000000000000000000e+00
0.000000000000000000e+00
0.000000000000000000e+00
0.000000000000000000e+00
0.000000000000000000e+00
0.000000000000000000e+00
0.000000000000000000e+00
0.000000000000000000e+00
0.000000000000000000e+00
0.000000000000000000e+00
0.000000000000000000e+00
0.000000000000000000e+00
0.000000000000000000e+00
0.000000000000000000e+00
0.000000000000000000e+00
0.000000000000000000e+00
0.000000000000000000e+00
0.000000000000000000e+00
0.000000000000000000e+00
0.000000000000000000e+00
0.000000000000000000e+00
0.000000000000000000e+00
0.000000000000000000e+00
0.000000000000000000e+00
0.000000000000000000e+00
0.000000000000000000e+00
0.000000000000000000e+00
0.000000000000000000e+00
0.000000000000000000e+00
0.000000000000000000e+00
0.000000000000000000e+00
0.000000000000000000e+00
0.000000000000000000e+00
0.000000000000000000e+00
0.000000000000000000e+00
0.000000000000000000e+00
0.000000000000000000e+00
0.000000000000000000e+00
0.000000000000000000e+00
0.000000000000000000e+00
0.000000000000000000e+00
0.000000000000000000e+00
0.000000000000000000e+00
0.000000000000000000e+00
0.000000000000000000e+00
0.000000000000000000e+00
0.000000000000000000e+00
0.000000000000000000e+00
0.000000000000000000e+00
0.000000000000000000e+00
0.000000000000000000e+00
0.000000000000000000e+00
0.000000000000000000e+00
0.000000000000000000e+00
0.000000000000000000e+00
0.000000000000000000e+00
0.000000000000000000e+00
0.000000000000000000e+00
0.000000000000000000e+00
0.000000000000000000e+00
0.000000000000000000e+00
0.000000000000000000e+00
0.000000000000000000e+00
0.000000000000000000e+00
0.000000000000000000e+00
0.000000000000000000e+00
0.000000000000000000e+00
0.000000000000000000e+00
0.000000000000000000e+00
0.000000000000000000e+00
0.000000000000000000e+00
0.000000000000000000e+00
0.000000000000000000e+00
0.000000000000000000e+00
0.000000000000000000e+00
0.000000000000000000e+00
0.000000000000000000e+00
0.000000000000000000e+00
0.000000000000000000e+00
0.000000000000000000e+00
0.000000000000000000e+00
0.000000000000000000e+00
0.000000000000000000e+00
0.000000000000000000e+00
0.000000000000000000e+00
0.000000000000000000e+00
0.000000000000000000e+00
0.000000000000000000e+00
0.000000000000000000e+00
0.000000000000000000e+00
0.000000000000000000e+00
0.000000000000000000e+00
0.000000000000000000e+00
0.000000000000000000e+00
0.000000000000000000e+00
0.000000000000000000e+00
0.000000000000000000e+00
0.000000000000000000e+00
0.000000000000000000e+00
0.000000000000000000e+00
0.000000000000000000e+00
0.000000000000000000e+00
0.000000000000000000e+00
0.000000000000000000e+00
0.000000000000000000e+00
0.000000000000000000e+00
0.000000000000000000e+00
0.000000000000000000e+00
0.000000000000000000e+00
0.000000000000000000e+00
0.000000000000000000e+00
0.000000000000000000e+00
0.000000000000000000e+00
0.000000000000000000e+00
0.000000000000000000e+00
0.000000000000000000e+00
0.000000000000000000e+00
0.000000000000000000e+00
0.000000000000000000e+00
0.000000000000000000e+00
0.000000000000000000e+00
0.000000000000000000e+00
0.000000000000000000e+00
0.000000000000000000e+00
0.000000000000000000e+00
0.000000000000000000e+00
0.000000000000000000e+00
0.000000000000000000e+00
0.000000000000000000e+00
0.000000000000000000e+00
0.000000000000000000e+00
0.000000000000000000e+00
0.000000000000000000e+00
0.000000000000000000e+00
0.000000000000000000e+00
0.000000000000000000e+00
0.000000000000000000e+00
0.000000000000000000e+00
0.000000000000000000e+00
0.000000000000000000e+00
0.000000000000000000e+00
0.000000000000000000e+00
0.000000000000000000e+00
0.000000000000000000e+00
0.000000000000000000e+00
0.000000000000000000e+00
0.000000000000000000e+00
0.000000000000000000e+00
0.000000000000000000e+00
0.000000000000000000e+00
0.000000000000000000e+00
0.000000000000000000e+00
0.000000000000000000e+00
0.000000000000000000e+00
0.000000000000000000e+00
0.000000000000000000e+00
0.000000000000000000e+00
0.000000000000000000e+00
0.000000000000000000e+00
0.000000000000000000e+00
0.000000000000000000e+00
0.000000000000000000e+00
0.000000000000000000e+00
0.000000000000000000e+00
0.000000000000000000e+00
0.000000000000000000e+00
0.000000000000000000e+00
0.000000000000000000e+00
0.000000000000000000e+00
0.000000000000000000e+00
0.000000000000000000e+00
0.000000000000000000e+00
0.000000000000000000e+00
0.000000000000000000e+00
0.000000000000000000e+00
0.000000000000000000e+00
0.000000000000000000e+00
0.000000000000000000e+00
0.000000000000000000e+00
0.000000000000000000e+00
0.000000000000000000e+00
0.000000000000000000e+00
0.000000000000000000e+00
0.000000000000000000e+00
0.000000000000000000e+00
0.000000000000000000e+00
0.000000000000000000e+00
0.000000000000000000e+00
0.000000000000000000e+00
0.000000000000000000e+00
0.000000000000000000e+00
0.000000000000000000e+00
0.000000000000000000e+00
0.000000000000000000e+00
0.000000000000000000e+00
0.000000000000000000e+00
0.000000000000000000e+00
0.000000000000000000e+00
0.000000000000000000e+00
0.000000000000000000e+00
0.000000000000000000e+00
0.000000000000000000e+00
0.000000000000000000e+00
0.000000000000000000e+00
0.000000000000000000e+00
0.000000000000000000e+00
0.000000000000000000e+00
0.000000000000000000e+00
0.000000000000000000e+00
0.000000000000000000e+00
0.000000000000000000e+00
0.000000000000000000e+00
0.000000000000000000e+00
0.000000000000000000e+00
0.000000000000000000e+00
0.000000000000000000e+00
0.000000000000000000e+00
0.000000000000000000e+00
0.000000000000000000e+00
0.000000000000000000e+00
0.000000000000000000e+00
0.000000000000000000e+00
0.000000000000000000e+00
0.000000000000000000e+00
0.000000000000000000e+00
0.000000000000000000e+00
0.000000000000000000e+00
0.000000000000000000e+00
0.000000000000000000e+00
0.000000000000000000e+00
0.000000000000000000e+00
0.000000000000000000e+00
0.000000000000000000e+00
0.000000000000000000e+00
0.000000000000000000e+00
0.000000000000000000e+00
0.000000000000000000e+00
0.000000000000000000e+00
0.000000000000000000e+00
0.000000000000000000e+00
0.000000000000000000e+00
0.000000000000000000e+00
0.000000000000000000e+00
0.000000000000000000e+00
0.000000000000000000e+00
0.000000000000000000e+00
0.000000000000000000e+00
0.000000000000000000e+00
0.000000000000000000e+00
0.000000000000000000e+00
0.000000000000000000e+00
0.000000000000000000e+00
0.000000000000000000e+00
0.000000000000000000e+00
0.000000000000000000e+00
0.000000000000000000e+00
0.000000000000000000e+00
0.000000000000000000e+00
0.000000000000000000e+00
0.000000000000000000e+00
0.000000000000000000e+00
0.000000000000000000e+00
0.000000000000000000e+00
0.000000000000000000e+00
0.000000000000000000e+00
0.000000000000000000e+00
0.000000000000000000e+00
0.000000000000000000e+00
0.000000000000000000e+00
0.000000000000000000e+00
0.000000000000000000e+00
0.000000000000000000e+00
0.000000000000000000e+00
0.000000000000000000e+00
0.000000000000000000e+00
0.000000000000000000e+00
0.000000000000000000e+00
0.000000000000000000e+00
0.000000000000000000e+00
0.000000000000000000e+00
0.000000000000000000e+00
0.000000000000000000e+00
0.000000000000000000e+00
0.000000000000000000e+00
0.000000000000000000e+00
0.000000000000000000e+00
0.000000000000000000e+00
0.000000000000000000e+00
0.000000000000000000e+00
0.000000000000000000e+00
0.000000000000000000e+00
0.000000000000000000e+00
0.000000000000000000e+00
0.000000000000000000e+00
0.000000000000000000e+00
0.000000000000000000e+00
0.000000000000000000e+00
0.000000000000000000e+00
0.000000000000000000e+00
0.000000000000000000e+00
0.000000000000000000e+00
0.000000000000000000e+00
0.000000000000000000e+00
0.000000000000000000e+00
0.000000000000000000e+00
0.000000000000000000e+00
0.000000000000000000e+00
0.000000000000000000e+00
0.000000000000000000e+00
0.000000000000000000e+00
0.000000000000000000e+00
0.000000000000000000e+00
0.000000000000000000e+00
0.000000000000000000e+00
0.000000000000000000e+00
0.000000000000000000e+00
0.000000000000000000e+00
0.000000000000000000e+00
0.000000000000000000e+00
0.000000000000000000e+00
0.000000000000000000e+00
0.000000000000000000e+00
0.000000000000000000e+00
0.000000000000000000e+00
0.000000000000000000e+00
0.000000000000000000e+00
0.000000000000000000e+00
0.000000000000000000e+00
0.000000000000000000e+00
0.000000000000000000e+00
0.000000000000000000e+00
0.000000000000000000e+00
0.000000000000000000e+00
0.000000000000000000e+00
0.000000000000000000e+00
0.000000000000000000e+00
0.000000000000000000e+00
0.000000000000000000e+00
0.000000000000000000e+00
0.000000000000000000e+00
0.000000000000000000e+00
0.000000000000000000e+00
0.000000000000000000e+00
0.000000000000000000e+00
0.000000000000000000e+00
0.000000000000000000e+00
0.000000000000000000e+00
0.000000000000000000e+00
0.000000000000000000e+00
0.000000000000000000e+00
0.000000000000000000e+00
0.000000000000000000e+00
0.000000000000000000e+00
0.000000000000000000e+00
0.000000000000000000e+00
0.000000000000000000e+00
0.000000000000000000e+00
0.000000000000000000e+00
0.000000000000000000e+00
0.000000000000000000e+00
0.000000000000000000e+00
0.000000000000000000e+00
0.000000000000000000e+00
0.000000000000000000e+00
0.000000000000000000e+00
0.000000000000000000e+00
0.000000000000000000e+00
0.000000000000000000e+00
0.000000000000000000e+00
0.000000000000000000e+00
0.000000000000000000e+00
0.000000000000000000e+00
0.000000000000000000e+00
0.000000000000000000e+00
0.000000000000000000e+00
0.000000000000000000e+00
0.000000000000000000e+00
0.000000000000000000e+00
0.000000000000000000e+00
0.000000000000000000e+00
0.000000000000000000e+00
0.000000000000000000e+00
0.000000000000000000e+00
0.000000000000000000e+00
0.000000000000000000e+00
0.000000000000000000e+00
0.000000000000000000e+00
0.000000000000000000e+00
0.000000000000000000e+00
0.000000000000000000e+00
0.000000000000000000e+00
0.000000000000000000e+00
0.000000000000000000e+00
0.000000000000000000e+00
0.000000000000000000e+00
0.000000000000000000e+00
0.000000000000000000e+00
0.000000000000000000e+00
0.000000000000000000e+00
0.000000000000000000e+00
0.000000000000000000e+00
0.000000000000000000e+00
0.000000000000000000e+00
0.000000000000000000e+00
0.000000000000000000e+00
0.000000000000000000e+00
0.000000000000000000e+00
0.000000000000000000e+00
0.000000000000000000e+00
0.000000000000000000e+00
0.000000000000000000e+00
0.000000000000000000e+00
0.000000000000000000e+00
0.000000000000000000e+00
0.000000000000000000e+00
0.000000000000000000e+00
0.000000000000000000e+00
0.000000000000000000e+00
0.000000000000000000e+00
0.000000000000000000e+00
0.000000000000000000e+00
0.000000000000000000e+00
0.000000000000000000e+00
0.000000000000000000e+00
0.000000000000000000e+00
0.000000000000000000e+00
0.000000000000000000e+00
0.000000000000000000e+00
0.000000000000000000e+00
0.000000000000000000e+00
0.000000000000000000e+00
0.000000000000000000e+00
0.000000000000000000e+00
0.000000000000000000e+00
0.000000000000000000e+00
0.000000000000000000e+00
0.000000000000000000e+00
0.000000000000000000e+00
0.000000000000000000e+00
0.000000000000000000e+00
0.000000000000000000e+00
0.000000000000000000e+00
0.000000000000000000e+00
0.000000000000000000e+00
0.000000000000000000e+00
0.000000000000000000e+00
0.000000000000000000e+00
0.000000000000000000e+00
0.000000000000000000e+00
0.000000000000000000e+00
0.000000000000000000e+00
0.000000000000000000e+00
0.000000000000000000e+00
0.000000000000000000e+00
0.000000000000000000e+00
0.000000000000000000e+00
0.000000000000000000e+00
0.000000000000000000e+00
0.000000000000000000e+00
0.000000000000000000e+00
0.000000000000000000e+00
0.000000000000000000e+00
0.000000000000000000e+00
0.000000000000000000e+00
0.000000000000000000e+00
0.000000000000000000e+00
0.000000000000000000e+00
0.000000000000000000e+00
0.000000000000000000e+00
0.000000000000000000e+00
0.000000000000000000e+00
0.000000000000000000e+00
0.000000000000000000e+00
0.000000000000000000e+00
0.000000000000000000e+00
0.000000000000000000e+00
0.000000000000000000e+00
0.000000000000000000e+00
0.000000000000000000e+00
0.000000000000000000e+00
0.000000000000000000e+00
0.000000000000000000e+00
0.000000000000000000e+00
0.000000000000000000e+00
0.000000000000000000e+00
0.000000000000000000e+00
0.000000000000000000e+00
0.000000000000000000e+00
0.000000000000000000e+00
0.000000000000000000e+00
0.000000000000000000e+00
0.000000000000000000e+00
0.000000000000000000e+00
0.000000000000000000e+00
0.000000000000000000e+00
0.000000000000000000e+00
0.000000000000000000e+00
0.000000000000000000e+00
0.000000000000000000e+00
0.000000000000000000e+00
0.000000000000000000e+00
0.000000000000000000e+00
0.000000000000000000e+00
0.000000000000000000e+00
0.000000000000000000e+00
0.000000000000000000e+00
0.000000000000000000e+00
0.000000000000000000e+00
0.000000000000000000e+00
0.000000000000000000e+00
0.000000000000000000e+00
0.000000000000000000e+00
0.000000000000000000e+00
0.000000000000000000e+00
0.000000000000000000e+00
0.000000000000000000e+00
0.000000000000000000e+00
0.000000000000000000e+00
0.000000000000000000e+00
0.000000000000000000e+00
0.000000000000000000e+00
0.000000000000000000e+00
0.000000000000000000e+00
0.000000000000000000e+00
0.000000000000000000e+00
0.000000000000000000e+00
0.000000000000000000e+00
0.000000000000000000e+00
0.000000000000000000e+00
0.000000000000000000e+00
0.000000000000000000e+00
0.000000000000000000e+00
0.000000000000000000e+00
0.000000000000000000e+00
0.000000000000000000e+00
0.000000000000000000e+00
0.000000000000000000e+00
0.000000000000000000e+00
