2.141509150980816512e-01
2.849335034239131384e-02
1.056212721501305699e-02
7.608297697781824485e-03
7.444232061304403673e-03
7.845552505684447869e-03
8.323824734790137223e-03
8.778998985857409260e-03
9.198565630364051449e-03
9.586178681771088256e-03
9.946318979541120958e-03
1.028197137631487075e-02
1.059481247838260295e-02
1.088565091323038560e-02
1.115475957028554468e-02
1.140209828669664846e-02
1.162746395706205221e-02
1.183059425804175273e-02
1.201124017265780414e-02
1.216921611818445360e-02
1.230443317426326705e-02
1.241691920779249697e-02
1.250682877324993045e-02
1.257444511704874229e-02
1.262017623266929039e-02
1.264454660764553762e-02
1.264818603512053545e-02
1.263181661813942563e-02
1.259623887172510101e-02
1.254231762755144385e-02
1.247096827060283596e-02
1.238314368753362996e-02
1.227982218217329308e-02
1.216199651328252196e-02
1.203066413096150894e-02
1.188681862830687566e-02
1.173144238111524171e-02
1.156550031781806466e-02
1.138993474179598661e-02
1.120566111645538224e-02
1.101356471797238987e-02
1.081449805977623135e-02
1.060927899531070168e-02
1.039868941032155020e-02
1.018347442203695712e-02
9.964342009519219778e-03
9.741963006698788410e-03
9.516971396830678498e-03
9.289964854104696204e-03
9.061505484749441189e-03
8.832120726100756505e-03
8.602304367718666134e-03
8.372517663711939034e-03
8.143190509981929753e-03
7.914722664144554359e-03
7.687484989465938508e-03
7.461820707291115518e-03
7.238046645192899690e-03
7.016454470462191867e-03
6.797311900634762406e-03
6.580863884542922579e-03
6.367333748920984450e-03
6.156924306913934622e-03
5.949818925962890512e-03
5.746182553492578879e-03
5.546162699626656402e-03
5.349890376821377427e-03
5.157480996855945757e-03
4.969035226060633872e-03
4.784639800013970254e-03
4.604368299210324228e-03
4.428281887397181836e-03
4.256430014418119759e-03
4.088851085479123029e-03
3.925573098792586001e-03
3.766614253549126299e-03
3.611983530130922701e-03
3.461681244416573659e-03
3.315699577941615215e-03
3.174023085576492716e-03
3.036629182269126332e-03
2.903488610275721526e-03
2.774565888176014610e-03
2.649819742839396638e-03
2.529203525380263867e-03
2.412665612015837784e-03
2.300149790620287585e-03
2.191595633656202771e-03
2.086938858059732629e-03
1.986111672560041553e-03
1.889043112827216942e-03
1.795659364766282080e-03
1.705884076208068027e-03
1.619638657190899207e-03
1.536842568979004606e-03
1.457413601925352511e-03
1.381268142256218473e-03
1.308321427832604507e-03
1.238487792928702870e-03
1.171680902058866870e-03
1.107813972882152470e-03
1.046799988215632322e-03
9.885518971946094611e-04
9.329828056283903399e-04
8.800061556136851496e-04
8.295358944838292963e-04
7.814866331897473437e-04
7.357737942279398216e-04
6.923137492505351603e-04
6.510239465132139748e-04
6.118230283370546538e-04
5.746309387806968622e-04
5.393690217386976939e-04
5.059601097007932228e-04
4.743286034243493227e-04
4.444005427887876719e-04
4.161036691158696149e-04
3.893674792531804903e-04
3.641232717303438432e-04
3.403041853077620141e-04
3.178452302465678276e-04
2.966833126355106925e-04
2.767572521160889445e-04
2.580077933510073235e-04
2.403776115834524256e-04
2.238113126354478600e-04
2.082554276928626972e-04
1.936584032226333239e-04
1.799705863644883766e-04
1.671442061347161868e-04
1.551333507740317085e-04
1.438939415647070338e-04
1.333837034344788179e-04
1.235621326561576452e-04
1.143904619425895888e-04
1.058316232265018832e-04
9.785020840427675274e-05
9.041242831149004934e-05
8.348607018659768360e-05
7.704045386729014015e-05
7.104638695187014705e-05
6.547611914581313733e-05
6.030329600119065542e-05
5.550291224426868910e-05
5.105126487412860810e-05
4.692590620289554187e-05
4.310559699589334835e-05
3.957025985813735684e-05
3.630093300169491322e-05
3.327972451707153186e-05
3.048976726049334174e-05
2.791517445818326095e-05
2.554099611821421254e-05
2.335317633048224358e-05
2.133851152566405531e-05
1.948460975478092646e-05
1.777985104225260034e-05
1.621334885692668923e-05
1.477491273775440876e-05
1.345501210337514358e-05
1.224474126784372754e-05
1.113578567836569896e-05
1.012038938481219464e-05
9.191323745177896868e-06
8.341857366081181598e-06
7.565727272670434283e-06
6.857111297945922101e-06
6.210601677733148026e-06
5.621179833953529205e-06
5.084192325790267728e-06
4.595327945524685148e-06
4.150595933446440659e-06
3.746305284147771812e-06
3.379045114678122008e-06
3.045666063601247855e-06
2.743262688738190297e-06
2.469156830404163363e-06
2.220881906237565634e-06
1.996168103175825472e-06
1.792928431840606430e-06
1.609245608441981411e-06
1.443359729373431361e-06
1.293656703831468673e-06
1.158657410158138194e-06
1.037007542006495496e-06
9.274681110446068291e-07
8.289065735315161772e-07
7.402885488364346532e-07
6.606700988216836176e-07
5.891905378464376812e-07
5.250657440639153022e-07
4.675819436997860791e-07
4.160899409410300559e-07
3.699997671028322942e-07
3.287757237785920562e-07
2.919317957330261712e-07
2.590274103227168917e-07
2.296635212733972683e-07
2.034789957269544069e-07
1.801472844164597656e-07
1.593733559091219424e-07
1.408908768102852841e-07
1.244596207869498980e-07
1.098630902221507534e-07
9.690633522730259362e-08
8.541395560697763785e-08
7.522827223763311909e-08
6.620765514637356551e-08
5.822499636124890351e-08
5.116631635693962890e-08
4.492949364971537794e-08
3.942310779124529211e-08
3.456538664986484248e-08
3.028324951752025352e-08
2.651143815280904067e-08
2.319172844224426899e-08
2.027221588507579776e-08
1.770666861044091315e-08
1.545394210880373655e-08
1.347745028883240838e-08
1.174468790898071486e-08
1.022679978925543858e-08
8.898192592500528960e-09
7.736185324781543770e-09
6.720694951416911387e-09
5.833953904300646528e-09
5.060256468516431564e-09
4.385731307640318157e-09
3.798137643824389852e-09
3.286682789490731250e-09
2.841858949481031044e-09
2.455297407129520973e-09
2.119638354590136707e-09
1.828414799324859089e-09
1.575949128929342469e-09
1.357261034637325229e-09
1.167985621196354366e-09
1.004300658523474520e-09
8.628619883737939658e-10
7.407462607814023054e-10
6.354001858937498283e-10
5.445956183013879114e-10
4.663898364934076652e-10
3.990904464971275096e-10
3.412244118457525030e-10
2.915107339211598976e-10
2.488363861047488906e-10
2.122351323177684017e-10
1.808689017392210408e-10
1.540114256154623730e-10
1.310338676341585352e-10
1.113922383971530405e-10
9.461635784500510351e-11
8.030019449585609891e-11
6.809343166873874555e-11
5.769407933306758792e-11
4.884204472896364882e-11
4.131351404287744021e-11
3.491606566463983930e-11
2.948441239409012304e-11
2.487670277251440910e-11
2.097130424116419053e-11
1.766401910399913430e-11
1.486565935550013990e-11
1.249995687805237946e-11
1.050175185704574757e-11
8.815418052173798034e-12
7.393519574188760326e-12
6.195632557741883230e-12
5.187348327984288671e-12
4.339400633294428612e-12
3.626916292760870651e-12
3.028782353544788900e-12
2.527088175183592541e-12
2.106655478978304603e-12
1.754635219901539164e-12
1.460155136619665087e-12
1.214029650711043352e-12
1.008502990711055868e-12
8.370304767672550112e-13
6.940981275075912304e-13
5.750620687481773733e-13
4.760172567060676833e-13
3.936793194188059238e-13
3.252927956789921229e-13
2.685453084296422886e-13
2.214982940583461791e-13
1.825287841401050769e-13
1.502799358558104672e-13
1.236170552628773713e-13
1.015928750753542837e-13
8.341626396886620020e-14
6.842913170931303328e-14
5.608376837728426043e-14
4.592317927286100782e-14
3.756964064503301415e-14
3.070665386476659638e-14
2.507436587179184271e-14
2.045656497190564531e-14
1.667332031872231203e-14
1.357693363617297429e-14
1.104546334406876825e-14
8.977658591560332439e-15
7.289922573818520130e-15
5.914002614614135569e-15
4.793077900794344829e-15
3.880942281565770462e-15
3.139560036548562034e-15
2.537245856240156709e-15
2.048665945746794659e-15
1.652601475880124030e-15
1.331708635580633327e-15
1.072061094398768192e-15
8.618695451152920446e-16
6.925753866473497776e-16
5.561528879869854787e-16
4.457816328182044206e-16
3.572379884827558952e-16
2.856493612263089626e-16
2.283105616377326328e-16
1.820342374338104265e-16
1.453729675773713708e-16
1.151872785066452125e-16
9.189076571300355795e-17
7.308151206063941505e-17
5.816759120922190022e-17
4.611609185702718386e-17
3.656530922582424781e-17
2.885554689047081604e-17
2.302036064611040679e-17
1.826024867856995909e-17
1.456658899147054773e-17
1.147641408843266116e-17
8.789456200070684784e-18
7.070306457571021407e-18
5.435304987251019137e-18
4.393170239311422509e-18
3.467062223335726952e-18
2.781210678356702634e-18
2.454163627486851501e-18
1.737274734764064885e-18
1.155215548875534228e-18
1.153811494793192877e-18
8.542428921956518457e-19
7.186022433360866530e-19
3.468051916580963526e-19
3.241968035533034699e-19
3.366462678755737708e-19
4.688191595425300625e-19
4.950157674136663145e-19
2.263109783886389910e-19
1.646103648916591527e-19
0.000000000000000000e+00
2.569995896610915171e-19
4.122598413387256193e-19
2.317799097747252591e-19
2.023444209010803179e-19
3.390578543254697884e-19
2.095035408570031279e-19
3.363365860721808428e-19
1.262339984686743909e-20
2.660748961174898687e-19
3.404873960704389937e-19
1.091046128651630224e-19
1.272884538706423800e-19
3.726868087251883679e-19
2.101252559986822661e-19
0.000000000000000000e+00
3.631873634515417211e-19
1.125747389199434703e-19
1.789345818504393797e-19
4.076551280189188457e-20
3.630600625460275730e-19
0.000000000000000000e+00
7.399883587121439400e-20
1.226408110509452946e-19
1.775141326054397008e-19
0.000000000000000000e+00
0.000000000000000000e+00
6.434654932489209578e-20
1.630665740251108522e-19
3.197652450550458227e-19
9.689573940903115279e-20
6.997049169384553809e-20
6.466951947899627232e-20
6.233290640272022887e-20
4.491175234620084081e-19
1.073246305413231098e-19
1.172862922970722412e-19
6.939541811098304081e-20
0.000000000000000000e+00
2.497202666416719450e-19
0.000000000000000000e+00
3.950024549847245124e-19
2.416173539701688149e-19
1.298369259171510181e-19
6.885546823578678092e-20
5.953248732357337820e-20
5.703294844789541277e-20
0.000000000000000000e+00
0.000000000000000000e+00
0.000000000000000000e+00
4.642689268406843252e-20
4.675499042597938202e-20
4.511402757180904219e-20
9.185780821738871989e-20
4.828834777787110732e-20
1.384452762166941700e-19
1.427999109959129647e-19
0.000000000000000000e+00
3.667629350673382640e-20
2.786963954678784022e-19
1.589393162302238570e-19
0.000000000000000000e+00
8.431136874594893888e-20
2.358980165538038028e-19
2.463457824063866765e-19
5.895519148830436001e-20
0.000000000000000000e+00
1.319862506339506285e-19
1.427110046793408584e-19
4.715727439464489672e-20
2.316083844003635139e-19
2.015643404661167144e-19
2.980031950201185719e-19
1.630735029227085720e-19
1.471382178503083463e-19
5.194713765442513352e-20
0.000000000000000000e+00
8.698603128230112497e-20
1.909570231924074646e-19
1.523532757024743401e-19
3.394386891600924257e-19
3.132244282772853685e-19
0.000000000000000000e+00
2.877193104718555392e-19
2.142321425426805029e-19
2.098292263561264263e-19
6.457097871513627719e-20
3.421628088254740108e-19
2.179146825293050699e-19
2.619211657894726777e-19
7.207084754540899644e-20
5.516986030246185790e-20
2.465503731565609665e-19
1.665322630546938905e-19
3.061832458526084220e-19
1.250281247120520241e-19
2.079521944100352218e-19
0.000000000000000000e+00
1.981258117824612816e-19
6.606425747749300727e-20
4.427066869330996045e-19
1.840364772470734968e-19
0.000000000000000000e+00
0.000000000000000000e+00
1.954334215219567395e-19
0.000000000000000000e+00
9.748373554722542886e-20
1.505924897469468031e-19
2.505564690045947538e-19
0.000000000000000000e+00
4.629429573461868026e-20
4.504347292749636614e-20
1.404768063277673631e-19
3.414337789481240947e-19
2.125443270747235263e-19
0.000000000000000000e+00
2.853399129829766526e-19
2.076911425017620860e-19
5.752574583706248904e-20
1.419592667165984796e-19
2.414089937877271693e-19
3.492597986433658586e-19
2.134269963650450522e-19
0.000000000000000000e+00
0.000000000000000000e+00
1.384331439055577068e-19
1.461832269572895723e-19
0.000000000000000000e+00
1.852849218319974339e-19
5.061552018151851428e-20
4.008535027721935114e-20
3.755787342253577273e-20
1.330384487573013852e-19
0.000000000000000000e+00
1.301215837449889998e-19
3.925666393762385162e-20
0.000000000000000000e+00
1.260631628105667264e-19
1.811479062668281321e-19
2.827248663790856833e-19
2.418218183218498888e-19
4.583184950946884461e-20
4.696228471743754306e-19
6.174824240580388951e-20
3.664305412049886084e-20
8.176509507340618343e-20
0.000000000000000000e+00
0.000000000000000000e+00
2.890977918247685976e-20
1.256934457764239695e-19
0.000000000000000000e+00
1.231215212526333917e-19
4.204691899827027783e-19
1.978215761176115772e-19
2.349881736186013119e-19
0.000000000000000000e+00
2.959182566644244829e-20
2.863886314290275066e-20
2.219678741041793393e-19
3.933560154731927232e-20
2.861123907593837301e-20
1.237029452827727742e-19
0.000000000000000000e+00
0.000000000000000000e+00
4.602464838270359280e-19
0.000000000000000000e+00
0.000000000000000000e+00
2.381368274291461520e-20
1.204662799104152608e-19
2.828816935275518543e-20
2.170926698509972968e-19
8.165061141594165948e-20
0.000000000000000000e+00
0.000000000000000000e+00
0.000000000000000000e+00
0.000000000000000000e+00
0.000000000000000000e+00
1.137550221774772457e-19
2.155079635715647553e-20
1.636228014824307894e-20
0.000000000000000000e+00
1.594030376979119414e-19
2.153355373939568574e-20
1.435862569329937020e-20
1.101334063228723837e-19
1.611860466028153323e-19
1.176489763264941731e-19
0.000000000000000000e+00
5.470265053763895584e-19
1.377827735673283544e-19
1.211435814379275694e-19
3.144138283089471611e-19
2.253033995005070966e-19
3.073977261645873817e-20
2.191733328593275468e-20
1.178257891111633380e-19
2.295388343885565286e-20
1.999605099837808199e-20
1.647332952217206573e-19
1.227162269964082765e-19
2.667825946053183170e-19
3.086659102232354259e-20
2.151550434282135258e-19
1.256570555829873614e-19
2.529588906899606124e-20
2.041577780257346742e-20
1.916593857055345768e-20
1.818337109282615689e-20
3.087010317805346886e-19
1.752291730466862584e-19
2.549639152585670120e-20
4.074016038818924202e-19
3.462732336792537104e-20
6.960996167192360418e-20
3.618857954055954284e-19
1.307922318608452820e-19
2.688870288714551840e-19
1.773287302778827502e-19
0.000000000000000000e+00
1.193833288469395999e-19
1.710764487335917627e-19
0.000000000000000000e+00
2.154251009264636462e-19
3.679394695171142902e-19
0.000000000000000000e+00
0.000000000000000000e+00
1.176287768199057062e-19
2.195430335253194454e-20
3.106226179085195213e-19
4.175761776354038391e-19
0.000000000000000000e+00
0.000000000000000000e+00
1.165360440752060577e-19
7.068115611511547697e-20
2.635385283521407462e-19
7.506027561250848185e-20
2.103503388949800445e-20
6.644287002287553286e-20
1.868924943997943066e-20
1.617940246912539319e-19
1.990270332557890510e-20
0.000000000000000000e+00
1.106221551511851588e-19
1.614866011399851050e-19
0.000000000000000000e+00
0.000000000000000000e+00
1.083347830176336944e-19
0.000000000000000000e+00
2.045288999170396708e-19
1.530491395627436970e-20
0.000000000000000000e+00
0.000000000000000000e+00
0.000000000000000000e+00
0.000000000000000000e+00
0.000000000000000000e+00
1.032599425208419328e-19
8.260110816455980457e-21
5.753830462820494643e-21
1.994329166663787593e-19
9.872600420300412965e-21
0.000000000000000000e+00
1.507570338313130782e-19
8.571454876045161097e-21
5.467989993137651951e-21
1.992396002210143485e-19
2.026207881816088527e-19
1.012176159686103862e-20
0.000000000000000000e+00
5.640827228751409326e-21
2.482415903917159158e-19
1.563781813241232640e-19
0.000000000000000000e+00
1.038439916647762167e-19
8.351247609654954034e-21
4.923198361018839978e-19
1.639583515568060898e-20
3.490021706682908800e-19
0.000000000000000000e+00
0.000000000000000000e+00
3.003197914405876268e-19
0.000000000000000000e+00
9.328154768193710258e-21
1.542301501173520883e-19
1.077074035011460057e-19
1.068791794265047657e-19
2.037803135299591500e-19
4.968080644669452605e-19
3.079276091983520614e-19
1.511166480584273462e-20
0.000000000000000000e+00
0.000000000000000000e+00
3.975470914369640384e-19
1.598465096136986743e-19
1.087856302278904080e-19
3.991942961959092808e-19
0.000000000000000000e+00
2.525993072976201665e-19
6.063351744540438883e-20
2.527004888267892245e-19
0.000000000000000000e+00
1.055237169580054350e-19
1.057030896239317433e-19
7.559553024137007316e-21
0.000000000000000000e+00
5.137886935460596428e-21
3.930160620658227880e-19
2.022101133166088218e-19
0.000000000000000000e+00
0.000000000000000000e+00
1.985347973825259964e-19
0.000000000000000000e+00
0.000000000000000000e+00
2.460493604938198728e-19
1.504740786204292329e-19
0.000000000000000000e+00
1.003042245942111549e-19
1.976670278909633198e-19
1.010421288379377755e-19
0.000000000000000000e+00
0.000000000000000000e+00
1.966662192730929225e-21
3.902089714533698491e-19
3.317493746472559435e-21
1.477453297322510948e-19
2.285206869362359732e-21
1.552482480082414198e-21
4.971137563831615824e-20
9.711234005568176273e-22
4.919390658165416225e-20
4.914265582749648709e-20
1.462440315647076590e-19
9.780638128879890982e-20
0.000000000000000000e+00
1.183548567174108461e-22
1.281188887146118747e-23
1.316851587940365008e-24
2.013267402194304153e-25
2.758522707451921411e-26
3.212056522817544659e-27
3.620795575275296326e-28
4.234658916599827786e-29
4.876649838249521485e-30
5.538562927952698013e-31
6.424063801881124093e-32
7.659700752144508661e-33
9.298725467010776675e-34
1.134513439018821814e-34
1.367478083361903204e-35
1.599500046117560524e-36
1.805808644186723163e-37
1.978615023947548256e-38
2.121676412358841862e-39
2.245251912129542485e-40
2.356933096285744381e-41
2.459378619262508671e-42
2.548829109060149606e-43
2.615517301378393686e-44
2.649737351778949664e-45
2.651989530867666809e-46
2.639692526155612957e-47
2.645469491596616839e-48
2.709977044466842442e-49
2.875697588333838075e-50
3.184492729089624377e-51
3.677091990612712128e-52
4.391979897421906983e-53
5.363346420106746204e-54
6.619425198482174434e-55
8.182088679084715161e-56
1.006701186400441375e-56
1.228287043907460608e-57
1.482877567520552228e-58
1.769084622492124746e-59
2.084006200758979667e-60
2.423335727659396013e-61
2.781852682576846464e-62
3.154207826139921132e-63
3.535858842069127080e-64
3.924029740329545965e-65
4.318569855616782271e-66
4.722514237514106675e-67
5.142048033747496624e-68
5.585595839967031623e-69
6.062010291801149379e-70
6.578294066492761588e-71
7.137755133199669744e-72
7.739688804880028345e-73
8.381407167189753314e-74
9.062709872985279885e-75
9.791947864527275625e-76
1.059203946193433947e-76
1.150449541042365719e-77
1.258986622187697838e-78
1.392397073271082273e-79
1.559050590088826917e-80
1.767175952170257601e-81
2.023976441712915319e-82
2.335013853362813430e-83
2.704010933147530734e-84
3.133112398294525896e-85
3.623541016076851114e-86
4.176521347140390750e-87
4.794331914599467379e-88
5.481374409609947357e-89
6.245188457410433110e-90
7.097365458610350263e-91
8.054312746257740014e-92
9.137797439706491433e-93
1.037518069589614127e-93
1.179926331440956437e-94
1.344771800109851079e-95
1.536217698120337032e-96
1.758714883889093900e-97
2.016901293975648629e-98
2.315534029964783318e-99
2.659469048848992642e-100
3.053684254074347668e-101
3.503318094866023725e-102
4.013675414747681212e-103
4.590143944224560697e-104
5.237974912356007472e-105
5.961911045637469760e-106
6.765689627397490270e-107
7.651496813874928005e-108
8.619489249518674184e-109
9.667519177528597296e-110
1.079119398417436092e-110
1.198437165375127173e-111
1.324014726716479163e-112
1.455233308367623176e-113
1.591738622503952439e-114
1.733670049355896167e-115
1.881915453888337406e-116
2.038379522570504507e-117
2.206252805830721353e-118
2.390268153195516126e-119
2.596930736988486843e-120
2.834707521737092978e-121
3.114162271834118328e-122
3.448023497531203278e-123
3.851175424040035298e-124
4.340566009380197203e-125
4.935030601587577279e-126
5.655034016309307290e-127
6.522336651022014790e-128
7.559591306344325482e-129
8.789877290487354294e-130
1.023617905931220724e-130
1.192082104057004939e-131
1.386488155367745654e-132
1.608762892479288028e-133
1.860605158030055841e-134
2.143458713586490993e-135
2.458518568116857135e-136
2.806785939607707436e-137
3.189186379752835596e-138
3.606761751498305405e-139
4.060939556330527045e-140
4.553873170598366030e-141
5.088835329578239698e-142
5.670636839609406235e-143
6.306035448036356919e-144
7.004098273854829580e-145
7.776486622036373386e-146
8.637644542530832661e-147
9.604890842011800568e-148
1.069843571540014459e-148
1.194136408925086441e-149
1.335964432242235371e-150
1.498223007710801183e-151
1.684132403548691079e-152
1.897286761333536390e-153
2.141732069836377441e-154
2.422082287617417777e-155
2.743693450855627361e-156
3.112946008964555914e-157
3.537762955628086356e-158
4.028679141030382804e-159
4.601224428473628903e-160
5.281438330330999479e-161
6.118806699913552985e-162
7.216676915254033773e-163
8.803580230658414970e-164
1.139973403402054439e-164
1.620374394300892419e-165
2.598587902348711252e-166
4.714018432087165857e-167
9.437261267711466015e-168
2.013513650353396152e-168
4.447658440339679033e-169
9.983678635056069651e-170
2.253668082431804416e-170
5.087958409516743879e-171
1.145606624783942998e-171
2.568930211828117947e-172
5.733016662747227186e-173
1.272823796396864542e-173
2.810751921259480990e-174
6.173025443390983621e-175
1.348235115921773269e-175
2.928229785974299077e-176
6.324135605228126318e-177
1.358127494379390531e-177
2.900088433265454015e-178
6.157462962403866968e-179
1.299873321265985286e-179
2.728335644678978021e-180
5.693522234879099510e-181
1.181243955115315685e-181
2.436477414665545275e-182
4.996181466871496432e-183
1.018487719918021308e-183
2.063972310313441594e-184
4.157871381013462248e-185
8.326182509816064775e-186
1.657360592499199282e-186
3.279236572624664363e-187
6.449136031938273338e-188
1.260641791248062847e-188
2.449240874477596770e-189
4.729433576248146888e-190
9.076381208942525939e-191
1.731132697315873254e-191
3.281330884449369932e-192
6.181013107331512134e-193
1.157036724957369065e-193
2.152287418372262052e-194
3.978384636063453537e-195
7.307255922707048029e-196
1.333615127789540697e-196
2.418370775289900485e-197
4.357314408690266941e-198
7.800203670867265371e-199
1.387303053253674181e-199
2.451333210024016184e-200
4.303146630887705348e-201
7.504294009208401455e-202
1.300051256143435476e-202
2.237304081974382261e-203
3.824638163816291000e-204
6.494464006478016833e-205
1.095394717769699598e-205
1.835096945229478389e-206
3.053479601864113627e-207
5.046208595712025730e-208
8.282395950878423961e-209
1.350062159806331970e-209
2.185469871422833436e-210
3.513301206323761030e-211
5.608562836637870862e-212
8.890772613704206955e-213
1.399474887163907553e-213
2.187330034120190385e-214
3.394477620832685697e-215
5.230301894456402565e-216
8.001315672736993061e-217
1.215241180368526742e-217
1.832379734409387126e-218
2.742873840159237822e-219
4.075856394618697610e-220
6.012289162766284044e-221
8.803471480288457208e-222
1.279517606055328987e-222
1.845872821726202015e-223
2.643050163341031266e-224
3.756141873589608709e-225
5.297808605090798108e-226
7.415712633908657352e-227
1.030140445935383408e-227
1.420075336179004704e-228
1.942594342466201328e-229
2.636895653761774466e-230
3.551632892272932690e-231
4.746479547855050006e-232
6.293722719197578289e-233
8.279802532823663598e-234
1.080668712463961565e-234
1.399294574132189013e-235
1.797435646798535118e-236
2.290386305666374846e-237
2.895068060780550486e-238
3.629834611577293164e-239
4.514152091300052531e-240
5.568138136172509151e-241
6.811948455739454423e-242
8.265006890408108552e-243
9.945084502551914696e-244
1.186724481870958819e-244
1.404268542591484709e-245
1.647751995825984812e-246
1.917155806763926222e-247
2.211715302363048363e-248
2.529819577353848804e-249
2.868933924579919193e-250
3.225553615968882153e-251
3.595196665939346335e-252
3.972441820821270213e-253
4.351015941721631698e-254
4.723932256088752822e-255
5.083677785878441596e-256
5.422444823150352007e-257
5.732397874714811765e-258
6.005964325994290243e-259
6.236134476553354023e-260
6.416754848177055545e-261
6.542797979336196465e-262
6.610592434609478479e-263
6.617998509659982658e-264
6.564518024746438838e-265
6.451330484068950819e-266
6.281252448051293286e-267
6.058621861366889778e-268
5.789113902486536104e-269
5.479499272354320671e-270
5.137359362473384799e-271
4.770775154802069715e-272
4.388007830402941431e-273
3.997188844518056150e-274
3.606035729922131267e-275
3.221607298237264509e-276
2.850108490879381034e-277
2.496751216964320345e-278
2.165673457208573411e-279
1.859915049545963297e-280
1.581445196981004108e-281
1.331234073549976793e-282
1.109359086828628145e-283
9.151354315645614360e-285
7.472605004023860245e-286
6.039623952559178255e-287
4.831440466211024154e-288
3.825161095403579729e-289
2.997136694801698002e-290
2.323936781691737709e-291
1.783117963627916162e-292
1.353788338960599145e-293
1.016981759857215403e-294
7.558643846517110204e-296
5.558010934081650801e-297
4.043114361459154023e-298
2.909443541347626521e-299
2.070985846273402816e-300
1.458120676477500548e-301
1.015394111461546320e-302
6.993203734206003788e-304
4.763141260147585154e-305
3.208201901259856598e-306
2.136760841910244865e-307
1.407184403462262798e-308
9.162662552964005322e-310
5.898512384432422853e-311
3.753944021222793116e-312
2.361738334820871445e-313
1.468752024458131438e-314
9.028419595830639253e-316
5.485234881818875191e-317
3.293609577497335487e-318
1.954424881818803079e-319
1.145738232705850736e-320
6.620479654272703692e-322
3.458459520888725809e-323
0.000000000000000000e+00
0.000000000000000000e+00
0.000000000000000000e+00
0.000000000000000000e+00
0.000000000000000000e+00
0.000000000000000000e+00
0.000000000000000000e+00
0.000000000000000000e+00
0.000000000000000000e+00
0.000000000000000000e+00
0.000000000000000000e+00
0.000000000000000000e+00
0.000000000000000000e+00
0.000000000000000000e+00
0.000000000000000000e+00
0.000000000000000000e+00
0.000000000000000000e+00
0.000000000000000000e+00
0.000000000000000000e+00
0.000000000000000000e+00
0.000000000000000000e+00
0.000000000000000000e+00
0.000000000000000000e+00
0.000000000000000000e+00
0.000000000000000000e+00
0.000000000000000000e+00
0.000000000000000000e+00
0.000000000000000000e+00
0.000000000000000000e+00
0.000000000000000000e+00
0.000000000000000000e+00
0.000000000000000000e+00
0.000000000000000000e+00
0.000000000000000000e+00
0.000000000000000000e+00
0.000000000000000000e+00
0.000000000000000000e+00
0.000000000000000000e+00
0.000000000000000000e+00
0.000000000000000000e+00
0.000000000000000000e+00
0.000000000000000000e+00
0.000000000000000000e+00
0.000000000000000000e+00
0.000000000000000000e+00
0.000000000000000000e+00
0.000000000000000000e+00
0.000000000000000000e+00
0.000000000000000000e+00
0.000000000000000000e+00
0.000000000000000000e+00
0.000000000000000000e+00
0.000000000000000000e+00
0.000000000000000000e+00
0.000000000000000000e+00
0.000000000000000000e+00
0.000000000000000000e+00
0.000000000000000000e+00
0.000000000000000000e+00
0.000000000000000000e+00
0.000000000000000000e+00
0.000000000000000000e+00
0.000000000000000000e+00
0.000000000000000000e+00
0.000000000000000000e+00
0.000000000000000000e+00
0.000000000000000000e+00
0.000000000000000000e+00
0.000000000000000000e+00
0.000000000000000000e+00
0.000000000000000000e+00
0.000000000000000000e+00
0.000000000000000000e+00
0.000000000000000000e+00
0.000000000000000000e+00
0.000000000000000000e+00
0.000000000000000000e+00
0.000000000000000000e+00
0.000000000000000000e+00
0.000000000000000000e+00
0.000000000000000000e+00
0.000000000000000000e+00
0.000000000000000000e+00
0.000000000000000000e+00
0.000000000000000000e+00
0.000000000000000000e+00
0.000000000000000000e+00
0.000000000000000000e+00
0.000000000000000000e+00
0.000000000000000000e+00
0.000000000000000000e+00
0.000000000000000000e+00
0.000000000000000000e+00
0.000000000000000000e+00
0.000000000000000000e+00
0.000000000000000000e+00
0.000000000000000000e+00
0.000000000000000000e+00
0.000000000000000000e+00
0.000000000000000000e+00
0.000000000000000000e+00
0.000000000000000000e+00
0.000000000000000000e+00
0.000000000000000000e+00
0.000000000000000000e+00
0.000000000000000000e+00
0.000000000000000000e+00
0.000000000000000000e+00
0.000000000000000000e+00
0.000000000000000000e+00
0.000000000000000000e+00
0.000000000000000000e+00
0.000000000000000000e+00
0.000000000000000000e+00
0.000000000000000000e+00
0.000000000000000000e+00
0.000000000000000000e+00
0.000000000000000000e+00
0.000000000000000000e+00
0.000000000000000000e+00
0.000000000000000000e+00
0.000000000000000000e+00
0.000000000000000000e+00
0.000000000000000000e+00
0.000000000000000000e+00
0.000000000000000000e+00
0.000000000000000000e+00
0.000000000000000000e+00
0.000000000000000000e+00
0.000000000000000000e+00
0.000000000000000000e+00
0.000000000000000000e+00
0.000000000000000000e+00
0.000000000000000000e+00
0.000000000000000000e+00
0.000000000000000000e+00
0.000000000000000000e+00
0.000000000000000000e+00
0.000000000000000000e+00
0.000000000000000000e+00
0.000000000000000000e+00
0.000000000000000000e+00
0.000000000000000000e+00
0.000000000000000000e+00
0.000000000000000000e+00
0.000000000000000000e+00
0.000000000000000000e+00
0.000000000000000000e+00
0.000000000000000000e+00
0.000000000000000000e+00
0.000000000000000000e+00
0.000000000000000000e+00
0.000000000000000000e+00
0.000000000000000000e+00
0.000000000000000000e+00
0.000000000000000000e+00
0.000000000000000000e+00
0.000000000000000000e+00
0.000000000000000000e+00
0.000000000000000000e+00
0.000000000000000000e+00
0.000000000000000000e+00
0.000000000000000000e+00
0.000000000000000000e+00
0.000000000000000000e+00
0.000000000000000000e+00
0.000000000000000000e+00
0.000000000000000000e+00
0.000000000000000000e+00
0.000000000000000000e+00
0.000000000000000000e+00
0.000000000000000000e+00
0.000000000000000000e+00
0.000000000000000000e+00
0.000000000000000000e+00
0.000000000000000000e+00
0.000000000000000000e+00
0.000000000000000000e+00
0.000000000000000000e+00
0.000000000000000000e+00
0.000000000000000000e+00
0.000000000000000000e+00
0.000000000000000000e+00
0.000000000000000000e+00
0.000000000000000000e+00
0.000000000000000000e+00
0.000000000000000000e+00
0.000000000000000000e+00
0.000000000000000000e+00
0.000000000000000000e+00
0.000000000000000000e+00
0.000000000000000000e+00
0.000000000000000000e+00
0.000000000000000000e+00
0.000000000000000000e+00
0.000000000000000000e+00
0.000000000000000000e+00
0.000000000000000000e+00
0.000000000000000000e+00
0.000000000000000000e+00
0.000000000000000000e+00
0.000000000000000000e+00
0.000000000000000000e+00
0.000000000000000000e+00
0.000000000000000000e+00
0.000000000000000000e+00
0.000000000000000000e+00
0.000000000000000000e+00
0.000000000000000000e+00
0.000000000000000000e+00
0.000000000000000000e+00
0.000000000000000000e+00
0.000000000000000000e+00
0.000000000000000000e+00
0.000000000000000000e+00
0.000000000000000000e+00
0.000000000000000000e+00
0.000000000000000000e+00
0.000000000000000000e+00
0.000000000000000000e+00
0.000000000000000000e+00
0.000000000000000000e+00
0.000000000000000000e+00
0.000000000000000000e+00
0.000000000000000000e+00
0.000000000000000000e+00
0.000000000000000000e+00
0.000000000000000000e+00
0.000000000000000000e+00
0.000000000000000000e+00
0.000000000000000000e+00
0.000000000000000000e+00
0.000000000000000000e+00
0.000000000000000000e+00
0.000000000000000000e+00
0.000000000000000000e+00
0.000000000000000000e+00
0.000000000000000000e+00
0.000000000000000000e+00
0.000000000000000000e+00
0.000000000000000000e+00
0.000000000000000000e+00
0.000000000000000000e+00
0.000000000000000000e+00
0.000000000000000000e+00
0.000000000000000000e+00
0.000000000000000000e+00
0.000000000000000000e+00
0.000000000000000000e+00
0.000000000000000000e+00
0.000000000000000000e+00
0.000000000000000000e+00
0.000000000000000000e+00
0.000000000000000000e+00
0.000000000000000000e+00
0.000000000000000000e+00
0.000000000000000000e+00
0.000000000000000000e+00
0.000000000000000000e+00
0.000000000000000000e+00
0.000000000000000000e+00
0.000000000000000000e+00
0.000000000000000000e+00
0.000000000000000000e+00
0.000000000000000000e+00
0.000000000000000000e+00
0.000000000000000000e+00
0.000000000000000000e+00
0.000000000000000000e+00
0.000000000000000000e+00
0.000000000000000000e+00
0.000000000000000000e+00
0.000000000000000000e+00
0.000000000000000000e+00
0.000000000000000000e+00
0.000000000000000000e+00
0.000000000000000000e+00
0.000000000000000000e+00
0.000000000000000000e+00
0.000000000000000000e+00
0.000000000000000000e+00
0.000000000000000000e+00
0.000000000000000000e+00
0.000000000000000000e+00
0.000000000000000000e+00
0.000000000000000000e+00
0.000000000000000000e+00
0.000000000000000000e+00
0.000000000000000000e+00
0.000000000000000000e+00
0.000000000000000000e+00
0.000000000000000000e+00
0.000000000000000000e+00
0.000000000000000000e+00
0.000000000000000000e+00
0.000000000000000000e+00
0.000000000000000000e+00
0.000000000000000000e+00
0.000000000000000000e+00
0.000000000000000000e+00
0.000000000000000000e+00
0.000000000000000000e+00
0.000000000000000000e+00
0.000000000000000000e+00
0.000000000000000000e+00
0.000000000000000000e+00
0.000000000000000000e+00
0.000000000000000000e+00
0.000000000000000000e+00
0.000000000000000000e+00
0.000000000000000000e+00
0.000000000000000000e+00
0.000000000000000000e+00
0.000000000000000000e+00
0.000000000000000000e+00
0.000000000000000000e+00
0.000000000000000000e+00
0.000000000000000000e+00
0.000000000000000000e+00
0.000000000000000000e+00
0.000000000000000000e+00
0.000000000000000000e+00
0.000000000000000000e+00
0.000000000000000000e+00
0.000000000000000000e+00
0.000000000000000000e+00
0.000000000000000000e+00
0.000000000000000000e+00
0.000000000000000000e+00
0.000000000000000000e+00
0.000000000000000000e+00
0.000000000000000000e+00
0.000000000000000000e+00
0.000000000000000000e+00
0.000000000000000000e+00
0.000000000000000000e+00
0.000000000000000000e+00
0.000000000000000000e+00
0.000000000000000000e+00
0.000000000000000000e+00
0.000000000000000000e+00
0.000000000000000000e+00
0.000000000000000000e+00
0.000000000000000000e+00
0.000000000000000000e+00
0.000000000000000000e+00
0.000000000000000000e+00
0.000000000000000000e+00
0.000000000000000000e+00
0.000000000000000000e+00
0.000000000000000000e+00
0.000000000000000000e+00
0.000000000000000000e+00
0.000000000000000000e+00
0.000000000000000000e+00
0.000000000000000000e+00
0.000000000000000000e+00
0.000000000000000000e+00
