2.161752307843622933e-01
3.650092470452550447e-02
2.363698842833192662e-02
2.433750163631714231e-02
2.678222764396346808e-02
2.912017516902921238e-02
3.106497198169971830e-02
3.257529700927035837e-02
3.363884123960796113e-02
3.425628683075882669e-02
3.444526064034020979e-02
3.423899390175111357e-02
3.368161777498381720e-02
3.282304548497493729e-02
3.171474110137387226e-02
3.040669401354954490e-02
2.894549802000869962e-02
2.737329640451229701e-02
2.572734476138741067e-02
2.403998283815833928e-02
2.233885717935414628e-02
2.064728190415004647e-02
1.898466081242300776e-02
1.736692050370098467e-02
1.580692332951797591e-02
1.431484286215128562e-02
1.289849465104135270e-02
1.156362221605557530e-02
1.031414294770907104e-02
9.152361161448211921e-03
8.079156335655476168e-03
7.094153989607743585e-03
6.195885217885131746e-03
5.381939059823510375e-03
4.649110029054884068e-03
3.993541521670123523e-03
3.410864602572317994e-03
2.896330876995159131e-03
2.444937756264792001e-03
2.051544352929912923e-03
1.710976405830440120e-03
1.418118958957480811e-03
1.167995929332819264e-03
9.558361436340086052e-04
7.771258601779490894e-04
6.276481935576175980e-04
5.035102048508496983e-04
4.011586996696147635e-04
3.173859841757892567e-04
2.493269650929238893e-04
1.944490470036736799e-04
1.505362850808333939e-04
1.156692022464260070e-04
8.820158638607754386e-05
6.673545616576633790e-05
5.009523376813866343e-05
3.730199955047372256e-05
2.754853634107152195e-05
2.017570766399818700e-05
1.465056094629029128e-05
1.054640845996882932e-05
7.525018550572012898e-06
5.320949304004298984e-06
3.727976605357820467e-06
2.587507874844280703e-06
1.778830122047894016e-06
1.211014254560488228e-06
8.162843764455092537e-07
5.446585447972279597e-07
3.596735836735015898e-07
2.350187198347008173e-07
1.519189054693470688e-07
9.712695202521360795e-08
6.140258494327154402e-08
3.837514793841475437e-08
2.370416228208716444e-08
1.446777995035025912e-08
8.723090155841138749e-09
5.194158565744844604e-09
3.053642839379362715e-09
1.771975801158690015e-09
1.014631960262365441e-09
5.731145327662520439e-10
3.192445303121013894e-10
1.753144227323693453e-10
9.488176424273051244e-11
5.059099182890903236e-11
2.656677682432554872e-11
1.373488271123536008e-11
6.988304381854307868e-12
3.497958169967630182e-12
1.721803585105595708e-12
8.331107480853984849e-13
3.960894754583496242e-13
1.849531125300938080e-13
8.478418402682114174e-14
3.813834029524271548e-14
1.682531124415261215e-14
7.278023971671243594e-15
3.083627257556953467e-15
1.279055664355772909e-15
5.194510081589455780e-16
2.063342727852759782e-16
7.963821491282178504e-17
3.022826933535040003e-17
1.120408137984796472e-17
4.052333664756469129e-18
1.429273398679208010e-18
4.912617887822534284e-19
1.644347830454404481e-19
5.355972147505444953e-20
1.696342840537352043e-20
5.220032936465573982e-21
1.559401398480478957e-21
4.518507238412299763e-22
1.268814523760237350e-22
3.449587755707420797e-23
9.071671853240461372e-24
2.305305218594956531e-24
5.655153934734806864e-25
1.337742309057375044e-25
3.048119303214870397e-26
6.682266879149705917e-27
1.407763328145299954e-27
2.846499528608280791e-28
5.517078944745504205e-29
1.023630824108762829e-29
1.815559992666908782e-30
3.073862854940512154e-31
4.960368786019085583e-32
7.617668254209840030e-33
1.111487816311680729e-33
1.538259120114850541e-34
2.015738587956687906e-35
2.496464519723907886e-36
2.916600442856805764e-37
3.207956417996709785e-38
3.315000885279126273e-39
3.211503061171525273e-40
2.910237330860752220e-41
2.461089668678936262e-42
1.937511098249893066e-43
1.416347684775779024e-44
9.588375617329852984e-46
5.994545746516325987e-47
3.450900879681994577e-48
1.823646529891428593e-49
8.818226418813932448e-51
3.888506026087063262e-52
1.558102125082711419e-53
5.651798361177318741e-55
1.848538997030761578e-56
5.428681958834232629e-58
1.425101670140603425e-59
3.328304659227570210e-61
6.880690985389834952e-63
1.252364147325302519e-64
1.995319892966152401e-66
2.765599200135834502e-68
3.312601105967998962e-70
3.404345935322575116e-72
2.978584429307458904e-74
2.200081621929247500e-76
1.359372592216014267e-78
6.956036753521365648e-81
2.915725446690064695e-83
9.891392678295881243e-86
2.679895080544456691e-88
5.713863306645440995e-91
9.431478822040630473e-94
1.183383067315077745e-96
1.105761279927751833e-99
7.518969268783358612e-103
3.624654327579235887e-106
1.202481223789215280e-109
2.653592110499199275e-113
3.745936187309800312e-117
3.233059915174543365e-121
1.618474373138853812e-125
4.417374991519567237e-130
6.109031196723570656e-135
3.921929616008881971e-140
1.051468748080591735e-145
1.034312955049768205e-151
3.179195524726954947e-158
2.493397907936184902e-165
3.844641056338910018e-173
8.268328539356816130e-182
1.557949330095896962e-191
1.340175632708775219e-202
2.025913718735427428e-215
1.224973562062470535e-230
2.481956478147376480e-249
1.613733378984966207e-273
9.884961972798402712e-308
0.000000000000000000e+00
