2.139435200866010300e-01
2.759464551573747107e-02
8.945222057597020104e-03
5.442186283365344976e-03
4.893848122231514962e-03
5.019744492294750567e-03
5.282862266842605452e-03
5.554641685957547627e-03
5.809213450262185746e-03
6.044935872855438513e-03
6.264561752702357995e-03
6.470798919975253791e-03
6.665636024712417833e-03
6.850438901927971905e-03
7.026128232366588185e-03
7.193316224470533253e-03
7.352399604163630496e-03
7.503622607588101082e-03
7.647120940222471366e-03
7.782953587194026482e-03
7.911126593504012525e-03
8.031611296495370922e-03
8.144358547475664609e-03
8.249309907003182438e-03
8.346406469030620556e-03
8.435595768985270151e-03
8.516837107255486802e-03
8.590105541952651816e-03
8.655394755050808617e-03
8.712718963007067691e-03
8.762114019919926486e-03
8.803637844024998771e-03
8.837370284337474347e-03
8.863412532072817429e-03
8.881886170314554421e-03
8.892931944863933375e-03
8.896708329157164766e-03
8.893389946561417597e-03
8.883165904308024455e-03
8.866238084867439709e-03
8.842819432776210728e-03
8.813132267841998144e-03
8.777406649306648129e-03
8.735878809938103437e-03
8.688789674138259686e-03
8.636383469958899134e-03
8.578906441368005370e-03
8.516605664151162894e-03
8.449727966410363819e-03
8.378518952672327907e-03
8.303222129087958064e-03
8.224078126031892505e-03
8.141324013545813906e-03
8.055192704463786865e-03
7.965912439667077391e-03
7.873706349700837145e-03
7.778792086913413617e-03
7.681381522319532390e-03
7.581680501516304543e-03
7.479888654175319458e-03
7.376199251876758983e-03
7.270799109325935990e-03
7.163868524291464729e-03
7.055581251910905335e-03
6.946104509322887505e-03
6.835599006894078553e-03
6.724219002612873489e-03
6.612112376512736638e-03
6.499420722269315213e-03
6.386279453379166589e-03
6.272817921577989245e-03
6.159159545389102791e-03
6.045421946910448964e-03
5.931717095148890916e-03
5.818151454396298938e-03
5.704826136312645714e-03
5.591837054536029882e-03
5.479275080783845356e-03
5.367226201537706777e-03
5.255771674523050489e-03
5.144988184301334255e-03
5.034947996388684788e-03
4.925719109402763168e-03
4.817365404817090975e-03
4.709946793973260847e-03
4.603519362063697960e-03
4.498135508854885639e-03
4.393844085970019346e-03
4.290690530595717318e-03
4.188716995516156803e-03
4.087962475412961275e-03
3.988462929399896363e-03
3.890251399787734120e-03
3.793358127097981591e-03
3.697810661364109470e-03
3.603633969775380409e-03
3.510850540733519848e-03
3.419480484403422237e-03
3.329541629849579708e-03
3.241049618856742948e-03
3.154017996540371769e-03
3.068458298855443033e-03
2.984380137116195587e-03
2.901791279640094420e-03
2.820697730630386535e-03
2.741103806410493011e-03
2.663012209122501191e-03
2.586424097999558049e-03
2.511339158319027612e-03
2.437755668140211343e-03
2.365670562926203754e-03
2.295079498145475606e-03
2.225976909944180505e-03
2.158356073975392815e-03
2.092209162466843186e-03
2.027527299603565369e-03
1.964300615296980020e-03
1.902518297407145530e-03
1.842168642479697195e-03
1.783239105054722782e-03
1.725716345599737382e-03
1.669586277114770831e-03
1.614834110453259274e-03
1.561444398398352225e-03
1.509401078530408580e-03
1.458687514918128496e-03
1.409286538662007839e-03
1.361180487316179192e-03
1.314351243211665061e-03
1.268780270701542947e-03
1.224448652346160973e-03
1.181337124054725879e-03
1.139426109197420878e-03
1.098695751700924173e-03
1.059125948138703137e-03
1.020696378826276094e-03
9.833865379308252570e-04
9.471757626036652992e-04
9.120432611435108639e-04
8.779681401981323128e-04
8.449294310116697284e-04
8.129061147247252294e-04
7.818771467344119968e-04
7.518214801216123455e-04
7.227180881528916852e-04
6.945459858648514234e-04
6.672842507390135125e-04
6.409120424758387021e-04
6.154086218769413410e-04
5.907533688450469127e-04
5.669257995119308599e-04
5.439055825050376040e-04
5.216725543642045408e-04
5.002067341204720959e-04
4.794883370496596403e-04
4.594977876139053107e-04
4.402157316051352916e-04
4.216230475048847763e-04
4.037008570755876938e-04
3.864305351989871773e-04
3.697937189777952566e-04
3.537723161173603973e-04
3.383485126044455242e-04
3.235047797007782914e-04
3.092238802693422989e-04
2.954888744518306622e-04
2.822831247159411140e-04
2.695903002915376202e-04
2.573943810149006018e-04
2.456796606005719696e-04
2.344307493603466866e-04
2.236325763892327593e-04
2.132703912381890045e-04
2.033297650935269490e-04
1.937965914828712122e-04
1.846570865275843504e-04
1.758977887614128737e-04
1.675055585350944799e-04
1.594675770264998745e-04
1.517713448756981840e-04
1.444046804641811179e-04
1.373557178572174377e-04
1.306129044280837247e-04
1.241649981826045376e-04
1.180010648021648115e-04
1.121104744230172923e-04
1.064828981693401866e-04
1.011083044571576948e-04
9.597695508583003457e-05
9.107940113344519938e-05
8.640647867197302952e-05
8.194930431767384117e-05
7.769927063176468166e-05
7.364804138592689539e-05
6.978754670672542395e-05
6.610997811263591591e-05
6.260778345678891103e-05
5.927366178813588143e-05
5.610055814326452483e-05
5.308165828054686204e-05
5.021038336788105562e-05
4.748038463479042768e-05
4.488553799911708646e-05
4.241993867816396029e-05
4.007789579354069322e-05
3.785392697862363355e-05
3.574275299698207326e-05
3.373929237970960549e-05
3.183865608914208305e-05
3.003614221600248870e-05
2.832723071655183567e-05
2.670757819595358598e-05
2.517301274358217799e-05
2.371952882564557752e-05
2.234328224007296000e-05
2.104058513824278237e-05
1.980790111775283636e-05
1.864184039006260352e-05
1.753915502650252247e-05
1.649673428579188149e-05
1.551160002590179897e-05
1.458090220274745466e-05
1.370191445793460374e-05
1.287202979747524409e-05
1.208875636309722708e-05
1.134971329753638891e-05
1.065262670492689351e-05
9.995325707156874751e-06
9.375738596860981575e-06
8.791889087471923094e-06
8.241892660545905826e-06
7.723953010428548361e-06
7.236358586068553963e-06
6.777479229708875785e-06
6.345762911916001876e-06
5.939732562385162213e-06
5.557982995665265839e-06
5.199177930997718740e-06
4.862047105158365811e-06
4.545383477231181359e-06
4.248040524052621778e-06
3.968929625012917697e-06
3.707017534788646661e-06
3.461323942531899878e-06
3.230919115960175209e-06
3.014921628728848376e-06
2.812496169413060002e-06
2.622851430394774221e-06
2.445238074886581497e-06
2.278946780324858498e-06
2.123306356276761917e-06
1.977681935073471575e-06
1.841473233278626048e-06
1.714112882124752243e-06
1.595064825073901901e-06
1.483822780592466652e-06
1.379908768292954766e-06
1.282871696547458844e-06
1.192286009742840026e-06
1.107750393304533067e-06
1.028886534679601927e-06
9.553379384419823888e-07
8.867687937585148358e-07
8.228628924222289371e-07
7.633225957219983627e-07
7.078678484418081243e-07
6.562352382813469592e-07
6.081770990788813151e-07
5.634606561817032728e-07
5.218672124008093188e-07
4.831913729882766721e-07
4.472403081128347731e-07
4.138330513807589886e-07
3.827998329212632480e-07
3.539814456646835865e-07
3.272286434250147692e-07
3.024015694733332690e-07
2.793692142929005526e-07
2.580089012813247906e-07
2.382057991763149847e-07
2.198524600296868140e-07
2.028483815947865852e-07
1.870995930244416457e-07
1.725182628146487675e-07
1.590223279711261869e-07
1.465351434082395967e-07
1.349851506195686572e-07
1.243055647096750486e-07
1.144340788966599551e-07
1.053125856353160974e-07
9.688691354158917528e-08
8.910657933601312611e-08
8.192455405191467331e-08
7.529704278051522096e-08
6.918327726300702938e-08
6.354532066768474568e-08
5.834788391109345996e-08
5.355815292638084080e-08
4.914562627920875622e-08
4.508196259738088573e-08
4.134083726643595765e-08
3.789780789829170950e-08
3.473018808426861562e-08
3.181692897127695409e-08
2.913850822838895356e-08
2.667682598930667429e-08
2.441510736444053952e-08
2.233781115505566150e-08
2.043054440776341741e-08
1.867998247227158426e-08
1.707379423527043055e-08
1.560057222724108365e-08
1.424976731289959759e-08
1.301162769096811225e-08
1.187714193649518875e-08
1.083798585248767832e-08
9.886472878611420685e-09
9.015507860394558952e-09
8.218543947838216462e-09
7.489542448862601971e-09
6.822935424121334637e-09
6.213590886708161836e-09
5.656780398193083617e-09
5.148148942115399940e-09
4.683686908018587352e-09
4.259704052283467373e-09
3.872805313940494860e-09
3.519868347464571540e-09
3.198022676502283770e-09
2.904630348302882467e-09
2.637267987022132707e-09
2.393710163995203661e-09
2.171913979708669208e-09
1.970004781818310712e-09
1.786262950294343848e-09
1.619111648456036072e-09
1.467105507688050008e-09
1.328920151409412412e-09
1.203342518843169054e-09
1.089261914091453322e-09
9.856617458982371892e-10
8.916119014049105091e-10
8.062616972308620314e-10
7.288333919693987103e-10
6.586161883722108475e-10
5.949607152131941825e-10
5.372739383148194949e-10
4.850144705461261691e-10
4.376882602038576991e-10
3.948446212139380149e-10
3.560725705325748236e-10
3.209974811578908036e-10
2.892779831077999228e-10
2.606031329614875331e-10
2.346898033331142296e-10
2.112802912778802240e-10
1.901401234258517357e-10
1.710560416501366750e-10
1.538341534289072486e-10
1.382982406951232135e-10
1.242882082779688920e-10
1.116586624278672969e-10
1.002776106225102845e-10
9.002527061809378921e-11
8.079298131723721457e-11
7.248220872753429970e-11
6.500363096191145161e-11
5.827631322872473447e-11
5.222694530255505856e-11
4.678914561731268857e-11
4.190283138156052683e-11
3.751364221388107027e-11
3.357241280568060825e-11
3.003468933101321889e-11
2.686030024527668107e-11
2.401295128268706184e-11
2.145986579751037974e-11
1.917145590582234706e-11
1.712102083810441353e-11
1.528447464944767040e-11
1.364009839097833960e-11
1.216831564425205310e-11
1.085148613335045374e-11
9.673722324824448516e-12
8.620718865805503590e-12
7.679601610551749172e-12
6.838786263116184980e-12
6.087854845016144042e-12
5.417443428262306576e-12
4.819135526236222479e-12
4.285370117773367291e-12
3.809358698030608870e-12
3.385006514897101903e-12
3.006845317759463919e-12
2.669970815572141370e-12
2.369984762369952796e-12
2.102945671776676242e-12
1.865321731435000441e-12
1.653951457854558801e-12
1.466001259338303588e-12
1.298940257481721877e-12
1.150499172323243662e-12
1.018652400126645753e-12
9.015874758710567833e-13
7.976860093698084374e-13
7.055014820211555037e-13
6.237429276515235136e-13
5.512581510763882178e-13
4.870188354999261647e-13
4.301077564009412658e-13
3.797086771135686915e-13
3.350921762923501359e-13
2.956096443599367868e-13
2.606835863444919516e-13
2.297995532797061347e-13
2.025001895969489250e-13
1.783775436992390994e-13
1.570706961132113415e-13
1.382577639621570749e-13
1.216534723508193920e-13
1.070035581970010237e-13
9.408299824337280763e-14
8.269192121064696559e-14
7.265280416748579616e-14
6.380901064607454112e-14
5.602091528273735052e-14
4.916510299905922812e-14
4.313173278324771703e-14
3.782469789691476487e-14
3.315846211072957804e-14
2.905724115163242241e-14
2.545352932898018447e-14
2.228863522780233143e-14
1.950952411877379223e-14
1.707052807119965990e-14
1.493114371761755645e-14
1.305468340342322042e-14
1.140986352048571245e-14
9.968259002163520622e-15
8.705753970090096579e-15
7.600164513324312710e-15
6.632454097898050118e-15
5.785618997174441947e-15
5.045218552827210265e-15
4.397849527506059189e-15
3.831968217117810844e-15
3.337693940526139939e-15
2.905802921817305840e-15
2.528975514130277643e-15
2.199895378532809983e-15
1.913446486462275767e-15
1.663431923678687706e-15
1.445698526560323949e-15
1.255671578768205196e-15
1.090178660690482004e-15
9.462351974177117947e-16
8.211162270114217671e-16
7.118275885612159340e-16
6.170521684487410631e-16
5.347586798072336309e-16
4.634088466614868886e-16
4.009775752535524698e-16
3.471563880459142431e-16
3.002793844272617220e-16
2.596437477997807817e-16
2.244686234274868686e-16
1.938728588637911255e-16
1.671088182317508109e-16
1.444787523878692507e-16
1.246972912648173267e-16
1.075540134995311745e-16
9.267569255720940891e-17
7.991375615866971744e-17
6.875937719290416144e-17
5.911333418998675512e-17
5.070367314688796376e-17
4.363301096971320283e-17
3.764458721335457717e-17
3.241639745189131153e-17
2.775358965509538620e-17
2.400310415644473090e-17
2.059454344644545229e-17
1.768912526139883335e-17
1.519533752027203712e-17
1.309853309139267218e-17
1.112074852436591491e-17
9.660936805550293149e-18
8.265387445548324316e-18
6.942258598271035970e-18
6.116626344784549920e-18
5.293563900973906098e-18
4.609073034917829114e-18
3.961681907130805860e-18
3.318273731798729819e-18
3.045410034226903706e-18
2.472485853870836646e-18
2.092391834606323088e-18
1.814881296654345748e-18
1.471939524670399166e-18
1.291184170336256424e-18
1.130110977939413769e-18
1.001440908760222263e-18
7.536380641835952673e-19
7.699190417842182291e-19
8.303030789589300623e-19
6.846762230987374989e-19
5.962543960616052811e-19
3.931976800792424987e-19
3.625150591846454632e-19
3.191417718414963097e-19
3.768225322745144840e-19
2.689158523559263669e-19
2.255457004731414430e-19
2.465305167374740014e-19
9.186223802366849131e-20
0.000000000000000000e+00
3.536834827851462671e-19
1.282770584120874258e-19
2.839490952066361859e-20
1.074279180933798087e-19
1.514982202182869570e-19
1.071737233325451857e-19
1.894166615404180799e-19
1.308931081349404425e-19
4.492860861350801595e-20
2.779584747477464174e-20
2.220122331458128477e-20
0.000000000000000000e+00
0.000000000000000000e+00
1.080587550283763922e-19
7.180930188588502240e-20
6.275856651466667686e-20
1.146876769394492342e-20
1.249663406731967179e-19
6.993148780291507568e-20
5.726985073282061978e-20
7.763729641217930993e-20
1.535633606069021626e-19
1.151291262291757505e-19
1.155713099723641047e-20
3.108544437016231854e-19
1.499329684385994964e-19
1.187379010212379049e-19
1.846685599683875301e-19
1.742752794940646844e-19
7.677764420561182687e-20
5.784822107325637921e-20
7.778629929226834482e-20
5.830496833452141134e-20
5.335317059791068388e-20
1.238632944590069773e-19
1.140107999011799277e-19
1.836381988106300205e-19
7.800231117980599847e-20
1.534267024154819444e-19
1.201897500735041902e-19
6.617752255881568618e-20
5.574793481077748824e-20
5.335426193432921259e-20
5.244880190931662620e-20
1.956333576872074473e-19
1.512651853090708965e-19
7.214375374017058267e-20
2.484259153928544424e-19
9.061004396425866298e-20
8.540578648676225221e-20
2.290035007291478038e-19
1.360701934745240160e-19
2.152289897097135918e-19
1.545982550559864064e-19
0.000000000000000000e+00
1.030103113046420389e-19
1.384421806328690504e-19
2.578329258662612533e-20
1.514481033459107636e-19
2.433772676672274086e-19
6.959785217586590862e-20
3.609275475257220406e-20
7.852187306755468648e-20
6.315914879924966190e-20
2.028944934097312535e-19
2.766753421639532022e-19
7.579091837605727913e-20
0.000000000000000000e+00
1.030903808925220866e-19
9.139344476734809857e-20
1.857936269822640570e-19
1.067347499763120235e-19
6.944219386405101390e-20
8.553992132998078030e-20
6.486331586396016720e-20
1.318826783071904293e-19
7.229565701732817271e-20
1.309941152167046555e-20
1.016765398391202241e-19
1.369534817242893943e-19
0.000000000000000000e+00
5.616062015297649355e-21
9.896271091776105225e-20
1.450308898160643634e-20
1.466962674294432229e-19
6.983782363865423079e-20
0.000000000000000000e+00
6.741957646643315640e-22
0.000000000000000000e+00
0.000000000000000000e+00
0.000000000000000000e+00
9.131120984043732996e-20
5.399036791545018824e-20
4.692188954104515991e-20
1.407494078998023418e-19
6.071262407497622534e-20
0.000000000000000000e+00
1.122459487591017018e-19
5.476328929838841754e-20
4.415610127788971163e-20
1.135231599305920651e-19
1.494411436740906095e-19
5.950740404640055900e-20
0.000000000000000000e+00
3.786839369286440639e-20
1.588985284653217485e-19
1.315274566922021376e-19
0.000000000000000000e+00
8.633110788462157171e-20
4.702712425693512700e-20
2.798034132264462303e-19
7.961545816012242743e-20
2.152144769294535878e-19
2.238330975587906489e-20
0.000000000000000000e+00
1.819241609043522368e-19
0.000000000000000000e+00
4.046089435327468392e-20
1.128070175200423200e-19
1.009478463874199708e-19
9.890298045741677353e-20
1.466124763943861927e-19
2.985480885922663542e-19
2.288377389750367591e-19
7.565772396915067648e-20
0.000000000000000000e+00
0.000000000000000000e+00
2.331201505036272529e-19
1.718416901660264609e-19
1.120334121522537061e-19
2.499521109307800493e-19
3.317082712585814541e-20
1.695578668038858292e-19
9.321682740527809644e-20
1.780018741443811252e-19
0.000000000000000000e+00
9.704496782685121853e-20
8.236175729448012218e-20
5.676283893708448920e-20
3.866360234253144421e-21
4.654875069868537543e-20
2.407544956313548173e-19
1.756908467079233023e-19
2.307151351104522805e-20
2.587696974739509583e-20
1.423836578588095648e-19
0.000000000000000000e+00
0.000000000000000000e+00
1.648839343086158810e-19
1.386137330449690211e-19
0.000000000000000000e+00
9.447145634869879969e-20
1.510848373512916699e-19
1.119250517824516044e-19
3.433632042893904072e-20
0.000000000000000000e+00
4.346881459592919080e-20
2.373451252545416904e-19
7.524207156479702018e-20
1.234478367118068601e-19
5.870333320091130189e-20
4.838755536653179784e-20
7.010777170243273516e-20
4.956156097790221466e-20
6.941672767638266045e-20
9.648613346937760691e-20
1.206039572132186094e-19
1.034227830803542653e-19
4.672001209299730474e-21
0.000000000000000000e+00
3.916127027023648668e-20
4.071617959510617165e-20
8.817159329938312116e-20
1.905696904007883893e-19
8.609759847899120748e-20
4.795362394206746707e-20
1.369314933419917396e-19
1.735611645689924782e-19
1.199775071451066830e-20
3.961032717883005576e-20
6.335593587864353721e-20
1.148160582332539614e-19
7.407008662893041558e-20
9.250341523849455870e-20
9.425425454963761542e-20
0.000000000000000000e+00
0.000000000000000000e+00
8.254257526516216241e-20
1.148692017825863352e-19
4.804661288450840588e-20
6.205922531984434242e-20
4.006936007869601577e-20
2.516694499903052297e-19
6.620142137547342700e-20
0.000000000000000000e+00
1.300181390828113178e-19
1.686133814899140403e-19
5.513516818012217335e-20
3.940883745630031058e-20
2.282166219378832260e-19
1.174949212324662116e-20
0.000000000000000000e+00
2.494314633191457852e-19
8.974132838081640230e-20
4.569051477500974971e-20
1.582565738113094490e-19
1.738201936830617135e-19
1.530539111335233078e-19
5.491344535594700675e-20
4.160021566694507845e-20
1.110512101556313298e-19
1.926626076961322238e-19
2.041938642788447401e-19
2.309811584679594402e-19
2.358884798522386071e-19
2.218725678579516674e-20
4.411271785717035215e-20
1.636268785382114750e-19
1.213755631730635600e-20
2.585647574316561108e-19
4.926795419486685783e-20
1.413603607825868406e-19
0.000000000000000000e+00
1.870773215206904643e-19
2.317277040140682133e-19
1.671843467880652698e-19
1.581098856822010291e-20
1.419944394861429070e-19
1.075759644695456884e-19
1.514932868867462113e-19
2.532571383874004099e-19
1.476280460311739638e-19
1.594205586377420354e-19
6.478441014958026983e-20
5.258905241108332963e-20
5.029332602393223753e-20
4.944935309094692506e-20
1.207166434910214650e-19
0.000000000000000000e+00
1.178226061775775571e-19
5.675828138467889252e-20
1.922960985312262280e-19
0.000000000000000000e+00
0.000000000000000000e+00
1.149349586879744152e-19
5.411448221809981662e-20
9.390462239443175988e-20
0.000000000000000000e+00
8.929288212912342061e-20
4.571448285476942636e-20
4.211907143910016150e-20
6.477889444417236602e-20
4.345082521268884169e-20
2.074782952025637053e-19
1.197023890143136767e-20
3.889261246798083209e-20
0.000000000000000000e+00
2.267818325250607831e-19
3.610479930163854993e-20
6.119074280880124760e-20
1.116768608185935802e-19
1.892447025220152974e-19
7.021492702610986557e-21
1.557989147519929678e-19
1.464041731138650602e-19
1.937049769798506004e-19
0.000000000000000000e+00
1.324342080015399616e-19
4.546321690579386226e-20
6.153787173672998340e-20
0.000000000000000000e+00
3.362283303822090856e-20
2.979875268510459052e-19
6.616659446404959425e-20
8.823411447857652668e-20
4.187384527109124134e-20
0.000000000000000000e+00
5.665836578638968356e-20
0.000000000000000000e+00
1.995460692408399560e-19
5.270649123284492848e-20
8.420815651604966485e-20
1.829320730171342503e-19
2.186405766159163003e-19
5.625996625769989405e-20
6.185826616099470958e-20
6.209683127583253426e-20
3.790729438898239495e-20
0.000000000000000000e+00
3.140250902322003549e-20
3.221181839471344000e-20
1.515891041439899812e-19
6.934141436117970959e-20
1.327556269023157801e-19
9.120211749658588430e-20
1.107288111354373322e-19
4.119529053160133794e-20
2.007455409398688917e-19
1.706973007177923989e-19
4.885354687686940238e-20
1.070708254702420901e-19
2.091462273618351338e-19
0.000000000000000000e+00
8.152087249538352764e-20
8.430791521455203412e-20
3.870148150725455708e-20
2.492558558534191347e-19
8.961193903474636543e-21
0.000000000000000000e+00
3.125383696971757450e-20
3.199584753312596866e-20
0.000000000000000000e+00
1.491471820600300924e-19
1.394456006692163767e-19
0.000000000000000000e+00
7.829611673679231469e-20
0.000000000000000000e+00
2.877065445407714020e-20
0.000000000000000000e+00
7.489990255341447395e-20
0.000000000000000000e+00
9.795561409184898461e-20
3.444222714046626532e-20
0.000000000000000000e+00
9.644825189444804326e-20
3.290727166305481863e-20
2.596141929376591103e-20
4.842442092589776322e-20
0.000000000000000000e+00
9.431486463637418477e-20
3.048608535957596928e-20
1.194871002174153084e-19
0.000000000000000000e+00
0.000000000000000000e+00
1.883598762907189953e-19
3.874349931473301269e-20
9.611066742550754928e-20
1.255953013227964089e-19
1.047636355851894554e-19
0.000000000000000000e+00
1.419143752157071672e-19
3.458675540842097498e-20
0.000000000000000000e+00
6.917017687116074187e-20
2.653516406993795262e-20
0.000000000000000000e+00
2.023244461038060297e-20
2.053997788573314041e-20
1.399999808608868194e-19
1.280627404503695623e-19
1.276244882274496915e-19
0.000000000000000000e+00
1.649408948867930949e-19
0.000000000000000000e+00
0.000000000000000000e+00
2.008921507589155780e-20
1.403219825395906325e-19
3.242751875029144102e-20
0.000000000000000000e+00
0.000000000000000000e+00
0.000000000000000000e+00
1.142662114883916607e-19
0.000000000000000000e+00
1.907707896440127708e-20
1.871073073301534433e-20
1.821731147874402620e-20
1.376061154868831842e-19
2.926403678449778138e-20
6.735093169672070942e-20
1.902416340314390819e-19
1.545106354496350415e-19
5.661127070631353881e-20
7.190100800571984157e-20
2.466991719952029329e-20
9.211923689085648904e-20
1.224776799312206819e-19
2.977560535007830221e-20
1.173280913777932331e-19
7.721470708760264922e-20
2.426432362006507337e-20
2.605643715100925909e-19
3.283497387823343204e-19
1.952881138425538469e-19
0.000000000000000000e+00
2.522425173508282033e-20
7.268090814739322244e-20
1.727733053431471267e-19
6.262984744049445530e-20
1.498104730303265376e-19
1.094035071729409451e-19
5.871929334252616505e-20
2.221410395092895678e-19
0.000000000000000000e+00
9.991696583499697623e-20
0.000000000000000000e+00
5.081760717705831760e-20
2.962834236425860094e-20
0.000000000000000000e+00
1.210436664895380155e-19
0.000000000000000000e+00
1.452865466751822206e-19
1.800447946471116799e-19
1.838227689161988308e-19
2.088921937146281436e-19
2.838023689304414386e-19
3.747766112954260258e-21
3.035365553623191480e-20
2.451161839300579706e-19
1.123940811392020461e-22
1.501868529847931071e-19
4.042671696046246767e-20
3.140320941983803649e-20
5.382556177374958026e-20
1.994350257998476496e-19
1.158070512708808779e-19
0.000000000000000000e+00
1.010280346356290066e-19
0.000000000000000000e+00
1.720600764749302191e-19
1.125257332639632088e-19
2.284258141500587164e-19
4.625163616604520026e-20
0.000000000000000000e+00
0.000000000000000000e+00
1.230941613936160402e-19
3.576190700989629363e-20
1.246838950849916396e-19
8.340682342004500168e-20
5.629938032877170838e-20
0.000000000000000000e+00
4.975426524642121720e-20
5.206273550205543822e-20
1.957402789405866374e-19
3.921816357308883861e-20
1.710320341646322320e-19
2.288179709330424376e-19
1.385345756990959407e-19
1.082166790131349189e-19
2.976357467321349232e-19
0.000000000000000000e+00
1.487891575472255477e-19
2.055187641962365890e-19
1.388776748935920783e-19
1.344104737626096339e-19
6.220262964071441533e-20
1.288510503298780954e-19
1.094317782598807425e-19
0.000000000000000000e+00
2.687811355178611058e-19
1.679038070209494713e-19
0.000000000000000000e+00
1.742628084781539344e-19
3.529547594513325962e-19
5.630660442525115824e-20
1.791510617991343403e-19
1.394576903070280981e-19
1.371627254945811998e-19
1.370772475143359139e-19
4.132943378027069570e-20
2.258167977027106137e-19
9.536706095297759667e-20
3.869111941337216738e-20
2.015230662585553282e-19
0.000000000000000000e+00
0.000000000000000000e+00
2.466018263716974635e-19
4.743843677348755357e-20
2.495602005552877731e-19
0.000000000000000000e+00
2.479303669433657870e-19
4.751120434521335640e-20
1.777235997352557878e-19
6.635146320261492487e-20
3.946073758709471832e-19
8.228053562497616036e-20
0.000000000000000000e+00
0.000000000000000000e+00
0.000000000000000000e+00
2.982788621329727159e-20
3.001909304662665744e-20
2.928135717365805704e-20
2.201817425077271498e-19
0.000000000000000000e+00
5.211307921174199535e-20
0.000000000000000000e+00
0.000000000000000000e+00
2.446919240160296992e-20
9.622119284172877989e-20
7.675144371849020345e-20
2.717063430954872859e-20
2.316295385349236935e-20
2.195994293567111052e-20
2.109567180227891029e-20
1.641070195272115462e-19
1.014421750147867407e-19
1.458880411506126553e-19
0.000000000000000000e+00
1.397325957248517593e-19
1.233461022150910977e-19
2.170835704090932119e-19
1.768970939763157840e-19
5.538409553980054438e-20
1.196817593285677973e-19
9.918325730210170530e-20
2.640019386317815612e-20
1.172042206066751422e-19
2.675658842424587141e-20
2.847670572352023271e-19
2.773448796698848715e-19
3.912547436724381218e-20
4.845993382141847287e-20
4.825510420087346623e-20
7.195441231847243455e-20
1.449100149274422987e-19
0.000000000000000000e+00
0.000000000000000000e+00
2.362530843380559797e-19
0.000000000000000000e+00
0.000000000000000000e+00
9.208838489980480812e-20
0.000000000000000000e+00
4.272422373840982143e-19
4.542546262770599061e-20
4.828135501039070885e-20
2.331492001400893848e-20
2.109191972340793305e-20
1.162684252462661167e-19
2.585883831977988347e-20
1.403876441240070435e-19
2.701404952403655306e-20
0.000000000000000000e+00
1.852537279523819301e-20
0.000000000000000000e+00
1.720989296411819993e-20
8.892158390356807776e-20
1.168709326709714430e-19
7.055909468231190437e-20
1.992281243440902724e-20
6.442751628833733359e-20
1.849936882461231022e-20
0.000000000000000000e+00
1.582062847869490079e-19
2.138227544344311271e-20
8.705855113074722847e-20
0.000000000000000000e+00
3.780785365511764409e-20
1.348505352151531073e-19
1.401761418353878721e-19
2.119788301099474598e-20
0.000000000000000000e+00
1.328716357883606687e-19
1.397077641511412362e-19
2.366637977944851670e-19
1.946805201081972891e-19
0.000000000000000000e+00
1.357627360111434258e-19
2.139158759004333741e-19
1.470983070476773309e-19
1.684781243228447156e-19
2.610049573598902016e-20
9.063938668330946993e-20
9.377443175280928690e-20
1.182014551907072598e-19
0.000000000000000000e+00
1.797827123255137396e-20
1.374643344054752187e-19
0.000000000000000000e+00
1.742166625744126734e-20
6.484667786237469159e-20
1.628015976993949077e-19
2.159635229548464053e-19
2.769384811986137189e-20
0.000000000000000000e+00
1.123404681727879914e-19
2.024237144471414277e-20
1.662483026036800771e-20
2.075524927196621329e-19
2.535884276302906319e-20
1.606771362572396719e-19
0.000000000000000000e+00
0.000000000000000000e+00
3.867017622374818917e-20
8.783424018202993588e-20
1.814590556153295184e-20
3.021214389843221493e-19
2.839190532777844394e-20
1.625886525103884423e-20
1.461135393730157810e-20
3.797621238446729833e-20
1.108213521782646126e-19
0.000000000000000000e+00
1.333806511234749986e-20
1.279791083938457724e-20
6.022993705174460638e-20
3.814134517138640069e-20
3.716002307769309662e-20
3.677443439464891704e-20
3.645372097926279365e-20
0.000000000000000000e+00
1.025350600957455939e-20
1.057690167822405244e-19
1.406546706350994033e-20
5.794513637706836794e-20
2.032800777169758122e-19
1.862018080653589584e-19
9.061286248820270893e-20
1.490012681929220574e-20
5.906304019385027942e-20
1.273148226367813558e-20
1.784320729680171337e-19
8.990896178388104802e-20
6.291373622413959602e-20
6.150605954389625204e-20
1.339320770425940862e-20
1.115344687697991232e-20
1.063890707746733017e-20
8.218352014808053042e-20
1.327724061009179475e-20
1.026410809235134311e-20
0.000000000000000000e+00
3.297097045513273435e-20
0.000000000000000000e+00
8.035762128170962841e-20
5.935428253095349644e-20
1.304112607699361880e-19
1.359585836523121902e-20
0.000000000000000000e+00
8.005986238496579605e-21
7.781058388168780453e-21
1.512875183948550598e-19
1.328232290174589343e-20
1.280170573004781559e-19
2.762062623543165509e-19
9.122416940778212653e-20
1.313898000931534852e-20
1.054922957818372450e-19
1.089393347240373123e-19
1.366657966663868879e-20
0.000000000000000000e+00
3.321884269264683001e-20
0.000000000000000000e+00
5.679967572048973055e-20
8.247674161193175319e-20
1.173200245526472458e-20
1.047962342104746269e-19
1.217589203368107747e-20
8.075177545807065678e-20
8.310178761512491906e-20
1.148268919439762400e-20
8.662329828053950836e-21
8.103948660589407811e-21
7.754757351905271799e-21
3.139121835306375295e-20
8.171821865173630584e-21
7.889120438519139784e-20
9.408883029082512187e-21
0.000000000000000000e+00
7.811669875541612499e-20
1.286147011569010534e-19
1.306642316744955665e-19
0.000000000000000000e+00
5.495988881727049609e-20
8.349740284160026525e-21
6.721757036404722433e-21
3.032503203494145563e-20
1.988697046575609839e-19
1.567919982431905490e-19
1.245307677253147710e-20
7.741129227145786074e-21
1.988797894469104079e-19
3.760709932221457223e-20
9.169809653299343016e-21
7.961040456391273779e-20
1.298007797303354717e-19
1.317268366117866086e-19
8.428664622761179921e-20
0.000000000000000000e+00
3.237671324565356891e-20
9.057888848112719194e-21
7.994426601451633484e-20
0.000000000000000000e+00
7.965560044972363589e-20
9.869624249119764640e-21
0.000000000000000000e+00
6.991972052622424758e-21
6.736507927894935736e-21
5.434516251702061641e-20
0.000000000000000000e+00
5.960225422589115316e-21
5.613219212077000487e-21
1.251351502230375537e-19
8.794061529314293082e-21
1.014295756920462964e-19
8.005423549639237012e-21
0.000000000000000000e+00
5.282409472275385953e-20
3.011516557903600919e-20
1.015146071797417098e-19
0.000000000000000000e+00
4.899575106011073540e-21
1.483863877183285964e-19
5.655625038862331015e-20
1.983036477067080003e-19
1.062379502739659696e-20
0.000000000000000000e+00
7.727002489311897088e-20
2.710469257153964935e-19
1.809000978892024628e-19
0.000000000000000000e+00
7.279229909902773979e-21
1.267412246865067998e-19
2.018381546875699655e-19
1.260418580936849926e-20
1.519112143676809610e-19
1.313016468474163225e-19
1.147299988375048953e-20
1.282897817621771184e-19
1.120595362631031942e-20
2.720697881094712460e-19
8.681072939488309269e-20
0.000000000000000000e+00
0.000000000000000000e+00
5.621043061715816840e-20
9.239196068007504125e-21
0.000000000000000000e+00
5.527167253456739519e-20
1.280572652264913484e-19
0.000000000000000000e+00
0.000000000000000000e+00
6.429658906220058709e-21
0.000000000000000000e+00
1.734319265846915419e-19
1.053086012955747951e-19
1.041656809534829573e-19
5.620199794561861581e-20
5.514167432560161251e-20
2.227624549791570747e-19
1.088772536431162627e-20
5.464777897825044443e-20
7.233272563292840934e-21
1.259368418033429922e-19
0.000000000000000000e+00
1.498165641006531290e-19
1.526515983105416625e-19
5.724301831081542810e-20
5.542191883445882450e-20
1.990129554100047226e-19
1.540953556829249999e-19
1.776965359524564636e-19
3.464993303271314081e-20
8.108722869357045637e-21
1.269840535008422365e-19
9.304695611527673792e-21
0.000000000000000000e+00
2.222167325675632339e-19
1.783646610678666682e-19
1.302001433898146817e-19
9.654057559754346720e-21
1.031658751930478827e-19
8.265053575535801334e-21
5.473423690390192592e-20
5.482760742495628574e-20
1.268409235660276639e-19
3.216674911677160098e-20
7.850238899441338114e-20
0.000000000000000000e+00
5.562956329154198469e-21
5.164558198621515110e-21
0.000000000000000000e+00
5.232199486768769396e-20
0.000000000000000000e+00
3.890900550097339319e-21
2.911872626150423499e-19
8.235225267660184189e-21
0.000000000000000000e+00
1.236105581705432911e-19
2.932194633045954265e-19
1.764496555391287682e-19
0.000000000000000000e+00
5.088580470865721135e-21
1.246162942627848375e-19
0.000000000000000000e+00
5.267720175669836400e-20
0.000000000000000000e+00
1.241179454054356225e-19
2.980210353558649499e-20
7.653769459386502662e-20
1.249159797904720181e-19
5.753099082417778307e-21
1.239758867741808813e-19
1.014137658344535886e-19
5.371085624076038693e-21
0.000000000000000000e+00
3.659898294170235059e-21
5.133616444038911901e-20
5.171121801301385634e-20
1.714680912792129792e-19
1.010724285378868856e-19
1.484050789330010296e-19
5.237680820153982829e-21
1.234849094403279029e-19
0.000000000000000000e+00
3.512940598949565581e-21
2.908633396332140145e-19
7.839685918647928329e-20
2.444146590063487059e-19
3.023887023633883574e-20
4.544357311422408625e-21
0.000000000000000000e+00
3.616711383900531547e-21
3.330541446211342512e-21
3.021408208513076975e-21
5.065460732352451144e-20
1.225807221305741920e-19
0.000000000000000000e+00
9.824340840202155789e-20
2.704386033204303432e-20
0.000000000000000000e+00
2.021477530469130467e-21
0.000000000000000000e+00
7.351232864198479840e-20
2.418358917481729881e-19
1.715049738445846438e-19
0.000000000000000000e+00
2.345129791454864673e-21
0.000000000000000000e+00
7.386592650692428865e-20
2.637023589185953556e-20
4.996758175642404217e-20
2.054939120673083000e-21
0.000000000000000000e+00
2.537820320241088624e-20
2.171812674408833286e-19
2.773248258237408642e-21
2.173281803391075266e-19
2.957453467892190180e-21
0.000000000000000000e+00
7.354041593459177200e-20
7.387015949668554135e-20
1.963954683177698793e-21
1.474993126932385465e-21
7.319156532788954585e-20
1.557534897663581511e-21
1.120730329399605540e-21
0.000000000000000000e+00
4.873104797010321389e-20
0.000000000000000000e+00
5.988387235621168629e-22
4.843067796935492630e-20
2.460187897904594666e-20
2.162950043968555160e-19
3.609613114621982131e-19
5.032092820503951597e-20
2.551404226805918818e-20
4.937008602688549592e-20
1.372895427720408181e-21
0.000000000000000000e+00
0.000000000000000000e+00
6.812551162057753650e-22
4.846135420146650302e-20
5.367833804654642444e-22
4.829873505881978374e-20
3.983487833629098592e-22
2.612814166023642779e-22
4.813135865429679625e-20
2.399451524538314837e-19
1.205059355116131047e-19
0.000000000000000000e+00
1.202644240439446602e-19
1.203187103779187666e-19
0.000000000000000000e+00
9.611234847656836787e-20
1.965256729684680890e-22
5.586855904310412335e-23
8.199109684267801657e-24
8.786217597865866610e-25
7.112670290844651538e-26
5.189881428548308945e-27
5.732495909877077867e-28
8.452873895402265853e-29
1.175607598564615370e-29
1.418302325201656875e-30
1.447426616049492929e-31
1.322512060353684366e-32
1.258832014367068795e-33
1.408933188060318024e-34
1.746643270041980313e-35
2.155606272090488789e-36
2.544453794485750457e-37
2.888031399445505850e-38
3.210358423401579629e-39
3.552005603995717288e-40
3.946852235553015418e-41
4.405902185112573514e-42
4.937532518340158964e-43
5.578167763112992796e-44
6.394851180172312686e-45
7.449051339027819819e-46
8.750744705710658161e-47
1.024115700576714993e-47
1.181824449544160300e-48
1.338881909706667545e-49
1.491744510160896718e-50
1.644713447609120105e-51
1.808267681681630937e-52
1.994612676331947052e-53
2.212740481368416478e-54
2.465414196086634595e-55
2.749410518362378611e-56
3.058866997321705294e-57
3.390455388467143897e-58
3.748561259674717470e-59
4.148575589755451295e-60
4.616766250638231065e-61
5.186088150956532021e-62
5.888653248244687640e-63
6.747001436304808039e-64
7.767119862945828336e-65
8.935822180252806318e-66
1.022365451272058026e-66
1.159260834335676720e-67
1.300648413565588840e-68
1.444130439776566298e-69
1.589363174798662256e-70
1.738548357437958733e-71
1.896523606372034585e-72
2.070428928361895289e-73
2.268947294325476704e-74
2.501149212151040276e-75
2.775032970521510850e-76
3.095941088586109012e-77
3.465126409998335972e-78
3.878803096087900478e-79
4.328012872379460912e-80
4.799542038397596990e-81
5.277941185750685396e-82
5.748459370840590914e-83
6.200465844103788856e-84
6.630762319621367987e-85
7.046139203891385754e-86
7.464618495662644311e-87
7.915034433447923706e-88
8.434883612049341147e-89
9.066674143889177899e-90
9.853270700495041451e-91
1.083293425051190642e-91
1.203486770127120117e-92
1.347608245679968029e-93
1.516028138157581925e-94
1.707920552907432317e-95
1.921652858277482134e-96
2.155394417076323080e-97
2.407864524511051216e-98
2.679103035175397584e-99
2.971128111147723848e-100
3.288351107063423290e-101
3.637651773190210308e-102
4.028074753737589614e-103
4.470181671930490847e-104
4.975167967900039598e-105
5.553913988019528011e-106
6.216170871446587830e-107
6.970073691881450544e-108
7.822124942270244315e-109
8.777707803966622620e-110
9.842086528762053043e-111
1.102175290730724104e-111
1.232590750853089362e-112
1.376784281507303408e-113
1.536603356264144128e-114
1.714483418029043609e-115
1.913481484524095429e-116
2.137290344620661052e-117
2.390260134036680955e-118
2.677457054960413537e-119
3.004782787619341610e-120
3.379162896685913282e-121
3.808790957388612084e-122
4.303391986661787428e-123
4.874449805994371833e-124
5.535333434340822039e-125
6.301260880504232566e-126
7.189055389805816700e-127
8.216677083478572505e-128
9.402547694759638464e-129
1.076472259875890590e-129
1.231999788077272876e-130
1.408306747939063943e-131
1.606586465227538414e-132
1.827723216684012602e-133
2.072306551899950549e-134
2.340706078640101406e-135
2.633216972607514425e-136
2.950281523960767860e-137
3.292784757658468590e-138
3.662412671820825607e-139
4.062050640129947009e-140
4.496188435388537018e-141
4.971289180464508598e-142
5.496074668018214466e-143
6.081681117653783329e-144
6.741649089967082975e-145
7.491729331672104435e-146
8.349511717067071998e-147
9.333914633739469600e-148
1.046460337471735183e-148
1.176143387949130471e-149
1.324403799559402093e-150
1.493167441399265252e-151
1.684346285514694747e-152
1.899909680315667508e-153
2.142009268636314676e-154
2.413158316717566228e-155
2.716460294799200580e-156
3.055875232415899783e-157
3.436506270127687224e-158
3.864883614375897783e-159
4.349219459047174732e-160
4.899606006639324759e-161
5.528130023072966453e-162
6.248881705528172174e-163
7.077843054251580749e-164
8.032651087152020767e-165
9.132243418477018678e-166
1.039640690411187023e-166
1.184526296593361360e-167
1.349873449347303806e-168
1.537604762605511352e-169
1.749532625132938546e-170
1.987333711475289286e-171
2.252543885633160700e-172
2.546577931770005751e-173
2.870777263589459534e-174
3.226487165925266545e-175
3.615163281228686355e-176
4.038505038050628391e-177
4.498611593157440404e-178
4.998153695671773615e-179
5.540552776203002720e-180
6.130156651832200520e-181
6.772399703687447344e-182
7.473934457145214348e-183
8.242721428198861648e-184
9.088065131508320397e-185
1.002058645137430948e-185
1.105212521942698592e-186
1.219557173467017030e-187
1.346463184802939455e-188
1.487353670501715274e-189
1.643671477336717226e-190
1.816844980569386642e-191
2.008255335604478517e-192
2.219208393850045927e-193
2.450914659242759388e-194
2.704480638390255246e-195
2.980914727221609067e-196
3.281150397831164619e-197
3.606088926085023584e-198
3.956663262103057704e-199
4.333923921534685989e-200
4.739146997173410314e-201
5.173963595518102086e-202
5.640509240966167159e-203
6.141591128167867825e-204
6.680870626075797366e-205
7.263058244271114212e-206
7.894118462234068389e-207
8.581482473211398416e-208
9.334268036630522396e-209
1.016350722337344399e-209
1.108238474035546112e-210
1.210649149982700217e-211
1.325409983498405884e-212
1.454646788847429981e-213
1.600818085375120832e-214
1.766753564919463120e-215
1.955697312302497048e-216
2.171355811296959128e-217
2.417950296743797316e-218
2.700272508862479340e-219
3.023742452424510500e-220
3.394466460247126083e-221
3.819293809347187242e-222
4.305870430190031607e-223
4.862688950984636853e-224
5.499135459135900407e-225
6.225534924954933194e-226
7.053199155225432756e-227
7.994483319076300900e-228
9.062859374227258157e-229
1.027301695552061128e-229
1.164100430136671053e-230
1.318442342686342043e-231
1.492269486184202035e-232
1.687740773533954317e-233
1.907277069873293374e-234
2.153617803783747975e-235
2.429890322228455924e-236
2.739692895222745699e-237
3.087191833866921285e-238
3.477232603153974379e-239
3.915464073961401870e-240
4.408474157948183134e-241
4.963934008354506803e-242
5.590746772796095902e-243
6.299195602858178188e-244
7.101084345762656165e-245
8.009863189510787565e-246
9.040730665274416571e-247
1.021070301987313317e-247
1.153864226413244063e-248
1.304523538456526794e-249
1.475291945457955136e-250
1.668575082278111106e-251
1.886922123629874043e-252
2.133002962134298732e-253
2.409582511990010351e-254
2.719494457786154168e-255
3.065617558974250698e-256
3.450858392916471187e-257
3.878145117257332482e-258
4.350437397734379735e-259
4.870758025327686435e-260
5.442251889148634033e-261
6.068277842507509961e-262
6.752538577569074759e-263
7.499252903461339656e-264
8.313373814335786294e-265
9.200854462864302478e-266
1.016896265770163810e-266
1.122664282499311420e-267
1.238492256235208441e-268
1.365735901774377651e-269
1.506051839300499359e-270
1.661447994887785878e-271
1.834335402367256027e-272
2.027580182610828115e-273
2.244554319397130798e-274
2.489183721669583811e-275
2.765991972706226615e-276
3.080138134071582236e-277
3.437447017358419570e-278
3.844430485389571713e-279
4.308298626441286256e-280
4.836960092411424977e-281
5.439011537149781508e-282
6.123716963838397986e-283
6.900978912724826396e-284
7.781304803232402221e-285
8.775773381187182758e-286
9.896008084399776862e-287
1.115416617355765140e-287
1.256295459611233770e-288
1.413568564320553410e-289
1.588638737800709514e-290
1.782998538599669056e-291
1.998257343224425813e-292
2.236179090751506813e-293
2.498732430939824350e-294
2.788154826458160644e-295
3.107031862385667558e-296
3.458392588494426045e-297
3.845821163502212341e-298
4.273584397097725092e-299
4.746774018188697358e-300
5.271461671924161300e-301
5.854863811387955340e-302
6.505512861772854122e-303
7.233430364323108909e-304
8.050297330193032802e-305
8.969616829413792908e-306
1.000686398453378066e-306
1.117961910247000235e-307
1.250768071957247879e-308
1.401315689399350752e-309
1.572053517367671107e-310
1.765673428857977222e-311
1.985114372392649575e-312
2.233566085865661906e-313
2.514473920541168406e-314
2.831546529918496930e-315
3.188768600417000050e-316
3.590420996433401872e-317
4.041111137029307859e-318
4.545799194256141204e-319
5.109626909290171760e-320
5.736102148216872378e-321
6.373446831352080420e-322
6.422853395936205074e-323
0.000000000000000000e+00
0.000000000000000000e+00
0.000000000000000000e+00
0.000000000000000000e+00
0.000000000000000000e+00
0.000000000000000000e+00
0.000000000000000000e+00
0.000000000000000000e+00
0.000000000000000000e+00
0.000000000000000000e+00
0.000000000000000000e+00
0.000000000000000000e+00
0.000000000000000000e+00
0.000000000000000000e+00
0.000000000000000000e+00
0.000000000000000000e+00
0.000000000000000000e+00
0.000000000000000000e+00
0.000000000000000000e+00
0.000000000000000000e+00
0.000000000000000000e+00
0.000000000000000000e+00
0.000000000000000000e+00
0.000000000000000000e+00
0.000000000000000000e+00
0.000000000000000000e+00
0.000000000000000000e+00
0.000000000000000000e+00
0.000000000000000000e+00
0.000000000000000000e+00
0.000000000000000000e+00
0.000000000000000000e+00
0.000000000000000000e+00
0.000000000000000000e+00
0.000000000000000000e+00
0.000000000000000000e+00
0.000000000000000000e+00
0.000000000000000000e+00
0.000000000000000000e+00
0.000000000000000000e+00
0.000000000000000000e+00
0.000000000000000000e+00
0.000000000000000000e+00
0.000000000000000000e+00
0.000000000000000000e+00
0.000000000000000000e+00
0.000000000000000000e+00
0.000000000000000000e+00
0.000000000000000000e+00
0.000000000000000000e+00
0.000000000000000000e+00
0.000000000000000000e+00
0.000000000000000000e+00
0.000000000000000000e+00
0.000000000000000000e+00
0.000000000000000000e+00
0.000000000000000000e+00
0.000000000000000000e+00
0.000000000000000000e+00
0.000000000000000000e+00
0.000000000000000000e+00
0.000000000000000000e+00
0.000000000000000000e+00
0.000000000000000000e+00
0.000000000000000000e+00
0.000000000000000000e+00
0.000000000000000000e+00
0.000000000000000000e+00
0.000000000000000000e+00
0.000000000000000000e+00
0.000000000000000000e+00
0.000000000000000000e+00
0.000000000000000000e+00
0.000000000000000000e+00
0.000000000000000000e+00
0.000000000000000000e+00
0.000000000000000000e+00
0.000000000000000000e+00
0.000000000000000000e+00
0.000000000000000000e+00
0.000000000000000000e+00
0.000000000000000000e+00
0.000000000000000000e+00
0.000000000000000000e+00
0.000000000000000000e+00
0.000000000000000000e+00
0.000000000000000000e+00
0.000000000000000000e+00
0.000000000000000000e+00
0.000000000000000000e+00
0.000000000000000000e+00
0.000000000000000000e+00
0.000000000000000000e+00
0.000000000000000000e+00
0.000000000000000000e+00
0.000000000000000000e+00
0.000000000000000000e+00
0.000000000000000000e+00
0.000000000000000000e+00
0.000000000000000000e+00
0.000000000000000000e+00
0.000000000000000000e+00
0.000000000000000000e+00
0.000000000000000000e+00
0.000000000000000000e+00
0.000000000000000000e+00
0.000000000000000000e+00
0.000000000000000000e+00
0.000000000000000000e+00
0.000000000000000000e+00
0.000000000000000000e+00
0.000000000000000000e+00
0.000000000000000000e+00
0.000000000000000000e+00
0.000000000000000000e+00
0.000000000000000000e+00
0.000000000000000000e+00
0.000000000000000000e+00
0.000000000000000000e+00
0.000000000000000000e+00
0.000000000000000000e+00
0.000000000000000000e+00
0.000000000000000000e+00
0.000000000000000000e+00
0.000000000000000000e+00
0.000000000000000000e+00
0.000000000000000000e+00
0.000000000000000000e+00
0.000000000000000000e+00
0.000000000000000000e+00
0.000000000000000000e+00
0.000000000000000000e+00
0.000000000000000000e+00
0.000000000000000000e+00
0.000000000000000000e+00
0.000000000000000000e+00
0.000000000000000000e+00
0.000000000000000000e+00
0.000000000000000000e+00
0.000000000000000000e+00
0.000000000000000000e+00
0.000000000000000000e+00
0.000000000000000000e+00
0.000000000000000000e+00
0.000000000000000000e+00
0.000000000000000000e+00
0.000000000000000000e+00
0.000000000000000000e+00
0.000000000000000000e+00
0.000000000000000000e+00
0.000000000000000000e+00
0.000000000000000000e+00
0.000000000000000000e+00
0.000000000000000000e+00
0.000000000000000000e+00
0.000000000000000000e+00
0.000000000000000000e+00
0.000000000000000000e+00
0.000000000000000000e+00
0.000000000000000000e+00
0.000000000000000000e+00
0.000000000000000000e+00
0.000000000000000000e+00
0.000000000000000000e+00
0.000000000000000000e+00
0.000000000000000000e+00
0.000000000000000000e+00
0.000000000000000000e+00
0.000000000000000000e+00
0.000000000000000000e+00
0.000000000000000000e+00
0.000000000000000000e+00
0.000000000000000000e+00
0.000000000000000000e+00
0.000000000000000000e+00
0.000000000000000000e+00
0.000000000000000000e+00
0.000000000000000000e+00
0.000000000000000000e+00
0.000000000000000000e+00
0.000000000000000000e+00
0.000000000000000000e+00
0.000000000000000000e+00
0.000000000000000000e+00
0.000000000000000000e+00
0.000000000000000000e+00
0.000000000000000000e+00
0.000000000000000000e+00
0.000000000000000000e+00
0.000000000000000000e+00
0.000000000000000000e+00
0.000000000000000000e+00
0.000000000000000000e+00
0.000000000000000000e+00
0.000000000000000000e+00
0.000000000000000000e+00
0.000000000000000000e+00
0.000000000000000000e+00
0.000000000000000000e+00
0.000000000000000000e+00
0.000000000000000000e+00
0.000000000000000000e+00
0.000000000000000000e+00
0.000000000000000000e+00
0.000000000000000000e+00
0.000000000000000000e+00
0.000000000000000000e+00
0.000000000000000000e+00
0.000000000000000000e+00
0.000000000000000000e+00
0.000000000000000000e+00
0.000000000000000000e+00
0.000000000000000000e+00
0.000000000000000000e+00
0.000000000000000000e+00
0.000000000000000000e+00
0.000000000000000000e+00
0.000000000000000000e+00
0.000000000000000000e+00
0.000000000000000000e+00
0.000000000000000000e+00
0.000000000000000000e+00
0.000000000000000000e+00
0.000000000000000000e+00
0.000000000000000000e+00
0.000000000000000000e+00
0.000000000000000000e+00
0.000000000000000000e+00
0.000000000000000000e+00
0.000000000000000000e+00
0.000000000000000000e+00
0.000000000000000000e+00
0.000000000000000000e+00
0.000000000000000000e+00
0.000000000000000000e+00
0.000000000000000000e+00
0.000000000000000000e+00
0.000000000000000000e+00
0.000000000000000000e+00
0.000000000000000000e+00
0.000000000000000000e+00
0.000000000000000000e+00
0.000000000000000000e+00
0.000000000000000000e+00
0.000000000000000000e+00
0.000000000000000000e+00
0.000000000000000000e+00
0.000000000000000000e+00
0.000000000000000000e+00
0.000000000000000000e+00
0.000000000000000000e+00
0.000000000000000000e+00
0.000000000000000000e+00
0.000000000000000000e+00
0.000000000000000000e+00
0.000000000000000000e+00
0.000000000000000000e+00
0.000000000000000000e+00
0.000000000000000000e+00
0.000000000000000000e+00
0.000000000000000000e+00
0.000000000000000000e+00
0.000000000000000000e+00
0.000000000000000000e+00
0.000000000000000000e+00
0.000000000000000000e+00
0.000000000000000000e+00
0.000000000000000000e+00
0.000000000000000000e+00
0.000000000000000000e+00
0.000000000000000000e+00
0.000000000000000000e+00
0.000000000000000000e+00
0.000000000000000000e+00
0.000000000000000000e+00
0.000000000000000000e+00
0.000000000000000000e+00
0.000000000000000000e+00
0.000000000000000000e+00
0.000000000000000000e+00
0.000000000000000000e+00
0.000000000000000000e+00
0.000000000000000000e+00
0.000000000000000000e+00
0.000000000000000000e+00
0.000000000000000000e+00
0.000000000000000000e+00
0.000000000000000000e+00
0.000000000000000000e+00
0.000000000000000000e+00
0.000000000000000000e+00
0.000000000000000000e+00
0.000000000000000000e+00
0.000000000000000000e+00
0.000000000000000000e+00
0.000000000000000000e+00
0.000000000000000000e+00
0.000000000000000000e+00
0.000000000000000000e+00
0.000000000000000000e+00
0.000000000000000000e+00
0.000000000000000000e+00
0.000000000000000000e+00
0.000000000000000000e+00
0.000000000000000000e+00
0.000000000000000000e+00
0.000000000000000000e+00
0.000000000000000000e+00
0.000000000000000000e+00
0.000000000000000000e+00
0.000000000000000000e+00
0.000000000000000000e+00
0.000000000000000000e+00
0.000000000000000000e+00
0.000000000000000000e+00
0.000000000000000000e+00
0.000000000000000000e+00
0.000000000000000000e+00
0.000000000000000000e+00
0.000000000000000000e+00
0.000000000000000000e+00
0.000000000000000000e+00
0.000000000000000000e+00
0.000000000000000000e+00
0.000000000000000000e+00
0.000000000000000000e+00
0.000000000000000000e+00
0.000000000000000000e+00
0.000000000000000000e+00
0.000000000000000000e+00
0.000000000000000000e+00
0.000000000000000000e+00
0.000000000000000000e+00
0.000000000000000000e+00
0.000000000000000000e+00
0.000000000000000000e+00
0.000000000000000000e+00
0.000000000000000000e+00
0.000000000000000000e+00
0.000000000000000000e+00
0.000000000000000000e+00
0.000000000000000000e+00
0.000000000000000000e+00
0.000000000000000000e+00
0.000000000000000000e+00
0.000000000000000000e+00
0.000000000000000000e+00
0.000000000000000000e+00
0.000000000000000000e+00
0.000000000000000000e+00
0.000000000000000000e+00
0.000000000000000000e+00
0.000000000000000000e+00
0.000000000000000000e+00
0.000000000000000000e+00
0.000000000000000000e+00
0.000000000000000000e+00
0.000000000000000000e+00
0.000000000000000000e+00
0.000000000000000000e+00
0.000000000000000000e+00
0.000000000000000000e+00
0.000000000000000000e+00
0.000000000000000000e+00
0.000000000000000000e+00
0.000000000000000000e+00
0.000000000000000000e+00
0.000000000000000000e+00
0.000000000000000000e+00
0.000000000000000000e+00
0.000000000000000000e+00
0.000000000000000000e+00
0.000000000000000000e+00
0.000000000000000000e+00
0.000000000000000000e+00
0.000000000000000000e+00
0.000000000000000000e+00
0.000000000000000000e+00
0.000000000000000000e+00
0.000000000000000000e+00
0.000000000000000000e+00
0.000000000000000000e+00
0.000000000000000000e+00
0.000000000000000000e+00
0.000000000000000000e+00
0.000000000000000000e+00
0.000000000000000000e+00
0.000000000000000000e+00
0.000000000000000000e+00
0.000000000000000000e+00
0.000000000000000000e+00
0.000000000000000000e+00
0.000000000000000000e+00
0.000000000000000000e+00
0.000000000000000000e+00
0.000000000000000000e+00
0.000000000000000000e+00
0.000000000000000000e+00
0.000000000000000000e+00
0.000000000000000000e+00
0.000000000000000000e+00
0.000000000000000000e+00
0.000000000000000000e+00
0.000000000000000000e+00
0.000000000000000000e+00
0.000000000000000000e+00
0.000000000000000000e+00
0.000000000000000000e+00
0.000000000000000000e+00
0.000000000000000000e+00
0.000000000000000000e+00
0.000000000000000000e+00
0.000000000000000000e+00
0.000000000000000000e+00
0.000000000000000000e+00
0.000000000000000000e+00
0.000000000000000000e+00
0.000000000000000000e+00
0.000000000000000000e+00
0.000000000000000000e+00
0.000000000000000000e+00
0.000000000000000000e+00
0.000000000000000000e+00
0.000000000000000000e+00
0.000000000000000000e+00
0.000000000000000000e+00
0.000000000000000000e+00
0.000000000000000000e+00
0.000000000000000000e+00
0.000000000000000000e+00
0.000000000000000000e+00
0.000000000000000000e+00
0.000000000000000000e+00
0.000000000000000000e+00
0.000000000000000000e+00
0.000000000000000000e+00
0.000000000000000000e+00
0.000000000000000000e+00
0.000000000000000000e+00
0.000000000000000000e+00
0.000000000000000000e+00
0.000000000000000000e+00
0.000000000000000000e+00
0.000000000000000000e+00
0.000000000000000000e+00
0.000000000000000000e+00
0.000000000000000000e+00
0.000000000000000000e+00
0.000000000000000000e+00
0.000000000000000000e+00
0.000000000000000000e+00
0.000000000000000000e+00
0.000000000000000000e+00
0.000000000000000000e+00
0.000000000000000000e+00
0.000000000000000000e+00
0.000000000000000000e+00
0.000000000000000000e+00
0.000000000000000000e+00
0.000000000000000000e+00
0.000000000000000000e+00
0.000000000000000000e+00
0.000000000000000000e+00
0.000000000000000000e+00
0.000000000000000000e+00
0.000000000000000000e+00
0.000000000000000000e+00
0.000000000000000000e+00
0.000000000000000000e+00
0.000000000000000000e+00
0.000000000000000000e+00
0.000000000000000000e+00
0.000000000000000000e+00
0.000000000000000000e+00
0.000000000000000000e+00
0.000000000000000000e+00
0.000000000000000000e+00
0.000000000000000000e+00
0.000000000000000000e+00
0.000000000000000000e+00
0.000000000000000000e+00
0.000000000000000000e+00
0.000000000000000000e+00
0.000000000000000000e+00
0.000000000000000000e+00
0.000000000000000000e+00
0.000000000000000000e+00
0.000000000000000000e+00
0.000000000000000000e+00
0.000000000000000000e+00
0.000000000000000000e+00
0.000000000000000000e+00
0.000000000000000000e+00
0.000000000000000000e+00
0.000000000000000000e+00
0.000000000000000000e+00
0.000000000000000000e+00
0.000000000000000000e+00
0.000000000000000000e+00
0.000000000000000000e+00
0.000000000000000000e+00
0.000000000000000000e+00
0.000000000000000000e+00
0.000000000000000000e+00
0.000000000000000000e+00
0.000000000000000000e+00
0.000000000000000000e+00
0.000000000000000000e+00
0.000000000000000000e+00
0.000000000000000000e+00
0.000000000000000000e+00
0.000000000000000000e+00
0.000000000000000000e+00
0.000000000000000000e+00
0.000000000000000000e+00
0.000000000000000000e+00
0.000000000000000000e+00
0.000000000000000000e+00
0.000000000000000000e+00
0.000000000000000000e+00
0.000000000000000000e+00
0.000000000000000000e+00
0.000000000000000000e+00
0.000000000000000000e+00
0.000000000000000000e+00
0.000000000000000000e+00
0.000000000000000000e+00
0.000000000000000000e+00
0.000000000000000000e+00
0.000000000000000000e+00
0.000000000000000000e+00
0.000000000000000000e+00
0.000000000000000000e+00
0.000000000000000000e+00
0.000000000000000000e+00
0.000000000000000000e+00
0.000000000000000000e+00
0.000000000000000000e+00
0.000000000000000000e+00
0.000000000000000000e+00
0.000000000000000000e+00
0.000000000000000000e+00
0.000000000000000000e+00
0.000000000000000000e+00
0.000000000000000000e+00
0.000000000000000000e+00
0.000000000000000000e+00
0.000000000000000000e+00
0.000000000000000000e+00
0.000000000000000000e+00
0.000000000000000000e+00
0.000000000000000000e+00
0.000000000000000000e+00
0.000000000000000000e+00
0.000000000000000000e+00
0.000000000000000000e+00
0.000000000000000000e+00
0.000000000000000000e+00
0.000000000000000000e+00
0.000000000000000000e+00
0.000000000000000000e+00
0.000000000000000000e+00
0.000000000000000000e+00
0.000000000000000000e+00
0.000000000000000000e+00
0.000000000000000000e+00
0.000000000000000000e+00
0.000000000000000000e+00
0.000000000000000000e+00
0.000000000000000000e+00
0.000000000000000000e+00
0.000000000000000000e+00
0.000000000000000000e+00
0.000000000000000000e+00
0.000000000000000000e+00
0.000000000000000000e+00
0.000000000000000000e+00
0.000000000000000000e+00
0.000000000000000000e+00
0.000000000000000000e+00
0.000000000000000000e+00
0.000000000000000000e+00
0.000000000000000000e+00
0.000000000000000000e+00
0.000000000000000000e+00
0.000000000000000000e+00
0.000000000000000000e+00
0.000000000000000000e+00
0.000000000000000000e+00
0.000000000000000000e+00
0.000000000000000000e+00
0.000000000000000000e+00
0.000000000000000000e+00
0.000000000000000000e+00
0.000000000000000000e+00
0.000000000000000000e+00
0.000000000000000000e+00
0.000000000000000000e+00
0.000000000000000000e+00
0.000000000000000000e+00
0.000000000000000000e+00
0.000000000000000000e+00
0.000000000000000000e+00
0.000000000000000000e+00
0.000000000000000000e+00
0.000000000000000000e+00
0.000000000000000000e+00
0.000000000000000000e+00
0.000000000000000000e+00
0.000000000000000000e+00
0.000000000000000000e+00
0.000000000000000000e+00
0.000000000000000000e+00
0.000000000000000000e+00
0.000000000000000000e+00
0.000000000000000000e+00
0.000000000000000000e+00
0.000000000000000000e+00
0.000000000000000000e+00
0.000000000000000000e+00
0.000000000000000000e+00
0.000000000000000000e+00
0.000000000000000000e+00
0.000000000000000000e+00
0.000000000000000000e+00
0.000000000000000000e+00
0.000000000000000000e+00
0.000000000000000000e+00
0.000000000000000000e+00
0.000000000000000000e+00
0.000000000000000000e+00
0.000000000000000000e+00
0.000000000000000000e+00
0.000000000000000000e+00
0.000000000000000000e+00
0.000000000000000000e+00
0.000000000000000000e+00
0.000000000000000000e+00
0.000000000000000000e+00
0.000000000000000000e+00
0.000000000000000000e+00
0.000000000000000000e+00
0.000000000000000000e+00
0.000000000000000000e+00
0.000000000000000000e+00
0.000000000000000000e+00
0.000000000000000000e+00
0.000000000000000000e+00
0.000000000000000000e+00
0.000000000000000000e+00
0.000000000000000000e+00
0.000000000000000000e+00
0.000000000000000000e+00
0.000000000000000000e+00
0.000000000000000000e+00
0.000000000000000000e+00
0.000000000000000000e+00
0.000000000000000000e+00
0.000000000000000000e+00
0.000000000000000000e+00
0.000000000000000000e+00
0.000000000000000000e+00
0.000000000000000000e+00
0.000000000000000000e+00
0.000000000000000000e+00
0.000000000000000000e+00
0.000000000000000000e+00
0.000000000000000000e+00
0.000000000000000000e+00
0.000000000000000000e+00
0.000000000000000000e+00
0.000000000000000000e+00
0.000000000000000000e+00
0.000000000000000000e+00
0.000000000000000000e+00
0.000000000000000000e+00
0.000000000000000000e+00
0.000000000000000000e+00
0.000000000000000000e+00
0.000000000000000000e+00
0.000000000000000000e+00
0.000000000000000000e+00
0.000000000000000000e+00
0.000000000000000000e+00
0.000000000000000000e+00
0.000000000000000000e+00
0.000000000000000000e+00
0.000000000000000000e+00
0.000000000000000000e+00
0.000000000000000000e+00
0.000000000000000000e+00
0.000000000000000000e+00
0.000000000000000000e+00
0.000000000000000000e+00
0.000000000000000000e+00
0.000000000000000000e+00
0.000000000000000000e+00
0.000000000000000000e+00
0.000000000000000000e+00
0.000000000000000000e+00
0.000000000000000000e+00
0.000000000000000000e+00
0.000000000000000000e+00
0.000000000000000000e+00
0.000000000000000000e+00
0.000000000000000000e+00
0.000000000000000000e+00
0.000000000000000000e+00
0.000000000000000000e+00
0.000000000000000000e+00
0.000000000000000000e+00
0.000000000000000000e+00
0.000000000000000000e+00
0.000000000000000000e+00
0.000000000000000000e+00
0.000000000000000000e+00
0.000000000000000000e+00
0.000000000000000000e+00
0.000000000000000000e+00
0.000000000000000000e+00
0.000000000000000000e+00
0.000000000000000000e+00
0.000000000000000000e+00
0.000000000000000000e+00
0.000000000000000000e+00
0.000000000000000000e+00
0.000000000000000000e+00
0.000000000000000000e+00
0.000000000000000000e+00
0.000000000000000000e+00
0.000000000000000000e+00
0.000000000000000000e+00
0.000000000000000000e+00
0.000000000000000000e+00
0.000000000000000000e+00
0.000000000000000000e+00
0.000000000000000000e+00
0.000000000000000000e+00
0.000000000000000000e+00
0.000000000000000000e+00
0.000000000000000000e+00
0.000000000000000000e+00
0.000000000000000000e+00
0.000000000000000000e+00
0.000000000000000000e+00
0.000000000000000000e+00
0.000000000000000000e+00
0.000000000000000000e+00
0.000000000000000000e+00
0.000000000000000000e+00
0.000000000000000000e+00
0.000000000000000000e+00
0.000000000000000000e+00
0.000000000000000000e+00
0.000000000000000000e+00
0.000000000000000000e+00
0.000000000000000000e+00
0.000000000000000000e+00
0.000000000000000000e+00
0.000000000000000000e+00
0.000000000000000000e+00
0.000000000000000000e+00
0.000000000000000000e+00
0.000000000000000000e+00
0.000000000000000000e+00
0.000000000000000000e+00
0.000000000000000000e+00
0.000000000000000000e+00
0.000000000000000000e+00
0.000000000000000000e+00
0.000000000000000000e+00
0.000000000000000000e+00
0.000000000000000000e+00
0.000000000000000000e+00
0.000000000000000000e+00
0.000000000000000000e+00
0.000000000000000000e+00
0.000000000000000000e+00
0.000000000000000000e+00
0.000000000000000000e+00
0.000000000000000000e+00
0.000000000000000000e+00
0.000000000000000000e+00
0.000000000000000000e+00
0.000000000000000000e+00
0.000000000000000000e+00
0.000000000000000000e+00
0.000000000000000000e+00
0.000000000000000000e+00
0.000000000000000000e+00
0.000000000000000000e+00
0.000000000000000000e+00
0.000000000000000000e+00
0.000000000000000000e+00
0.000000000000000000e+00
0.000000000000000000e+00
0.000000000000000000e+00
0.000000000000000000e+00
0.000000000000000000e+00
0.000000000000000000e+00
0.000000000000000000e+00
0.000000000000000000e+00
0.000000000000000000e+00
0.000000000000000000e+00
0.000000000000000000e+00
0.000000000000000000e+00
0.000000000000000000e+00
0.000000000000000000e+00
0.000000000000000000e+00
0.000000000000000000e+00
0.000000000000000000e+00
0.000000000000000000e+00
0.000000000000000000e+00
0.000000000000000000e+00
0.000000000000000000e+00
0.000000000000000000e+00
0.000000000000000000e+00
0.000000000000000000e+00
0.000000000000000000e+00
0.000000000000000000e+00
0.000000000000000000e+00
0.000000000000000000e+00
0.000000000000000000e+00
0.000000000000000000e+00
0.000000000000000000e+00
0.000000000000000000e+00
0.000000000000000000e+00
0.000000000000000000e+00
0.000000000000000000e+00
0.000000000000000000e+00
0.000000000000000000e+00
0.000000000000000000e+00
0.000000000000000000e+00
0.000000000000000000e+00
0.000000000000000000e+00
0.000000000000000000e+00
0.000000000000000000e+00
0.000000000000000000e+00
0.000000000000000000e+00
0.000000000000000000e+00
0.000000000000000000e+00
0.000000000000000000e+00
0.000000000000000000e+00
0.000000000000000000e+00
0.000000000000000000e+00
0.000000000000000000e+00
0.000000000000000000e+00
0.000000000000000000e+00
0.000000000000000000e+00
0.000000000000000000e+00
0.000000000000000000e+00
0.000000000000000000e+00
0.000000000000000000e+00
0.000000000000000000e+00
0.000000000000000000e+00
0.000000000000000000e+00
0.000000000000000000e+00
0.000000000000000000e+00
0.000000000000000000e+00
0.000000000000000000e+00
0.000000000000000000e+00
0.000000000000000000e+00
0.000000000000000000e+00
0.000000000000000000e+00
0.000000000000000000e+00
0.000000000000000000e+00
0.000000000000000000e+00
0.000000000000000000e+00
0.000000000000000000e+00
0.000000000000000000e+00
0.000000000000000000e+00
0.000000000000000000e+00
0.000000000000000000e+00
0.000000000000000000e+00
0.000000000000000000e+00
0.000000000000000000e+00
0.000000000000000000e+00
0.000000000000000000e+00
0.000000000000000000e+00
0.000000000000000000e+00
0.000000000000000000e+00
0.000000000000000000e+00
0.000000000000000000e+00
0.000000000000000000e+00
0.000000000000000000e+00
0.000000000000000000e+00
0.000000000000000000e+00
0.000000000000000000e+00
0.000000000000000000e+00
0.000000000000000000e+00
0.000000000000000000e+00
0.000000000000000000e+00
0.000000000000000000e+00
0.000000000000000000e+00
0.000000000000000000e+00
0.000000000000000000e+00
0.000000000000000000e+00
0.000000000000000000e+00
0.000000000000000000e+00
0.000000000000000000e+00
0.000000000000000000e+00
0.000000000000000000e+00
0.000000000000000000e+00
0.000000000000000000e+00
0.000000000000000000e+00
0.000000000000000000e+00
0.000000000000000000e+00
0.000000000000000000e+00
0.000000000000000000e+00
0.000000000000000000e+00
0.000000000000000000e+00
0.000000000000000000e+00
0.000000000000000000e+00
0.000000000000000000e+00
0.000000000000000000e+00
0.000000000000000000e+00
0.000000000000000000e+00
0.000000000000000000e+00
0.000000000000000000e+00
0.000000000000000000e+00
0.000000000000000000e+00
0.000000000000000000e+00
0.000000000000000000e+00
0.000000000000000000e+00
0.000000000000000000e+00
0.000000000000000000e+00
0.000000000000000000e+00
0.000000000000000000e+00
0.000000000000000000e+00
0.000000000000000000e+00
0.000000000000000000e+00
0.000000000000000000e+00
0.000000000000000000e+00
0.000000000000000000e+00
0.000000000000000000e+00
0.000000000000000000e+00
0.000000000000000000e+00
0.000000000000000000e+00
0.000000000000000000e+00
0.000000000000000000e+00
0.000000000000000000e+00
0.000000000000000000e+00
0.000000000000000000e+00
0.000000000000000000e+00
0.000000000000000000e+00
0.000000000000000000e+00
0.000000000000000000e+00
0.000000000000000000e+00
0.000000000000000000e+00
0.000000000000000000e+00
0.000000000000000000e+00
0.000000000000000000e+00
0.000000000000000000e+00
0.000000000000000000e+00
0.000000000000000000e+00
0.000000000000000000e+00
0.000000000000000000e+00
0.000000000000000000e+00
0.000000000000000000e+00
0.000000000000000000e+00
0.000000000000000000e+00
0.000000000000000000e+00
0.000000000000000000e+00
0.000000000000000000e+00
0.000000000000000000e+00
0.000000000000000000e+00
0.000000000000000000e+00
0.000000000000000000e+00
0.000000000000000000e+00
0.000000000000000000e+00
0.000000000000000000e+00
0.000000000000000000e+00
0.000000000000000000e+00
0.000000000000000000e+00
0.000000000000000000e+00
0.000000000000000000e+00
0.000000000000000000e+00
0.000000000000000000e+00
0.000000000000000000e+00
0.000000000000000000e+00
0.000000000000000000e+00
0.000000000000000000e+00
0.000000000000000000e+00
0.000000000000000000e+00
0.000000000000000000e+00
0.000000000000000000e+00
0.000000000000000000e+00
0.000000000000000000e+00
0.000000000000000000e+00
0.000000000000000000e+00
0.000000000000000000e+00
0.000000000000000000e+00
0.000000000000000000e+00
0.000000000000000000e+00
0.000000000000000000e+00
0.000000000000000000e+00
0.000000000000000000e+00
0.000000000000000000e+00
0.000000000000000000e+00
0.000000000000000000e+00
0.000000000000000000e+00
0.000000000000000000e+00
0.000000000000000000e+00
0.000000000000000000e+00
0.000000000000000000e+00
0.000000000000000000e+00
0.000000000000000000e+00
0.000000000000000000e+00
0.000000000000000000e+00
0.000000000000000000e+00
0.000000000000000000e+00
0.000000000000000000e+00
0.000000000000000000e+00
0.000000000000000000e+00
0.000000000000000000e+00
0.000000000000000000e+00
0.000000000000000000e+00
0.000000000000000000e+00
0.000000000000000000e+00
0.000000000000000000e+00
0.000000000000000000e+00
0.000000000000000000e+00
0.000000000000000000e+00
0.000000000000000000e+00
0.000000000000000000e+00
0.000000000000000000e+00
0.000000000000000000e+00
0.000000000000000000e+00
0.000000000000000000e+00
0.000000000000000000e+00
0.000000000000000000e+00
0.000000000000000000e+00
0.000000000000000000e+00
0.000000000000000000e+00
0.000000000000000000e+00
0.000000000000000000e+00
0.000000000000000000e+00
0.000000000000000000e+00
0.000000000000000000e+00
0.000000000000000000e+00
0.000000000000000000e+00
0.000000000000000000e+00
0.000000000000000000e+00
0.000000000000000000e+00
0.000000000000000000e+00
0.000000000000000000e+00
0.000000000000000000e+00
0.000000000000000000e+00
0.000000000000000000e+00
0.000000000000000000e+00
0.000000000000000000e+00
0.000000000000000000e+00
0.000000000000000000e+00
0.000000000000000000e+00
0.000000000000000000e+00
0.000000000000000000e+00
0.000000000000000000e+00
0.000000000000000000e+00
0.000000000000000000e+00
0.000000000000000000e+00
0.000000000000000000e+00
0.000000000000000000e+00
0.000000000000000000e+00
0.000000000000000000e+00
0.000000000000000000e+00
0.000000000000000000e+00
0.000000000000000000e+00
0.000000000000000000e+00
0.000000000000000000e+00
0.000000000000000000e+00
0.000000000000000000e+00
0.000000000000000000e+00
0.000000000000000000e+00
0.000000000000000000e+00
