2.139284777208646238e-01
2.752769716774134193e-02
8.821308753642446987e-03
5.273352179949725507e-03
4.693341614408661280e-03
4.796836544560089365e-03
5.042886736470660394e-03
5.300428395431626936e-03
5.542313837530868544e-03
5.766328358093553326e-03
5.974985430763597900e-03
6.170897582125294857e-03
6.356020425498596846e-03
6.531716126696172561e-03
6.698917383268566603e-03
6.858257552634051783e-03
7.010159798179153162e-03
7.154897406026074214e-03
7.292635688239876117e-03
7.423462146567413183e-03
7.547408923317608376e-03
7.664469975072986906e-03
7.774614478250754974e-03
7.877797430590085040e-03
7.973968085427782584e-03
8.063076655064140702e-03
8.145079594488603691e-03
8.219943697674793326e-03
8.287649187911949253e-03
8.348191950384236185e-03
8.401585032684148399e-03
8.447859522905880325e-03
8.487064902754156911e-03
8.519268963102481426e-03
8.544557360673275467e-03
8.563032886461045129e-03
8.574814508905756125e-03
8.580036247545051384e-03
8.578845925913652914e-03
8.571403845849619521e-03
8.557881419156842737e-03
8.538459786811029503e-03
8.513328450614369297e-03
8.482683937433160154e-03
8.446728511893103128e-03
8.405668949657633601e-03
8.359715380157723211e-03
8.309080204847406337e-03
8.253977094699610148e-03
8.194620068688538914e-03
8.131222653396301056e-03
8.063997122581401458e-03
7.993153814532003715e-03
7.918900524242676597e-03
7.841441966880545456e-03
7.760979308604325569e-03
7.677709760540208511e-03
7.591826231581794843e-03
7.503517035637337178e-03
7.412965648982395260e-03
7.320350513470652055e-03
7.225844881495544457e-03
7.129616698769882313e-03
7.031828521188538024e-03
6.932637462252509014e-03
6.832195167754556882e-03
6.730647814653130737e-03
6.628136131284885491e-03
6.524795436287336020e-03
6.420755693816243385e-03
6.316141582848828172e-03
6.211072578557616519e-03
6.105663043925933092e-03
6.000022329949301209e-03
5.894254882928903413e-03
5.788460357514817710e-03
5.682733734296831381e-03
5.577165440869345618e-03
5.471841475416514174e-03
5.366843531972611409e-03
5.262249126612491418e-03
5.158131723918486615e-03
5.054560863152928948e-03
4.951602283641119533e-03
4.849318048937701145e-03
4.747766669412237933e-03
4.647003222944067098e-03
4.547079473468772746e-03
4.448043987162644645e-03
4.349942246092237605e-03
4.252816759193159268e-03
4.156707170474042805e-03
4.061650364370263978e-03
3.967680568198198900e-03
3.874829451682739161e-03
3.783126223550585532e-03
3.692597725199509538e-03
3.603268521467965346e-03
3.515160988542990333e-03
3.428295399054861678e-03
3.342690004416161605e-03
3.258361114470804780e-03
3.175323174524230865e-03
3.093588839831296934e-03
3.013169047622003133e-03
2.934073086747339063e-03
2.856308665029954827e-03
2.779881974404545004e-03
2.704797753933116129e-03
2.631059350779899313e-03
2.558668779229060237e-03
2.487626777827049458e-03
2.417932864729052059e-03
2.349585391326639450e-03
2.282581594230854733e-03
2.216917645681977175e-03
2.152588702453809948e-03
2.089588953317319479e-03
2.027911665124468819e-03
1.967549227570045134e-03
1.908493196685345783e-03
1.850734337114355458e-03
1.794262663219305240e-03
1.739067479059230176e-03
1.685137417281775936e-03
1.632460476965238647e-03
1.581024060444831967e-03
1.530815009154096575e-03
1.481819638509716992e-03
1.434023771865275236e-03
1.387412773557034811e-03
1.341971581062637855e-03
1.297684736291333362e-03
1.254536416022600156e-03
1.212510461508110567e-03
1.171590407250496695e-03
1.131759508970933952e-03
1.093000770776220197e-03
1.055296971535115650e-03
1.018630690472568413e-03
9.829843319897485238e-04
9.483401497171932773e-04
9.146802698076556730e-04
8.819867134750749953e-04
8.502414187855735547e-04
8.194262617063379677e-04
7.895230764179991898e-04
7.605136748962530203e-04
7.323798657684187779e-04
7.051034724507840084e-04
6.786663505728275734e-04
6.530504046945653654e-04
6.282376043236813975e-04
6.042099992392544654e-04
5.809497341295124812e-04
5.584390625511393823e-04
5.366603602183414850e-04
5.155961376301005684e-04
4.952290520446215672e-04
4.755419188103370107e-04
4.565177220632841439e-04
4.381396248011575219e-04
4.203909783446997737e-04
4.032553311975542324e-04
3.867164373161245043e-04
3.707582638013119073e-04
3.553649980244378810e-04
3.405210541999703459e-04
3.262110794180190609e-04
3.124199591498698033e-04
2.991328222400592104e-04
2.863350453988390684e-04
2.740122572090097517e-04
2.621503416613643503e-04
2.507354412331043382e-04
2.397539595238099821e-04
2.291925634635507173e-04
2.190381851079358281e-04
2.092780230348531025e-04
1.998995433577674353e-04
1.908904803703819375e-04
1.822388368375159893e-04
1.739328839469510236e-04
1.659611609369823879e-04
1.583124744142560875e-04
1.509758973764439296e-04
1.439407679540881055e-04
1.371966878858388859e-04
1.307335207411402958e-04
1.245413899041832527e-04
1.186106763327744712e-04
1.129320161055195014e-04
1.074962977704842161e-04
1.022946595082403710e-04
9.731848612191629992e-05
9.255940586662400669e-05
8.800928713031053922e-05
8.366023497778329291e-05
7.950458756936636074e-05
7.553491246530529837e-05
7.174400282671745325e-05
6.812487352356280971e-05
6.467075715975042734e-05
6.137510002519851995e-05
5.823155798425707112e-05
5.523399230963373227e-05
5.237646547055705142e-05
4.965323688358549471e-05
4.705875863413722235e-05
4.458767117645433118e-05
4.223479901936438765e-05
3.999514640490037519e-05
3.786389298643622016e-05
3.583638951274101123e-05
3.390815352395264620e-05
3.207486506518924575e-05
3.033236242319519119e-05
2.867663789107319247e-05
2.710383356588704859e-05
2.561023718357489134e-05
2.419227799537912891e-05
2.284652268962224751e-05
2.156967136246513248e-05
2.035855354096091548e-05
1.921012426146611113e-05
1.812146020620720958e-05
1.708975590056370546e-05
1.611231997337640896e-05
1.518657148236264963e-05
1.431003630649477438e-05
1.348034360697711468e-05
1.269522235826286653e-05
1.195249795033237562e-05
1.125008886329062973e-05
1.058600341512851962e-05
9.958336583350993777e-06
9.365266900981815935e-06
8.805053427315329533e-06
8.276032793628405160e-06
7.776616323929092049e-06
7.305287230677987843e-06
6.860597885307498226e-06
6.441167163211220210e-06
6.045677862827324968e-06
5.672874198266171775e-06
5.321559364867385015e-06
4.990593177019804735e-06
4.678889777403851627e-06
4.385415416831222646e-06
4.109186303727122252e-06
3.849266522265732910e-06
3.604766018094804546e-06
3.374838650544047657e-06
3.158680310137009986e-06
2.955527100240452707e-06
2.764653581578739116e-06
2.585371078360302578e-06
2.417026044699868524e-06
2.258998490027309315e-06
2.110700462122969016e-06
1.971574586432409292e-06
1.841092660265358791e-06
1.718754300524876449e-06
1.604085643551626749e-06
1.496638095704321036e-06
1.395987133292961881e-06
1.301731150451304117e-06
1.213490353603820730e-06
1.130905701116657483e-06
1.053637886793812555e-06
9.813663658581031401e-07
9.137884220693380892e-07
8.506182746891168513e-07
7.915862239458489425e-07
7.364378337523283867e-07
6.849331503874856750e-07
6.368459559164442593e-07
5.919630551079252647e-07
5.500835946714793608e-07
5.110184136288857986e-07
4.745894236758575294e-07
4.406290184121162905e-07
4.089795103427355464e-07
3.794925945748390206e-07
3.520288381781598046e-07
3.264571941838800650e-07
3.026545392322194571e-07
2.805052339169493042e-07
2.599007048797619337e-07
2.407390477591571512e-07
2.229246501026902183e-07
2.063678333997773050e-07
1.909845134072031149e-07
1.766958779609057670e-07
1.634280815108929270e-07
1.511119556259634946e-07
1.396827347493679925e-07
1.290797965154094796e-07
1.192464159402758738e-07
1.101295328595081715e-07
1.016795319754596863e-07
9.385003492186948692e-08
8.659770377158344800e-08
7.988205542268730899e-08
7.366528634302349849e-08
6.791210715903481388e-08
6.258958659566087243e-08
5.766700429767874181e-08
5.311571208802926039e-08
4.890900322833625552e-08
4.502198926775268408e-08
4.143148408747109166e-08
3.811589476426693726e-08
3.505511889518245222e-08
3.223044802997751703e-08
2.962447689849354455e-08
2.722101809951588445e-08
2.500502197544502934e-08
2.296250136748398847e-08
2.108046100129657141e-08
1.934683121772866454e-08
1.775040584012013289e-08
1.628078390623981803e-08
1.492831507244529288e-08
1.368404847031436805e-08
1.253968480674925835e-08
1.148753153706394286e-08
1.052046091032495997e-08
9.631870736187373328e-09
8.815647699026090310e-09
8.066133067855258776e-09
7.378090666334616701e-09
6.746676955657036481e-09
6.167413104274135760e-09
5.636158933932434514e-09
5.149088596591575422e-09
4.702667913047370446e-09
4.293633237048653642e-09
3.918971770587977338e-09
3.575903217789698440e-09
3.261862715312998466e-09
2.974484940004570104e-09
2.711589318940467260e-09
2.471166286751135724e-09
2.251364494392506393e-09
2.050478935183973289e-09
1.866939907861286868e-09
1.699302766594564677e-09
1.546238410344504779e-09
1.406524459404974692e-09
1.279037057696447055e-09
1.162743294657256425e-09
1.056694157328921430e-09
9.600180182311340542e-10
8.719145943725741351e-10
7.916493561089203684e-10
7.185483560644483530e-10
6.519934418399796861e-10
5.914178296155680810e-10
5.363020097125884019e-10
4.861699698111774737e-10
4.405856979801118497e-10
3.991499594770311253e-10
3.614973176000201833e-10
3.272933876103396984e-10
2.962323018627901931e-10
2.680343716044443194e-10
2.424439365946899620e-10
2.192273802654062908e-10
1.981712985011934236e-10
1.790808192743712384e-10
1.617780570138777825e-10
1.461006846788612598e-10
1.319006203128647564e-10
1.190428315632814297e-10
1.074042188943695895e-10
9.687260614225818818e-11
8.734580234157440554e-11
7.873074666331699921e-11
7.094272132921867526e-11
6.390462951097012806e-11
5.754633474170699408e-11
5.180405340443156068e-11
4.661980031196531044e-11
4.194088001410072506e-11
3.771941834583019091e-11
3.391193917819090871e-11
3.047897016414759578e-11
2.738469231891610946e-11
2.459660780967906096e-11
2.208524354349345924e-11
1.982387983575249699e-11
1.778830122256227121e-11
1.595656848774860419e-11
1.430881295814206477e-11
1.282704554540750759e-11
1.149498690934248672e-11
1.029790637995787343e-11
9.222485050403284259e-12
8.256676775324856677e-12
7.389599686561478128e-12
6.611417837922687756e-12
5.913250151065908004e-12
5.287077853637277232e-12
4.725664012197771483e-12
4.222478797360031781e-12
3.771633833187764032e-12
3.367819380925267722e-12
3.006250571951967445e-12
2.682615936165428709e-12
2.393032764539200878e-12
2.134005328943345513e-12
1.902386480322934222e-12
1.695346755393854320e-12
1.510339153090050428e-12
1.345075484397848924e-12
1.197497481499495178e-12
1.065757448053682830e-12
9.481952425131309458e-13
8.433207056011976645e-13
7.497963089588319093e-13
6.664212661677994372e-13
5.921198239740477502e-13
5.259261833114153490e-13
4.669769467496877412e-13
4.144962997745224856e-13
3.677900926589165558e-13
3.262376337852661957e-13
2.892819625170191272e-13
2.564267620690462195e-13
2.272270863576643991e-13
2.012842413911273738e-13
1.782435340771320306e-13
1.577866705823727221e-13
1.396302922362785376e-13
1.235218706246070813e-13
1.092344380827172421e-13
9.656713119830274797e-14
8.533956972055595215e-14
7.539201915534335139e-14
6.658107164365808833e-14
5.877989510603604788e-14
5.187528144557417917e-14
4.576593348354005780e-14
4.036234360968457276e-14
3.558467707215778421e-14
3.136161787860134703e-14
2.763036870591686186e-14
2.433463386276892787e-14
2.142456553257433573e-14
1.885631488100887306e-14
1.659011920848510703e-14
1.459139073851561592e-14
1.282878578726894295e-14
1.127531262061864377e-14
9.906518064905714012e-15
8.700905179399957384e-15
7.639086092927615822e-15
6.704782407302581266e-15
5.882550890111964552e-15
5.159648791185603860e-15
4.523666291185855432e-15
3.964811226633533331e-15
3.473816715661287416e-15
3.042528911826848776e-15
2.663808564203064366e-15
2.331437340519972105e-15
2.039650556290199976e-15
1.784026491536573013e-15
1.559805410480077511e-15
1.363148504956576901e-15
1.190978752855505202e-15
1.040202448584309208e-15
9.081652270923405422e-16
7.925106298137976847e-16
6.911424309134564380e-16
6.027266099383711817e-16
5.255463659723272662e-16
4.580508959611474906e-16
3.986209331830153321e-16
3.473146641975252937e-16
3.021757973363715413e-16
2.628559060833877875e-16
2.286507304222028378e-16
1.987127204553255909e-16
1.726206564242559353e-16
1.500167569503688677e-16
1.303019507310590069e-16
1.127421213169203737e-16
9.797261356555991033e-17
8.490335545777292300e-17
7.358475088449457413e-17
6.370409979721967418e-17
5.510100305900578484e-17
4.794223836784692220e-17
4.141060068466556283e-17
3.583945725358584805e-17
3.104993373651336281e-17
2.677468495918584606e-17
2.318979813718601512e-17
2.009921103464499383e-17
1.740983705922779081e-17
1.497358842344197864e-17
1.303313083172009376e-17
1.141721604225300275e-17
9.812490148411697220e-18
8.496728832487876730e-18
7.221862631099358521e-18
6.251707058896356026e-18
5.398868319088536224e-18
4.750055974935567682e-18
4.044158791193379827e-18
3.478609461542306823e-18
3.045048436470769670e-18
2.511107622149882145e-18
1.985771011397398573e-18
2.121522802236894944e-18
1.667545001441234403e-18
1.356163756026880494e-18
1.241860621102961141e-18
1.123445401070671672e-18
9.450470824835508105e-19
9.022618300742271322e-19
7.469206426114084874e-19
5.785881367874013183e-19
5.081873025253244082e-19
4.154682169040763980e-19
2.670650391202334523e-19
2.595394027444195404e-19
3.495888335856539220e-19
2.825148860548963307e-19
2.435906123478406982e-19
1.698890922434149266e-19
2.524692094348308140e-19
1.838806325411365390e-19
1.552191796032389900e-19
1.599969591619001247e-19
1.966883268250197471e-19
1.515733122145987584e-19
6.845180010898015398e-20
3.379673413890793334e-19
1.861866984561297997e-19
1.499244354116529925e-19
2.059247033499884357e-19
1.931960431654964167e-19
9.911789099931462854e-20
7.723095791442667836e-20
9.285681396778604321e-20
7.292856291845782061e-20
6.623333471615607695e-20
1.301367036479937662e-19
1.207310426601759319e-19
2.065529475471919660e-19
8.619074060578793001e-20
1.540603432288486214e-19
1.234068439331928285e-19
7.224266167972828781e-20
6.123498005778530129e-20
5.833555764009337379e-20
5.706221898361909130e-20
1.898129385408327844e-19
1.503818206320032930e-19
7.627546683448380379e-20
2.387260843234249059e-19
9.428597597316719233e-20
8.731681922130353764e-20
2.204261920278867427e-19
1.359386217463406239e-19
1.860437197861553881e-19
1.526198184812387328e-19
0.000000000000000000e+00
1.017567844182978021e-19
1.358800758109760904e-19
3.181522749872052382e-20
1.470299758545698807e-19
2.340649270956826541e-19
5.178932726399818489e-20
1.799959119101623132e-20
7.892568663396846361e-20
6.549493637422816456e-20
1.952008498497600139e-19
2.657867680012485224e-19
5.811837852708424350e-20
0.000000000000000000e+00
1.015514506800216816e-19
9.204312166274597671e-20
1.798246916349343313e-19
1.299908998092334035e-19
7.210529562567979539e-20
8.639252845492074451e-20
6.738353297829151679e-20
1.293487053661310496e-19
7.495293582770975189e-20
1.916808280022144099e-20
1.006125967482730363e-19
1.345393660704769704e-19
0.000000000000000000e+00
1.119458481792227125e-20
9.788065800011092746e-20
2.066636251882009754e-20
1.424993689059636150e-19
7.282871556863838182e-20
0.000000000000000000e+00
2.874837508937872172e-20
2.709799318982596889e-20
3.627095991125530563e-21
0.000000000000000000e+00
9.043151309210260649e-20
5.706128500534392948e-20
5.008598389601712551e-20
1.371307654137309782e-19
6.405460076525647289e-20
0.000000000000000000e+00
1.098658299423447745e-19
5.798077657195136651e-20
4.739977353401714759e-20
1.338977590990584362e-19
1.459803884989878414e-19
6.297666323248643993e-20
2.986384160424439578e-21
4.058699685574857452e-20
1.534645787732609651e-19
1.298098336742145136e-19
0.000000000000000000e+00
8.558349954081618688e-20
5.006992739293023334e-20
2.659240834302558290e-19
8.314770646623757078e-20
2.066638182003616925e-19
5.139762908037865777e-20
6.162259581549589112e-23
1.741052954699948567e-19
5.870397778622243886e-22
4.270337818709416561e-20
1.102808346501704656e-19
1.003414202894901702e-19
9.834398774730014546e-20
1.426423618918463856e-19
2.845284920949023484e-19
2.220069712803484103e-19
7.891267890952657354e-20
0.000000000000000000e+00
2.756897751992625502e-23
2.213680897905625833e-19
1.454637827246034071e-19
1.113679271868053563e-19
2.389371602606685080e-19
3.937821789039020332e-20
1.855534666131042559e-19
9.397380207847760768e-20
1.718978177902346590e-19
0.000000000000000000e+00
9.525517881398488765e-20
8.278098436989247687e-20
5.895902193621124255e-20
9.402948804522128825e-21
4.830868574853478749e-20
2.293137710465571689e-19
1.717182359327467151e-19
2.931013722442827730e-20
7.439040739209499454e-21
1.374524123917360586e-19
0.000000000000000000e+00
0.000000000000000000e+00
1.804980923458460671e-19
1.584941882847886332e-19
0.000000000000000000e+00
9.304582428366710980e-20
1.468331591288650122e-19
1.113828963765933238e-19
1.656425879048908111e-20
0.000000000000000000e+00
4.546195900109329458e-20
2.262678739795354146e-19
7.848226209962620802e-20
1.435944721836172428e-19
6.167550855145895898e-20
5.118287027519177152e-20
9.340251772982419112e-20
5.236087683909446148e-20
7.052107977108869507e-20
9.598787353396921681e-20
1.184989338481386663e-19
1.032461267963808333e-19
1.126753556415086976e-20
0.000000000000000000e+00
4.160535126221226735e-20
4.359512576669018907e-20
8.777862991606056272e-20
1.836473014787537499e-19
8.811343342068649667e-20
5.139809604630320969e-20
1.333594079256194088e-19
1.685868585927699504e-19
1.911628652844350850e-20
4.254052849545106966e-20
6.471913416985452846e-20
1.129152390579394836e-19
7.581582470986590060e-20
9.246446352259320787e-20
9.425222021924865666e-20
0.000000000000000000e+00
0.000000000000000000e+00
8.178691704525500805e-20
1.129992869412438474e-19
5.151118995299155836e-20
6.360725943652903913e-20
4.329779619188177609e-20
2.395915801164482559e-19
7.021846462179245070e-20
2.235363064083872270e-20
1.259510566219707647e-19
1.635246420937815298e-19
5.881894129651442930e-20
4.263811479282892090e-20
1.954231398426079851e-19
1.883226775765915622e-20
0.000000000000000000e+00
2.367004642921997204e-19
9.182118090243243909e-20
4.902088083041297406e-20
1.527638085961150749e-19
1.687514713511636291e-19
1.498505907585311764e-19
5.837754012694721656e-20
4.456691933100113620e-20
1.087516435377760313e-19
1.855805105807925265e-19
1.975681588787049885e-19
2.228068577789075897e-19
2.278345431062932576e-19
2.936752178067533855e-20
4.671342229349736601e-20
1.577391795117872869e-19
1.867542409668086414e-20
2.457498237013369363e-19
3.228867135894018643e-20
1.372279308519196354e-19
0.000000000000000000e+00
1.791143227415166478e-19
2.231528761680463083e-19
1.641293899796818142e-19
2.266757486346713055e-20
1.377385696780583096e-19
1.072941832571154450e-19
1.478093494556799907e-19
2.430333380624193033e-19
1.464434257313538861e-19
1.561657780635229624e-19
6.824053106816794961e-20
5.557639356722386706e-20
5.314428868442188073e-20
5.231623253771466247e-20
1.185697906591752164e-19
0.000000000000000000e+00
1.153019928418949344e-19
6.016618274829267055e-20
1.854251659600022041e-19
0.000000000000000000e+00
3.886979757286712044e-21
1.126039734028827958e-19
5.773164533840408861e-20
9.400204955008005472e-20
0.000000000000000000e+00
6.660371108590448396e-20
4.926356647334376727e-20
4.568744586905862643e-20
6.667610017399722207e-20
4.722819789622143628e-20
1.993626051510638841e-19
1.999859909331187547e-20
4.249850490148676783e-20
0.000000000000000000e+00
2.165527695950192426e-19
2.027723645848346976e-20
6.317410021688998657e-20
1.105178489418424641e-19
1.833425966050517780e-19
1.513681932680762283e-20
1.732184766357447446e-19
1.440533283369516274e-19
1.880431887371694518e-19
0.000000000000000000e+00
1.067073489399972952e-19
4.946208239171796440e-20
6.356512893934525456e-20
0.000000000000000000e+00
3.678707732656949276e-20
2.828749715473598408e-19
7.124848737063122970e-20
8.886607470579717921e-20
4.576998838995875468e-20
0.000000000000000000e+00
5.803865391776239508e-20
0.000000000000000000e+00
1.907860407978541621e-19
5.710759570406298407e-20
8.456845258505906146e-20
1.765671820093881548e-19
2.111836709183522550e-19
6.095892091458239817e-20
6.390605756367289349e-20
6.399084230916682443e-20
4.146508726419264653e-20
0.000000000000000000e+00
3.435917680926595948e-20
3.548946772886507063e-20
1.464751886135178092e-19
9.405079471282305514e-20
1.297539570055024094e-19
9.189436031887666190e-20
1.095217968206478733e-19
4.515078557382862804e-20
1.924219031711671540e-19
1.666810080808365333e-19
5.327416200139642156e-20
1.056048483223865943e-19
2.011354563071683633e-19
0.000000000000000000e+00
5.884342527330238895e-20
8.430953889325974412e-20
4.228738576509179803e-20
2.373698321230927212e-19
1.700812464928730078e-20
0.000000000000000000e+00
3.409852640242263735e-20
3.515463281592196281e-20
0.000000000000000000e+00
1.435565184831160000e-19
1.366826650587251216e-19
0.000000000000000000e+00
7.787237440434049335e-20
0.000000000000000000e+00
3.167004312190290911e-20
0.000000000000000000e+00
5.209559778581305789e-20
0.000000000000000000e+00
9.577120905846135587e-20
3.811315508990206274e-20
0.000000000000000000e+00
9.427703573763793487e-20
3.656299556669902097e-20
2.928372979220773007e-20
4.994716009094158842e-20
0.000000000000000000e+00
9.213584272760452851e-20
3.411434252088935808e-20
1.159980020095442776e-19
0.000000000000000000e+00
0.000000000000000000e+00
1.792790063009858939e-19
4.290140112800699272e-20
9.434301440312270168e-20
1.223851059525225992e-19
1.034560210775577706e-19
0.000000000000000000e+00
1.361168002905608521e-19
3.825687872565770979e-20
0.000000000000000000e+00
6.830642114830267160e-20
2.958503352342861060e-20
0.000000000000000000e+00
2.268642882733954600e-20
2.320178180417780712e-20
1.342313512622155703e-19
1.248631669746986139e-19
1.244629230602492721e-19
0.000000000000000000e+00
1.572451761876252608e-19
0.000000000000000000e+00
0.000000000000000000e+00
2.233168105040139263e-20
1.343205181455934873e-19
3.580075071548847909e-20
0.000000000000000000e+00
0.000000000000000000e+00
0.000000000000000000e+00
1.096607345837044463e-19
0.000000000000000000e+00
2.131725696455968086e-20
2.109716692235938260e-20
2.061261239273056490e-20
1.315458206055510089e-19
3.257358401661049342e-20
6.659041315909011962e-20
2.034709902713766106e-19
1.497969688422510582e-19
5.852406783124822331e-20
7.134275807272930087e-20
2.744860432532547343e-20
8.944574626443272134e-20
1.185813590187579107e-19
3.293833282516689376e-20
1.130575642737451638e-19
5.462465685649989021e-20
2.694519006682470649e-20
2.237571711829373957e-19
3.120573639912877262e-19
1.900917003401400007e-19
7.214024671219923056e-22
2.740048171886644546e-20
7.154223238891602055e-20
1.652515550236473070e-19
6.443583869023377846e-20
1.441591645732483504e-19
1.077231500697260274e-19
6.021251563996693639e-20
2.113888108896449047e-19
0.000000000000000000e+00
9.709827588199033532e-20
0.000000000000000000e+00
5.132137953673318066e-20
3.231648982782049379e-20
0.000000000000000000e+00
1.165647134802193827e-19
0.000000000000000000e+00
1.392676927938437298e-19
1.735788304011331185e-19
1.778293679569418295e-19
2.013320370512433515e-19
2.714112425966028075e-19
1.230721325000577871e-20
3.323170293716223219e-20
2.327871874222436803e-19
8.183463212023168252e-21
1.445767274369952100e-19
4.441342600656285226e-20
3.466045202155046475e-20
5.525391932250190208e-20
1.909602546218053322e-19
1.153726525776187415e-19
0.000000000000000000e+00
1.212237365309794796e-19
0.000000000000000000e+00
1.649406450371334510e-19
1.342580634490685602e-19
2.191855588533549534e-19
5.149919763568910865e-20
0.000000000000000000e+00
0.000000000000000000e+00
1.194325897454936890e-19
4.005687675585495445e-20
1.216715441807975295e-19
8.449869676381301288e-20
5.886499379228873675e-20
0.000000000000000000e+00
7.373946993871489111e-20
5.429824234715931612e-20
1.879413714759285027e-19
4.452355943088049653e-20
1.650294178962154272e-19
2.204237502514702691e-19
1.375495716681742186e-19
1.082339915101567674e-19
2.837922664931746772e-19
0.000000000000000000e+00
1.440613417542371023e-19
1.985775113780731343e-19
1.376574283756544711e-19
1.326916690761008978e-19
6.546406174240601578e-20
1.264265232722114667e-19
1.091984789883582647e-19
0.000000000000000000e+00
2.555261548227091088e-19
1.655105388303539416e-19
3.044365813506272827e-21
1.679285230612624742e-19
3.362665644773814473e-19
6.342840517961741393e-20
1.737367192496712796e-19
1.382284494171161720e-19
1.357089236299016646e-19
1.356116446302812239e-19
4.666731806242266309e-20
2.168068364543011485e-19
9.811133108661244749e-20
4.390166192397798897e-20
1.943066236060342853e-19
0.000000000000000000e+00
0.000000000000000000e+00
2.355105833795194156e-19
5.396458984201816247e-20
2.393943704151704199e-19
0.000000000000000000e+00
2.372128475760011169e-19
5.423125395028763291e-20
1.727520826270034527e-19
7.087048894250434765e-20
3.746159873313378878e-19
8.890224646482227574e-20
2.190013566924418252e-20
0.000000000000000000e+00
0.000000000000000000e+00
3.430299827023815893e-20
3.492234319802861698e-20
3.427474746300078541e-20
2.116826973373105423e-19
2.598923880882045817e-20
5.532257091961027194e-20
0.000000000000000000e+00
0.000000000000000000e+00
2.910171925598813966e-20
9.611052422611377515e-20
7.907564653062823724e-20
3.276178209913233524e-20
2.826518991397517458e-20
2.694914461951040132e-20
2.604478873356362910e-20
1.588798334266207031e-19
1.026362133494682340e-19
1.432730513690929868e-19
0.000000000000000000e+00
1.359037420656697647e-19
1.001765212401023997e-19
2.091636848641073465e-19
1.733959451668982238e-19
6.004470380324147695e-20
1.180528228448956565e-19
9.963413540050754772e-20
3.177582653815160534e-20
1.150245357753762748e-19
3.210249703032169475e-20
2.707011031080101855e-19
2.673736392664634200e-19
4.628892976615164676e-20
5.161563541780305979e-20
5.121738055803175364e-20
7.318013618509799557e-20
1.412498431885169587e-19
0.000000000000000000e+00
0.000000000000000000e+00
2.249300784841403668e-19
0.000000000000000000e+00
0.000000000000000000e+00
9.087563418719372990e-20
0.000000000000000000e+00
4.023852703322587050e-19
5.356261240473879677e-20
5.145021444889075934e-20
2.781643716982481770e-20
2.524994163245574739e-20
1.136028111579181165e-19
3.091781350099200508e-20
1.362132283268158966e-19
3.239485332997434306e-20
0.000000000000000000e+00
2.238508815775878463e-20
0.000000000000000000e+00
2.102163025041911846e-20
8.787895728472032033e-20
1.149186412606256479e-19
7.233609596271361866e-20
2.465004808189507474e-20
6.518846074632092475e-20
2.300773796284802238e-20
0.000000000000000000e+00
1.295051917572272012e-19
2.651739382408092652e-20
8.608958982790319764e-20
0.000000000000000000e+00
3.980097091535771497e-20
1.304387299839381869e-19
1.367588294821861136e-19
2.639603954014601805e-20
0.000000000000000000e+00
1.278689808731042918e-19
1.360784738644227230e-19
2.264853658342957977e-19
1.888895558325484752e-19
0.000000000000000000e+00
1.308111164535868253e-19
2.051337538725790292e-19
1.443171158492054277e-19
1.634525132606753982e-19
3.136380493451555064e-20
8.935379688890003142e-20
9.302214972384363463e-20
1.158680209322004892e-19
0.000000000000000000e+00
2.140944707477392331e-20
1.325762556938979009e-19
0.000000000000000000e+00
2.093167010415775654e-20
6.510175602928427214e-20
1.568241008146626298e-19
2.077403030662067110e-19
3.374355874832993201e-20
0.000000000000000000e+00
8.686455936766819943e-20
2.479373814978252649e-20
2.055187539002483828e-20
1.978558201012348090e-19
3.125361172748843893e-20
1.324583672484796719e-19
0.000000000000000000e+00
0.000000000000000000e+00
4.060528075342262003e-20
8.688524135826154259e-20
2.286276638818023372e-20
2.858248469393776955e-19
3.539852461475368201e-20
2.066261673104616199e-20
1.857333512134489046e-20
4.015407705791930718e-20
1.082206987235414763e-19
0.000000000000000000e+00
1.707854317329258204e-20
1.660206271071787760e-20
6.062830203082212648e-20
4.073533214257589813e-20
3.961279480344131677e-20
6.146426085395250048e-20
3.882925507292280988e-20
0.000000000000000000e+00
1.375129026726213511e-20
1.025710220774409921e-19
1.866157311351394691e-20
5.823377480450948358e-20
1.937619825894985189e-19
1.799956368747329788e-19
1.134486830994323437e-19
1.948362083401381322e-20
5.923645472642469769e-20
1.661861609075711684e-20
1.699737344067158064e-19
1.122916499717627129e-19
6.394855341799140288e-20
6.211388498519063597e-20
1.730380110519242551e-20
1.450378046159094964e-20
1.388848837393663607e-20
8.033024676942933799e-20
1.733127951833087266e-20
1.360169045879272597e-20
0.000000000000000000e+00
3.429122350843676473e-20
0.000000000000000000e+00
1.005453496910829350e-19
5.986981220082261817e-20
1.256746069826122118e-19
1.811592479946870143e-20
0.000000000000000000e+00
1.087355888786180661e-20
1.070177737268160612e-20
1.440335349128239570e-19
1.779808917176695583e-20
1.226703438027892002e-19
2.618717259472607885e-19
9.222698471842872056e-20
1.734728043245188816e-20
1.017806290423622809e-19
1.061426075771012501e-19
1.778819707449373256e-20
0.000000000000000000e+00
3.425518760803277207e-20
0.000000000000000000e+00
5.613994972498099873e-20
8.077955506183685292e-20
1.553113543709863654e-20
1.010304169121232916e-19
1.617234246561516311e-20
1.009945752601276825e-19
8.179912039641500028e-20
1.536891154729168142e-20
1.170030464103770487e-20
1.101633189397004856e-20
1.063873360753669887e-20
3.256981171971407193e-20
1.135040798504641080e-20
7.670683250240956113e-20
1.312565715759748451e-20
0.000000000000000000e+00
7.573358560379738808e-20
1.237895453522211838e-19
1.265195813557090696e-19
0.000000000000000000e+00
5.436600005010511354e-20
1.162906129297806221e-20
9.475204853250632381e-21
3.128814067238162386e-20
1.882962761523168672e-19
1.515829770176042217e-19
1.713913152630183027e-20
1.069189591161724305e-20
1.880302289096990684e-19
4.084876966705927398e-20
1.250487940373300644e-20
7.732160415199279758e-20
1.249490522157052956e-19
1.275851991068306202e-19
8.367970047355830695e-20
0.000000000000000000e+00
3.350308334907048816e-20
1.224847234868256716e-20
7.777268712332413327e-20
0.000000000000000000e+00
7.743135169294381209e-20
1.367230467116552345e-20
0.000000000000000000e+00
9.800162482450509110e-21
9.628984680598633558e-21
5.385184542652727965e-20
0.000000000000000000e+00
8.773763908266897014e-21
8.443940249453722398e-21
1.417554799555473293e-19
1.305406671540232632e-20
9.763845899166936499e-20
1.195167051267989139e-20
0.000000000000000000e+00
5.205348400940886455e-20
3.164593617147593885e-20
9.778224866333910830e-20
0.000000000000000000e+00
7.502578212652879970e-21
1.407697865020085257e-19
5.743944890773004282e-20
1.880976532687460275e-19
1.560753982694225625e-20
0.000000000000000000e+00
7.464532009930081514e-20
2.558517439868206816e-19
1.749706581732268625e-19
0.000000000000000000e+00
1.008281242160887267e-20
1.209773411108568931e-19
1.925116698245089900e-19
1.796504093874700420e-20
1.449691725169385493e-19
1.276096026202162176e-19
1.624212048053693740e-20
1.231626828098512380e-19
1.591858942481619828e-20
2.569067859356998465e-19
8.839698999806699033e-20
0.000000000000000000e+00
0.000000000000000000e+00
5.624673867852471315e-20
1.342688974378315973e-20
0.000000000000000000e+00
5.542861227620688685e-20
1.238704965117797366e-19
0.000000000000000000e+00
0.000000000000000000e+00
1.003494174344884223e-20
0.000000000000000000e+00
1.651287486076305699e-19
1.042992550691160331e-19
1.025409359516408137e-19
5.789482943477775114e-20
5.621446896585127296e-20
2.119048178861173751e-19
1.739843770134857420e-20
5.533289133108153000e-20
1.159744602785425726e-20
1.212522881546333625e-19
0.000000000000000000e+00
1.433938360918126871e-19
1.480363265681945207e-19
5.965355143674792420e-20
5.667400852781428150e-20
1.899778326554603566e-19
1.503019718572980044e-19
1.719019232587179778e-19
3.936509747376015967e-20
1.280892202492889249e-20
1.226810283016256708e-19
1.497963037411974937e-20
0.000000000000000000e+00
2.110405823217177254e-19
1.734892583010173446e-19
1.285423363338150758e-19
1.589997364737965085e-20
7.878118121291039494e-20
1.371168148312771848e-20
3.366762968322845703e-20
5.630226012016804563e-20
1.235371452472789830e-19
3.663491918294229308e-20
7.850536814249113858e-20
0.000000000000000000e+00
1.004188412842915466e-20
9.605289812505182425e-21
0.000000000000000000e+00
5.312691557791355777e-20
0.000000000000000000e+00
7.976917098404182461e-21
2.748996043736858018e-19
1.597276432613178279e-20
0.000000000000000000e+00
1.190037001294942685e-19
2.783214619588556550e-19
1.724166470753035599e-19
0.000000000000000000e+00
9.202805728472116410e-21
1.200993638027737198e-19
0.000000000000000000e+00
5.326877591960627059e-20
0.000000000000000000e+00
1.417836608971444918e-19
3.357654450748968258e-20
9.817023476604016641e-20
1.213745735696606380e-19
1.136832823382959574e-20
1.418841990103572744e-19
1.001646471606464973e-19
1.074887489678708240e-20
0.000000000000000000e+00
7.479759694247068495e-21
5.177818997528115470e-20
5.275154041174856132e-20
1.640894198706322204e-19
1.003828808528746127e-19
1.435816271286593161e-19
1.115492443390650131e-20
1.190982742469167587e-19
0.000000000000000000e+00
7.423457458306136871e-21
2.743777026448436982e-19
8.102753748612508247e-20
2.105858090977050298e-19
3.566290652371873540e-20
9.398518295157687984e-21
0.000000000000000000e+00
7.714703748155661267e-21
7.482931176795583923e-21
7.147661153241140777e-21
2.906676848213301740e-20
1.185106104487052041e-19
0.000000000000000000e+00
9.549890744213792135e-20
3.053185582295153943e-20
0.000000000000000000e+00
5.736518609240050266e-21
0.000000000000000000e+00
7.187926421632028942e-20
2.293099193915507478e-19
1.664222524339406051e-19
0.000000000000000000e+00
6.043189717617502081e-21
0.000000000000000000e+00
7.214123632722080798e-20
2.906208544882871492e-20
5.043350529730223231e-20
6.098539474378509885e-21
0.000000000000000000e+00
2.686227221947452299e-20
2.054738423315156131e-19
8.923905535158269742e-21
2.278742330155814763e-19
9.184144788530109898e-21
0.000000000000000000e+00
7.173698825800467680e-20
7.309796485413433315e-20
6.406160006149796241e-21
4.914931213775803357e-21
7.141404688611199244e-20
5.838598339717974784e-21
4.449850712786878630e-21
0.000000000000000000e+00
2.608626679301837239e-20
0.000000000000000000e+00
3.439885347566475524e-21
4.775122148758575635e-20
2.616097894388506945e-20
2.040135310063110710e-19
3.411259508257320284e-19
5.498479314403560022e-20
2.778705081421833788e-20
4.967480010354013415e-20
5.404150022840170371e-21
0.000000000000000000e+00
0.000000000000000000e+00
4.026434123468745439e-21
4.838668755753216656e-20
4.437724447216010254e-21
4.812392470201029104e-20
4.114484206974091783e-21
3.260117926534507492e-21
4.754541385879527611e-20
2.263625666102543352e-19
1.181835449557197294e-19
0.000000000000000000e+00
1.150593081102841102e-19
1.167875534532645196e-19
0.000000000000000000e+00
9.306802169777698709e-20
5.229207474295875066e-21
4.847044325659592787e-20
2.666082439882460928e-20
2.632510179851995499e-20
2.617808187212863811e-20
3.762039356977660250e-21
3.203051631181835689e-21
0.000000000000000000e+00
1.140957748456165846e-19
4.264088504263379022e-21
2.769609710524220396e-21
2.476119030705045352e-20
0.000000000000000000e+00
2.185109327597848257e-21
2.427733041204632318e-20
0.000000000000000000e+00
1.354188891300444905e-19
1.149149671041735006e-19
3.596647780644768220e-21
1.136119375925557773e-19
0.000000000000000000e+00
2.311813053490281582e-21
0.000000000000000000e+00
0.000000000000000000e+00
1.577835640334507701e-19
9.288781524053343717e-20
4.788599342237904918e-20
1.142455088076308224e-19
0.000000000000000000e+00
0.000000000000000000e+00
1.136809747081330878e-19
3.533625639342827824e-21
2.402101421974129777e-21
2.179746863048204223e-21
2.010239365634454015e-21
2.411870928954113869e-20
2.693101549005606737e-19
4.655333960035253757e-21
2.371018011343776903e-21
2.102683419322645178e-21
1.356257894891981455e-19
4.780801915167115248e-20
9.169043109733835333e-20
4.753227741450391058e-20
2.489830164798053010e-20
2.465127698223187468e-20
2.270274073142004765e-21
1.133057627302002621e-19
9.194108048897930904e-20
9.188689572356172128e-20
6.948374343052093397e-20
0.000000000000000000e+00
2.430120899614766790e-20
0.000000000000000000e+00
2.690742630807264121e-19
4.844117087404585703e-20
2.561373359215391332e-21
9.117963060398488572e-20
1.808454398687052568e-19
3.403626761312613138e-21
2.027661975699244169e-19
0.000000000000000000e+00
0.000000000000000000e+00
0.000000000000000000e+00
1.132881417161096275e-19
2.497185430168632597e-21
1.765091062114950421e-21
0.000000000000000000e+00
1.331947829423961618e-21
0.000000000000000000e+00
1.123656018377870348e-19
9.063918741585241973e-20
1.127694208279466786e-19
1.649962376001228511e-21
4.567311978738194670e-20
1.232078941195840660e-21
0.000000000000000000e+00
0.000000000000000000e+00
0.000000000000000000e+00
5.808085446274018659e-22
8.959253949073898166e-20
2.309316388856222751e-20
1.342832769606443058e-19
0.000000000000000000e+00
6.591276005560563439e-22
1.119628836937670391e-19
0.000000000000000000e+00
1.565574270654250962e-19
2.238795068542874238e-19
1.497486619643282854e-21
1.346451256536305193e-19
1.263832629319981301e-21
1.122891134774916176e-19
4.561608808511257424e-20
8.653584773033836422e-22
6.411637527992282229e-22
4.504352874201401643e-20
1.341305623396661673e-19
5.484899656185924070e-22
4.490493168508092876e-20
3.001306936784280973e-22
2.246981489095612798e-20
1.561100064764047299e-19
3.056634104675468973e-22
1.594364737203318108e-22
8.919974780295271022e-20
9.408471214263179822e-23
9.549553451274753737e-24
1.447610784869605499e-24
1.430702312774499488e-25
1.972287957124207988e-26
2.627364342878302218e-27
3.328255505769404586e-28
3.825417820286116175e-29
3.818764568886944411e-30
3.455139991880330911e-31
3.098291781551622175e-32
3.021348881236884197e-33
3.298509678579913402e-34
3.909109585975894920e-35
4.802551697090700462e-36
5.927894718937532131e-37
7.289976983368501126e-38
8.950335905774889146e-39
1.083206603723042627e-39
1.273397087611108129e-40
1.442753167017476339e-41
1.580050585637206473e-42
1.690740005697822797e-43
1.791076153637086641e-44
1.898368907558247413e-45
2.024379116557366785e-46
2.174209250962376552e-47
2.348841764993289735e-48
2.548079425926916237e-49
2.771744164539415623e-50
3.018996496179761044e-51
3.287259128070982395e-52
3.572820453539506294e-53
3.874359083159110352e-54
4.198577055989401906e-55
4.565114447242846171e-56
5.007528682224175880e-57
5.568746733020957046e-58
6.291946978735311118e-59
7.209811047547115110e-60
8.335790105521134922e-61
9.660553979256692432e-62
1.115538568665680442e-62
1.278210074252067304e-63
1.450657775217550007e-64
1.631125443647445956e-65
1.820214070717783630e-66
2.020833345196934304e-67
2.237561884509908359e-68
2.475854849284545802e-69
2.741568892836372538e-70
3.041029193145384943e-71
3.381486657223092603e-72
3.771544339456025481e-73
4.221153035796016124e-74
4.741085770005163019e-75
5.342204214508322714e-76
6.035059750054102743e-77
6.830263494142964707e-78
7.739658577305480163e-79
8.777857399383082032e-80
9.963426205411128047e-81
1.131905539260617411e-81
1.287041486608445118e-82
1.464389337452809405e-83
1.666385980288223421e-84
1.895031735333724390e-85
2.151778980029604033e-86
2.437600061928193800e-87
2.753245536630996967e-88
3.099653517012254815e-89
3.478430711949484586e-90
3.892310452276621195e-91
4.345510855190401869e-92
4.843962672500930081e-93
5.395432466390053761e-94
6.009605510605090742e-95
6.698191049274601789e-96
7.475063619222661855e-97
8.356374496094436459e-98
9.360492697014764568e-99
1.050760691954997853e-99
1.181886783227452956e-100
1.331507697754584859e-101
1.501510485169294638e-102
1.693439186850141010e-103
1.908398882937718758e-104
2.147057784386895897e-105
2.409776082834150688e-106
2.696863107362982476e-107
3.008931100253772558e-108
3.347282593301899886e-109
3.714247150257198163e-110
4.113378523870529862e-111
4.549438118136123384e-112
5.028124141029956484e-113
5.555553320337891141e-114
6.137555961014073477e-115
6.778896132527902994e-116
7.482567135933308423e-117
8.249329282186327296e-118
9.077645929417491676e-119
9.964131967466066010e-120
1.090455880090188141e-120
1.189536933761454090e-121
1.293555886994115577e-122
1.402869017160143424e-123
1.518475179208969233e-124
1.642155305004371865e-125
1.776538710078200557e-126
1.925078520273166442e-127
2.091932120783988736e-128
2.281758607896151984e-129
2.499461174374549140e-130
2.749915303072455880e-131
3.037730940211180585e-132
3.367096571410993586e-133
3.741744583856579146e-134
4.165061121982021481e-135
4.640341921086856963e-136
5.171171647179200266e-137
5.761882171392248214e-138
6.418029181852732096e-139
7.146820172475597635e-140
7.957432354533117299e-141
8.861176651552766122e-142
9.871491648816383292e-143
1.100378504884753798e-143
1.227517418561432897e-144
1.370420529178511067e-145
1.531064800333133509e-146
1.711546343135415492e-147
1.914103025689506071e-148
2.141168612632970497e-149
2.395460642009253865e-150
2.680100633328558043e-151
2.998762247058895467e-152
3.355841256343402755e-153
3.756640901390413964e-154
4.207567214305466159e-155
4.716330650449212869e-156
5.292151962613144154e-157
5.945970736540538278e-158
6.690653580277713031e-159
7.541195283192361710e-160
8.514900637306556262e-161
9.631528063903907483e-162
1.091337035534964568e-162
1.238524473897171570e-163
1.407436610700450578e-164
1.601008521796310746e-165
1.822348872734085794e-166
2.074687971764662854e-167
2.361318441965060065e-168
2.685536034064393665e-169
3.050590940290684915e-170
3.459662273304558932e-171
3.915869708453438620e-172
4.422336253507339234e-173
4.982314396816520825e-174
5.599384322359474893e-175
6.277727491414161056e-176
7.022471938810528860e-177
7.840097654322121718e-178
8.738882237427863438e-179
9.729359701250287701e-180
1.082476010902936795e-180
1.204139594567227432e-181
1.339896390794136253e-182
1.492073893437707561e-183
1.663365101441093703e-184
1.856825409221473426e-185
2.075861884488941601e-186
2.324220506187735410e-187
2.605979188485065036e-188
2.925556196403622568e-189
3.287744528226448685e-190
3.697782702486085750e-191
4.161470931813860086e-192
4.685338806800878692e-193
5.276866421104518123e-194
5.944755586331073679e-195
6.699241821819476460e-196
7.552431715916522673e-197
8.518644701357241189e-198
9.614733974075078571e-199
1.086035889503557569e-199
1.227818133222042491e-200
1.389396143431374843e-201
1.573653444864851669e-202
1.783765928477206542e-203
2.023174115058717671e-204
2.295544401377623800e-205
2.604722286404021083e-206
2.954681957233600001e-207
3.349477826172047725e-208
3.793204523067881877e-209
4.289972343876676808e-210
4.843905144164467198e-211
5.459167083193058911e-212
6.140023446763997177e-213
6.890939023013455295e-214
7.716715235210465282e-215
8.622664551204683626e-216
9.614817731514766398e-217
1.070015642381521590e-217
1.188686066837149373e-218
1.318455827880692436e-219
1.460456105259586082e-220
1.616007159510809748e-221
1.786634444392225421e-222
1.974078635396581660e-223
2.180298318577135198e-224
2.407464488107128932e-225
2.657946545905649199e-226
2.934290165107752800e-227
3.239188141795988280e-228
3.575446175764595544e-229
3.945946341914213876e-230
4.353611784730433798e-231
4.801376833968452715e-232
5.292167248949607495e-233
5.828895609244674890e-234
6.414476951133206854e-235
7.051869587999625151e-236
7.744145652335239714e-237
8.494595279271618393e-238
9.306867556699065921e-239
1.018515045195163365e-239
1.113439096117421357e-240
1.216055579723565662e-241
1.327093212389293042e-242
1.447446724570192622e-243
1.578214585348966443e-244
1.720740346297887441e-245
1.876657509724653027e-246
2.047937903794255665e-247
2.236943654102242578e-248
2.446482966184234989e-249
2.679870059414876954e-250
2.940989699477800680e-251
3.234366842718079218e-252
3.565241912248233093e-253
3.939652160239729832e-254
4.364519431869091024e-255
4.847744447218804694e-256
5.398307488981228837e-257
6.026375175500767875e-258
6.743412876898786013e-259
7.562302375843675714e-260
8.497464668841272308e-261
9.564988430329247276e-262
1.078276568823897331e-262
1.217063772950649785e-263
1.375055617660707157e-264
1.554676651917086619e-265
1.758602406943431659e-266
1.989785521066937552e-267
2.251487975296297021e-268
2.547321299070146503e-269
2.881296842950241387e-270
3.257888385389456755e-271
3.682109416578521414e-272
4.159607396132129094e-273
4.696777086361317402e-274
5.300894694686790529e-275
5.980273996819277296e-276
6.744444842063564978e-277
7.604353457643601511e-278
8.572582776780327269e-279
9.663589638514168357e-280
1.089395419052064456e-280
1.228263524022040392e-281
1.385122374542170847e-282
1.562418524734207630e-283
1.762908099240110118e-284
1.989675695954095904e-285
2.246149022227495592e-286
2.536108325181681167e-287
2.863689912182604640e-288
3.233383428702169694e-289
3.650023080188337164e-290
4.118773656647220924e-291
4.645113037634791976e-292
5.234813803519568197e-293
5.893927625505549686e-294
6.628777208287810226e-295
7.445961659697726783e-296
8.352382195865564078e-297
9.355295986319083041e-298
1.046240662659339618e-298
1.168200012397151562e-299
1.302313532934386365e-300
1.449589739058550062e-301
1.611172200118809168e-302
1.788379695114999714e-303
1.982754575439583412e-304
2.196119594827857224e-305
2.430643207703188387e-306
2.688913044392034854e-307
2.974016952778997036e-308
3.289630661008371124e-309
3.640110777002987740e-310
4.030591512287446870e-311
4.467083216836612458e-312
4.956570558316824847e-313
5.507107996014289606e-314
6.127910113316911319e-315
6.829434393209260836e-316
7.623454160153205350e-317
8.523116575094427309e-318
9.542976762552845250e-319
1.069899156069219391e-319
1.200579519394229102e-320
1.343858556688190600e-321
1.432790372939614978e-322
4.940656458412465442e-324
0.000000000000000000e+00
0.000000000000000000e+00
0.000000000000000000e+00
0.000000000000000000e+00
0.000000000000000000e+00
0.000000000000000000e+00
0.000000000000000000e+00
0.000000000000000000e+00
0.000000000000000000e+00
0.000000000000000000e+00
0.000000000000000000e+00
0.000000000000000000e+00
0.000000000000000000e+00
0.000000000000000000e+00
0.000000000000000000e+00
0.000000000000000000e+00
0.000000000000000000e+00
0.000000000000000000e+00
0.000000000000000000e+00
0.000000000000000000e+00
0.000000000000000000e+00
0.000000000000000000e+00
0.000000000000000000e+00
0.000000000000000000e+00
0.000000000000000000e+00
0.000000000000000000e+00
0.000000000000000000e+00
0.000000000000000000e+00
0.000000000000000000e+00
0.000000000000000000e+00
0.000000000000000000e+00
0.000000000000000000e+00
0.000000000000000000e+00
0.000000000000000000e+00
0.000000000000000000e+00
0.000000000000000000e+00
0.000000000000000000e+00
0.000000000000000000e+00
0.000000000000000000e+00
0.000000000000000000e+00
0.000000000000000000e+00
0.000000000000000000e+00
0.000000000000000000e+00
0.000000000000000000e+00
0.000000000000000000e+00
0.000000000000000000e+00
0.000000000000000000e+00
0.000000000000000000e+00
0.000000000000000000e+00
0.000000000000000000e+00
0.000000000000000000e+00
0.000000000000000000e+00
0.000000000000000000e+00
0.000000000000000000e+00
0.000000000000000000e+00
0.000000000000000000e+00
0.000000000000000000e+00
0.000000000000000000e+00
0.000000000000000000e+00
0.000000000000000000e+00
0.000000000000000000e+00
0.000000000000000000e+00
0.000000000000000000e+00
0.000000000000000000e+00
0.000000000000000000e+00
0.000000000000000000e+00
0.000000000000000000e+00
0.000000000000000000e+00
0.000000000000000000e+00
0.000000000000000000e+00
0.000000000000000000e+00
0.000000000000000000e+00
0.000000000000000000e+00
0.000000000000000000e+00
0.000000000000000000e+00
0.000000000000000000e+00
0.000000000000000000e+00
0.000000000000000000e+00
0.000000000000000000e+00
0.000000000000000000e+00
0.000000000000000000e+00
0.000000000000000000e+00
0.000000000000000000e+00
0.000000000000000000e+00
0.000000000000000000e+00
0.000000000000000000e+00
0.000000000000000000e+00
0.000000000000000000e+00
0.000000000000000000e+00
0.000000000000000000e+00
0.000000000000000000e+00
0.000000000000000000e+00
0.000000000000000000e+00
0.000000000000000000e+00
0.000000000000000000e+00
0.000000000000000000e+00
0.000000000000000000e+00
0.000000000000000000e+00
0.000000000000000000e+00
0.000000000000000000e+00
0.000000000000000000e+00
0.000000000000000000e+00
0.000000000000000000e+00
0.000000000000000000e+00
0.000000000000000000e+00
0.000000000000000000e+00
0.000000000000000000e+00
0.000000000000000000e+00
0.000000000000000000e+00
0.000000000000000000e+00
0.000000000000000000e+00
0.000000000000000000e+00
0.000000000000000000e+00
0.000000000000000000e+00
0.000000000000000000e+00
0.000000000000000000e+00
0.000000000000000000e+00
0.000000000000000000e+00
0.000000000000000000e+00
0.000000000000000000e+00
0.000000000000000000e+00
0.000000000000000000e+00
0.000000000000000000e+00
0.000000000000000000e+00
0.000000000000000000e+00
0.000000000000000000e+00
0.000000000000000000e+00
0.000000000000000000e+00
0.000000000000000000e+00
0.000000000000000000e+00
0.000000000000000000e+00
0.000000000000000000e+00
0.000000000000000000e+00
0.000000000000000000e+00
0.000000000000000000e+00
0.000000000000000000e+00
0.000000000000000000e+00
0.000000000000000000e+00
0.000000000000000000e+00
0.000000000000000000e+00
0.000000000000000000e+00
0.000000000000000000e+00
0.000000000000000000e+00
0.000000000000000000e+00
0.000000000000000000e+00
0.000000000000000000e+00
0.000000000000000000e+00
0.000000000000000000e+00
0.000000000000000000e+00
0.000000000000000000e+00
0.000000000000000000e+00
0.000000000000000000e+00
0.000000000000000000e+00
0.000000000000000000e+00
0.000000000000000000e+00
0.000000000000000000e+00
0.000000000000000000e+00
0.000000000000000000e+00
0.000000000000000000e+00
0.000000000000000000e+00
0.000000000000000000e+00
0.000000000000000000e+00
0.000000000000000000e+00
0.000000000000000000e+00
0.000000000000000000e+00
0.000000000000000000e+00
0.000000000000000000e+00
0.000000000000000000e+00
0.000000000000000000e+00
0.000000000000000000e+00
0.000000000000000000e+00
0.000000000000000000e+00
0.000000000000000000e+00
0.000000000000000000e+00
0.000000000000000000e+00
0.000000000000000000e+00
0.000000000000000000e+00
0.000000000000000000e+00
0.000000000000000000e+00
0.000000000000000000e+00
0.000000000000000000e+00
0.000000000000000000e+00
0.000000000000000000e+00
0.000000000000000000e+00
0.000000000000000000e+00
0.000000000000000000e+00
0.000000000000000000e+00
0.000000000000000000e+00
0.000000000000000000e+00
0.000000000000000000e+00
0.000000000000000000e+00
0.000000000000000000e+00
0.000000000000000000e+00
0.000000000000000000e+00
0.000000000000000000e+00
0.000000000000000000e+00
0.000000000000000000e+00
0.000000000000000000e+00
0.000000000000000000e+00
0.000000000000000000e+00
0.000000000000000000e+00
0.000000000000000000e+00
0.000000000000000000e+00
0.000000000000000000e+00
0.000000000000000000e+00
0.000000000000000000e+00
0.000000000000000000e+00
0.000000000000000000e+00
0.000000000000000000e+00
0.000000000000000000e+00
0.000000000000000000e+00
0.000000000000000000e+00
0.000000000000000000e+00
0.000000000000000000e+00
0.000000000000000000e+00
0.000000000000000000e+00
0.000000000000000000e+00
0.000000000000000000e+00
0.000000000000000000e+00
0.000000000000000000e+00
0.000000000000000000e+00
0.000000000000000000e+00
0.000000000000000000e+00
0.000000000000000000e+00
0.000000000000000000e+00
0.000000000000000000e+00
0.000000000000000000e+00
0.000000000000000000e+00
0.000000000000000000e+00
0.000000000000000000e+00
0.000000000000000000e+00
0.000000000000000000e+00
0.000000000000000000e+00
0.000000000000000000e+00
0.000000000000000000e+00
0.000000000000000000e+00
0.000000000000000000e+00
0.000000000000000000e+00
0.000000000000000000e+00
0.000000000000000000e+00
0.000000000000000000e+00
0.000000000000000000e+00
0.000000000000000000e+00
0.000000000000000000e+00
0.000000000000000000e+00
0.000000000000000000e+00
0.000000000000000000e+00
0.000000000000000000e+00
0.000000000000000000e+00
0.000000000000000000e+00
0.000000000000000000e+00
0.000000000000000000e+00
0.000000000000000000e+00
0.000000000000000000e+00
0.000000000000000000e+00
0.000000000000000000e+00
0.000000000000000000e+00
0.000000000000000000e+00
0.000000000000000000e+00
0.000000000000000000e+00
0.000000000000000000e+00
0.000000000000000000e+00
0.000000000000000000e+00
0.000000000000000000e+00
0.000000000000000000e+00
0.000000000000000000e+00
0.000000000000000000e+00
0.000000000000000000e+00
0.000000000000000000e+00
0.000000000000000000e+00
0.000000000000000000e+00
0.000000000000000000e+00
0.000000000000000000e+00
0.000000000000000000e+00
0.000000000000000000e+00
0.000000000000000000e+00
0.000000000000000000e+00
0.000000000000000000e+00
0.000000000000000000e+00
0.000000000000000000e+00
0.000000000000000000e+00
0.000000000000000000e+00
0.000000000000000000e+00
0.000000000000000000e+00
0.000000000000000000e+00
0.000000000000000000e+00
0.000000000000000000e+00
0.000000000000000000e+00
0.000000000000000000e+00
0.000000000000000000e+00
0.000000000000000000e+00
0.000000000000000000e+00
0.000000000000000000e+00
0.000000000000000000e+00
0.000000000000000000e+00
0.000000000000000000e+00
0.000000000000000000e+00
0.000000000000000000e+00
0.000000000000000000e+00
0.000000000000000000e+00
0.000000000000000000e+00
0.000000000000000000e+00
0.000000000000000000e+00
0.000000000000000000e+00
0.000000000000000000e+00
0.000000000000000000e+00
0.000000000000000000e+00
0.000000000000000000e+00
0.000000000000000000e+00
0.000000000000000000e+00
0.000000000000000000e+00
0.000000000000000000e+00
0.000000000000000000e+00
0.000000000000000000e+00
0.000000000000000000e+00
0.000000000000000000e+00
0.000000000000000000e+00
0.000000000000000000e+00
0.000000000000000000e+00
0.000000000000000000e+00
0.000000000000000000e+00
0.000000000000000000e+00
0.000000000000000000e+00
0.000000000000000000e+00
0.000000000000000000e+00
0.000000000000000000e+00
0.000000000000000000e+00
0.000000000000000000e+00
0.000000000000000000e+00
0.000000000000000000e+00
0.000000000000000000e+00
0.000000000000000000e+00
0.000000000000000000e+00
0.000000000000000000e+00
0.000000000000000000e+00
0.000000000000000000e+00
0.000000000000000000e+00
0.000000000000000000e+00
0.000000000000000000e+00
0.000000000000000000e+00
0.000000000000000000e+00
0.000000000000000000e+00
0.000000000000000000e+00
0.000000000000000000e+00
0.000000000000000000e+00
0.000000000000000000e+00
0.000000000000000000e+00
0.000000000000000000e+00
0.000000000000000000e+00
0.000000000000000000e+00
0.000000000000000000e+00
0.000000000000000000e+00
0.000000000000000000e+00
0.000000000000000000e+00
0.000000000000000000e+00
0.000000000000000000e+00
0.000000000000000000e+00
0.000000000000000000e+00
0.000000000000000000e+00
0.000000000000000000e+00
0.000000000000000000e+00
0.000000000000000000e+00
0.000000000000000000e+00
0.000000000000000000e+00
0.000000000000000000e+00
0.000000000000000000e+00
0.000000000000000000e+00
0.000000000000000000e+00
0.000000000000000000e+00
0.000000000000000000e+00
0.000000000000000000e+00
0.000000000000000000e+00
0.000000000000000000e+00
0.000000000000000000e+00
0.000000000000000000e+00
0.000000000000000000e+00
0.000000000000000000e+00
0.000000000000000000e+00
0.000000000000000000e+00
0.000000000000000000e+00
0.000000000000000000e+00
0.000000000000000000e+00
0.000000000000000000e+00
0.000000000000000000e+00
0.000000000000000000e+00
0.000000000000000000e+00
0.000000000000000000e+00
0.000000000000000000e+00
0.000000000000000000e+00
0.000000000000000000e+00
0.000000000000000000e+00
0.000000000000000000e+00
0.000000000000000000e+00
0.000000000000000000e+00
0.000000000000000000e+00
0.000000000000000000e+00
0.000000000000000000e+00
0.000000000000000000e+00
0.000000000000000000e+00
0.000000000000000000e+00
0.000000000000000000e+00
0.000000000000000000e+00
0.000000000000000000e+00
0.000000000000000000e+00
0.000000000000000000e+00
0.000000000000000000e+00
0.000000000000000000e+00
0.000000000000000000e+00
0.000000000000000000e+00
0.000000000000000000e+00
0.000000000000000000e+00
0.000000000000000000e+00
0.000000000000000000e+00
0.000000000000000000e+00
0.000000000000000000e+00
0.000000000000000000e+00
0.000000000000000000e+00
0.000000000000000000e+00
0.000000000000000000e+00
0.000000000000000000e+00
0.000000000000000000e+00
0.000000000000000000e+00
0.000000000000000000e+00
0.000000000000000000e+00
0.000000000000000000e+00
0.000000000000000000e+00
0.000000000000000000e+00
0.000000000000000000e+00
0.000000000000000000e+00
0.000000000000000000e+00
0.000000000000000000e+00
0.000000000000000000e+00
0.000000000000000000e+00
0.000000000000000000e+00
0.000000000000000000e+00
0.000000000000000000e+00
0.000000000000000000e+00
0.000000000000000000e+00
0.000000000000000000e+00
0.000000000000000000e+00
0.000000000000000000e+00
0.000000000000000000e+00
0.000000000000000000e+00
0.000000000000000000e+00
0.000000000000000000e+00
0.000000000000000000e+00
0.000000000000000000e+00
0.000000000000000000e+00
0.000000000000000000e+00
0.000000000000000000e+00
0.000000000000000000e+00
0.000000000000000000e+00
0.000000000000000000e+00
0.000000000000000000e+00
0.000000000000000000e+00
0.000000000000000000e+00
0.000000000000000000e+00
0.000000000000000000e+00
0.000000000000000000e+00
0.000000000000000000e+00
0.000000000000000000e+00
0.000000000000000000e+00
0.000000000000000000e+00
0.000000000000000000e+00
0.000000000000000000e+00
0.000000000000000000e+00
0.000000000000000000e+00
0.000000000000000000e+00
0.000000000000000000e+00
0.000000000000000000e+00
0.000000000000000000e+00
0.000000000000000000e+00
0.000000000000000000e+00
0.000000000000000000e+00
0.000000000000000000e+00
0.000000000000000000e+00
0.000000000000000000e+00
0.000000000000000000e+00
0.000000000000000000e+00
0.000000000000000000e+00
0.000000000000000000e+00
0.000000000000000000e+00
0.000000000000000000e+00
0.000000000000000000e+00
0.000000000000000000e+00
0.000000000000000000e+00
0.000000000000000000e+00
0.000000000000000000e+00
0.000000000000000000e+00
0.000000000000000000e+00
0.000000000000000000e+00
0.000000000000000000e+00
0.000000000000000000e+00
0.000000000000000000e+00
0.000000000000000000e+00
0.000000000000000000e+00
0.000000000000000000e+00
0.000000000000000000e+00
0.000000000000000000e+00
0.000000000000000000e+00
0.000000000000000000e+00
0.000000000000000000e+00
0.000000000000000000e+00
0.000000000000000000e+00
0.000000000000000000e+00
0.000000000000000000e+00
0.000000000000000000e+00
0.000000000000000000e+00
0.000000000000000000e+00
0.000000000000000000e+00
0.000000000000000000e+00
0.000000000000000000e+00
0.000000000000000000e+00
0.000000000000000000e+00
0.000000000000000000e+00
0.000000000000000000e+00
0.000000000000000000e+00
0.000000000000000000e+00
0.000000000000000000e+00
0.000000000000000000e+00
0.000000000000000000e+00
0.000000000000000000e+00
0.000000000000000000e+00
0.000000000000000000e+00
0.000000000000000000e+00
0.000000000000000000e+00
0.000000000000000000e+00
0.000000000000000000e+00
0.000000000000000000e+00
0.000000000000000000e+00
0.000000000000000000e+00
0.000000000000000000e+00
0.000000000000000000e+00
0.000000000000000000e+00
0.000000000000000000e+00
0.000000000000000000e+00
0.000000000000000000e+00
0.000000000000000000e+00
0.000000000000000000e+00
0.000000000000000000e+00
0.000000000000000000e+00
0.000000000000000000e+00
0.000000000000000000e+00
0.000000000000000000e+00
0.000000000000000000e+00
0.000000000000000000e+00
0.000000000000000000e+00
0.000000000000000000e+00
0.000000000000000000e+00
0.000000000000000000e+00
0.000000000000000000e+00
0.000000000000000000e+00
0.000000000000000000e+00
0.000000000000000000e+00
0.000000000000000000e+00
0.000000000000000000e+00
0.000000000000000000e+00
0.000000000000000000e+00
0.000000000000000000e+00
0.000000000000000000e+00
0.000000000000000000e+00
0.000000000000000000e+00
0.000000000000000000e+00
0.000000000000000000e+00
0.000000000000000000e+00
0.000000000000000000e+00
0.000000000000000000e+00
0.000000000000000000e+00
0.000000000000000000e+00
0.000000000000000000e+00
0.000000000000000000e+00
0.000000000000000000e+00
0.000000000000000000e+00
0.000000000000000000e+00
0.000000000000000000e+00
0.000000000000000000e+00
0.000000000000000000e+00
0.000000000000000000e+00
0.000000000000000000e+00
0.000000000000000000e+00
0.000000000000000000e+00
0.000000000000000000e+00
0.000000000000000000e+00
0.000000000000000000e+00
0.000000000000000000e+00
0.000000000000000000e+00
0.000000000000000000e+00
0.000000000000000000e+00
0.000000000000000000e+00
0.000000000000000000e+00
0.000000000000000000e+00
0.000000000000000000e+00
0.000000000000000000e+00
0.000000000000000000e+00
0.000000000000000000e+00
0.000000000000000000e+00
0.000000000000000000e+00
0.000000000000000000e+00
0.000000000000000000e+00
0.000000000000000000e+00
0.000000000000000000e+00
0.000000000000000000e+00
0.000000000000000000e+00
0.000000000000000000e+00
0.000000000000000000e+00
0.000000000000000000e+00
0.000000000000000000e+00
0.000000000000000000e+00
0.000000000000000000e+00
0.000000000000000000e+00
0.000000000000000000e+00
0.000000000000000000e+00
0.000000000000000000e+00
0.000000000000000000e+00
0.000000000000000000e+00
0.000000000000000000e+00
0.000000000000000000e+00
0.000000000000000000e+00
0.000000000000000000e+00
0.000000000000000000e+00
0.000000000000000000e+00
0.000000000000000000e+00
0.000000000000000000e+00
0.000000000000000000e+00
0.000000000000000000e+00
0.000000000000000000e+00
0.000000000000000000e+00
0.000000000000000000e+00
0.000000000000000000e+00
0.000000000000000000e+00
0.000000000000000000e+00
0.000000000000000000e+00
0.000000000000000000e+00
0.000000000000000000e+00
0.000000000000000000e+00
0.000000000000000000e+00
0.000000000000000000e+00
0.000000000000000000e+00
0.000000000000000000e+00
0.000000000000000000e+00
0.000000000000000000e+00
0.000000000000000000e+00
0.000000000000000000e+00
0.000000000000000000e+00
0.000000000000000000e+00
0.000000000000000000e+00
0.000000000000000000e+00
0.000000000000000000e+00
0.000000000000000000e+00
0.000000000000000000e+00
0.000000000000000000e+00
0.000000000000000000e+00
0.000000000000000000e+00
0.000000000000000000e+00
0.000000000000000000e+00
0.000000000000000000e+00
0.000000000000000000e+00
0.000000000000000000e+00
0.000000000000000000e+00
0.000000000000000000e+00
0.000000000000000000e+00
0.000000000000000000e+00
0.000000000000000000e+00
0.000000000000000000e+00
0.000000000000000000e+00
0.000000000000000000e+00
0.000000000000000000e+00
0.000000000000000000e+00
0.000000000000000000e+00
0.000000000000000000e+00
0.000000000000000000e+00
0.000000000000000000e+00
0.000000000000000000e+00
0.000000000000000000e+00
0.000000000000000000e+00
0.000000000000000000e+00
0.000000000000000000e+00
0.000000000000000000e+00
0.000000000000000000e+00
0.000000000000000000e+00
0.000000000000000000e+00
0.000000000000000000e+00
0.000000000000000000e+00
0.000000000000000000e+00
0.000000000000000000e+00
0.000000000000000000e+00
0.000000000000000000e+00
0.000000000000000000e+00
0.000000000000000000e+00
0.000000000000000000e+00
0.000000000000000000e+00
0.000000000000000000e+00
0.000000000000000000e+00
0.000000000000000000e+00
0.000000000000000000e+00
0.000000000000000000e+00
0.000000000000000000e+00
0.000000000000000000e+00
0.000000000000000000e+00
0.000000000000000000e+00
0.000000000000000000e+00
0.000000000000000000e+00
0.000000000000000000e+00
0.000000000000000000e+00
0.000000000000000000e+00
0.000000000000000000e+00
0.000000000000000000e+00
0.000000000000000000e+00
0.000000000000000000e+00
0.000000000000000000e+00
0.000000000000000000e+00
0.000000000000000000e+00
0.000000000000000000e+00
0.000000000000000000e+00
0.000000000000000000e+00
0.000000000000000000e+00
0.000000000000000000e+00
0.000000000000000000e+00
0.000000000000000000e+00
0.000000000000000000e+00
0.000000000000000000e+00
0.000000000000000000e+00
0.000000000000000000e+00
0.000000000000000000e+00
0.000000000000000000e+00
0.000000000000000000e+00
0.000000000000000000e+00
0.000000000000000000e+00
0.000000000000000000e+00
0.000000000000000000e+00
0.000000000000000000e+00
0.000000000000000000e+00
0.000000000000000000e+00
0.000000000000000000e+00
0.000000000000000000e+00
0.000000000000000000e+00
0.000000000000000000e+00
0.000000000000000000e+00
0.000000000000000000e+00
0.000000000000000000e+00
0.000000000000000000e+00
0.000000000000000000e+00
0.000000000000000000e+00
0.000000000000000000e+00
0.000000000000000000e+00
0.000000000000000000e+00
0.000000000000000000e+00
0.000000000000000000e+00
0.000000000000000000e+00
0.000000000000000000e+00
0.000000000000000000e+00
0.000000000000000000e+00
0.000000000000000000e+00
0.000000000000000000e+00
0.000000000000000000e+00
0.000000000000000000e+00
0.000000000000000000e+00
0.000000000000000000e+00
0.000000000000000000e+00
0.000000000000000000e+00
0.000000000000000000e+00
0.000000000000000000e+00
0.000000000000000000e+00
0.000000000000000000e+00
0.000000000000000000e+00
0.000000000000000000e+00
0.000000000000000000e+00
0.000000000000000000e+00
0.000000000000000000e+00
0.000000000000000000e+00
0.000000000000000000e+00
0.000000000000000000e+00
0.000000000000000000e+00
0.000000000000000000e+00
0.000000000000000000e+00
0.000000000000000000e+00
0.000000000000000000e+00
0.000000000000000000e+00
0.000000000000000000e+00
0.000000000000000000e+00
0.000000000000000000e+00
0.000000000000000000e+00
0.000000000000000000e+00
0.000000000000000000e+00
0.000000000000000000e+00
0.000000000000000000e+00
0.000000000000000000e+00
0.000000000000000000e+00
0.000000000000000000e+00
0.000000000000000000e+00
0.000000000000000000e+00
0.000000000000000000e+00
0.000000000000000000e+00
0.000000000000000000e+00
0.000000000000000000e+00
0.000000000000000000e+00
0.000000000000000000e+00
0.000000000000000000e+00
0.000000000000000000e+00
0.000000000000000000e+00
0.000000000000000000e+00
0.000000000000000000e+00
0.000000000000000000e+00
0.000000000000000000e+00
0.000000000000000000e+00
0.000000000000000000e+00
0.000000000000000000e+00
0.000000000000000000e+00
0.000000000000000000e+00
0.000000000000000000e+00
0.000000000000000000e+00
0.000000000000000000e+00
0.000000000000000000e+00
0.000000000000000000e+00
0.000000000000000000e+00
0.000000000000000000e+00
0.000000000000000000e+00
0.000000000000000000e+00
0.000000000000000000e+00
0.000000000000000000e+00
0.000000000000000000e+00
0.000000000000000000e+00
0.000000000000000000e+00
0.000000000000000000e+00
0.000000000000000000e+00
0.000000000000000000e+00
0.000000000000000000e+00
0.000000000000000000e+00
0.000000000000000000e+00
0.000000000000000000e+00
0.000000000000000000e+00
0.000000000000000000e+00
0.000000000000000000e+00
0.000000000000000000e+00
0.000000000000000000e+00
0.000000000000000000e+00
0.000000000000000000e+00
0.000000000000000000e+00
0.000000000000000000e+00
0.000000000000000000e+00
0.000000000000000000e+00
0.000000000000000000e+00
0.000000000000000000e+00
0.000000000000000000e+00
0.000000000000000000e+00
0.000000000000000000e+00
0.000000000000000000e+00
0.000000000000000000e+00
0.000000000000000000e+00
0.000000000000000000e+00
0.000000000000000000e+00
0.000000000000000000e+00
0.000000000000000000e+00
0.000000000000000000e+00
0.000000000000000000e+00
0.000000000000000000e+00
0.000000000000000000e+00
0.000000000000000000e+00
0.000000000000000000e+00
0.000000000000000000e+00
0.000000000000000000e+00
0.000000000000000000e+00
0.000000000000000000e+00
0.000000000000000000e+00
0.000000000000000000e+00
0.000000000000000000e+00
0.000000000000000000e+00
0.000000000000000000e+00
0.000000000000000000e+00
0.000000000000000000e+00
0.000000000000000000e+00
0.000000000000000000e+00
0.000000000000000000e+00
0.000000000000000000e+00
0.000000000000000000e+00
0.000000000000000000e+00
0.000000000000000000e+00
0.000000000000000000e+00
0.000000000000000000e+00
0.000000000000000000e+00
0.000000000000000000e+00
0.000000000000000000e+00
0.000000000000000000e+00
0.000000000000000000e+00
0.000000000000000000e+00
0.000000000000000000e+00
0.000000000000000000e+00
0.000000000000000000e+00
0.000000000000000000e+00
0.000000000000000000e+00
0.000000000000000000e+00
0.000000000000000000e+00
0.000000000000000000e+00
0.000000000000000000e+00
0.000000000000000000e+00
0.000000000000000000e+00
0.000000000000000000e+00
0.000000000000000000e+00
0.000000000000000000e+00
0.000000000000000000e+00
0.000000000000000000e+00
0.000000000000000000e+00
0.000000000000000000e+00
0.000000000000000000e+00
0.000000000000000000e+00
0.000000000000000000e+00
0.000000000000000000e+00
0.000000000000000000e+00
0.000000000000000000e+00
0.000000000000000000e+00
0.000000000000000000e+00
0.000000000000000000e+00
0.000000000000000000e+00
0.000000000000000000e+00
0.000000000000000000e+00
0.000000000000000000e+00
0.000000000000000000e+00
0.000000000000000000e+00
0.000000000000000000e+00
0.000000000000000000e+00
0.000000000000000000e+00
0.000000000000000000e+00
0.000000000000000000e+00
0.000000000000000000e+00
0.000000000000000000e+00
0.000000000000000000e+00
0.000000000000000000e+00
0.000000000000000000e+00
0.000000000000000000e+00
0.000000000000000000e+00
0.000000000000000000e+00
0.000000000000000000e+00
0.000000000000000000e+00
0.000000000000000000e+00
0.000000000000000000e+00
0.000000000000000000e+00
0.000000000000000000e+00
0.000000000000000000e+00
0.000000000000000000e+00
0.000000000000000000e+00
0.000000000000000000e+00
0.000000000000000000e+00
0.000000000000000000e+00
0.000000000000000000e+00
0.000000000000000000e+00
0.000000000000000000e+00
0.000000000000000000e+00
0.000000000000000000e+00
0.000000000000000000e+00
0.000000000000000000e+00
0.000000000000000000e+00
0.000000000000000000e+00
0.000000000000000000e+00
0.000000000000000000e+00
0.000000000000000000e+00
0.000000000000000000e+00
0.000000000000000000e+00
0.000000000000000000e+00
0.000000000000000000e+00
0.000000000000000000e+00
0.000000000000000000e+00
0.000000000000000000e+00
0.000000000000000000e+00
0.000000000000000000e+00
0.000000000000000000e+00
0.000000000000000000e+00
0.000000000000000000e+00
0.000000000000000000e+00
0.000000000000000000e+00
0.000000000000000000e+00
0.000000000000000000e+00
0.000000000000000000e+00
0.000000000000000000e+00
0.000000000000000000e+00
0.000000000000000000e+00
0.000000000000000000e+00
0.000000000000000000e+00
0.000000000000000000e+00
0.000000000000000000e+00
0.000000000000000000e+00
0.000000000000000000e+00
0.000000000000000000e+00
0.000000000000000000e+00
0.000000000000000000e+00
0.000000000000000000e+00
0.000000000000000000e+00
0.000000000000000000e+00
0.000000000000000000e+00
0.000000000000000000e+00
0.000000000000000000e+00
0.000000000000000000e+00
0.000000000000000000e+00
0.000000000000000000e+00
0.000000000000000000e+00
0.000000000000000000e+00
0.000000000000000000e+00
0.000000000000000000e+00
0.000000000000000000e+00
0.000000000000000000e+00
0.000000000000000000e+00
0.000000000000000000e+00
0.000000000000000000e+00
0.000000000000000000e+00
0.000000000000000000e+00
0.000000000000000000e+00
0.000000000000000000e+00
0.000000000000000000e+00
0.000000000000000000e+00
0.000000000000000000e+00
0.000000000000000000e+00
0.000000000000000000e+00
0.000000000000000000e+00
0.000000000000000000e+00
0.000000000000000000e+00
0.000000000000000000e+00
0.000000000000000000e+00
0.000000000000000000e+00
0.000000000000000000e+00
0.000000000000000000e+00
0.000000000000000000e+00
0.000000000000000000e+00
0.000000000000000000e+00
0.000000000000000000e+00
0.000000000000000000e+00
0.000000000000000000e+00
0.000000000000000000e+00
0.000000000000000000e+00
0.000000000000000000e+00
0.000000000000000000e+00
0.000000000000000000e+00
0.000000000000000000e+00
0.000000000000000000e+00
0.000000000000000000e+00
0.000000000000000000e+00
0.000000000000000000e+00
0.000000000000000000e+00
0.000000000000000000e+00
0.000000000000000000e+00
0.000000000000000000e+00
0.000000000000000000e+00
0.000000000000000000e+00
0.000000000000000000e+00
0.000000000000000000e+00
0.000000000000000000e+00
0.000000000000000000e+00
0.000000000000000000e+00
0.000000000000000000e+00
0.000000000000000000e+00
0.000000000000000000e+00
0.000000000000000000e+00
0.000000000000000000e+00
0.000000000000000000e+00
0.000000000000000000e+00
0.000000000000000000e+00
0.000000000000000000e+00
0.000000000000000000e+00
0.000000000000000000e+00
0.000000000000000000e+00
0.000000000000000000e+00
0.000000000000000000e+00
0.000000000000000000e+00
0.000000000000000000e+00
0.000000000000000000e+00
0.000000000000000000e+00
0.000000000000000000e+00
0.000000000000000000e+00
0.000000000000000000e+00
0.000000000000000000e+00
0.000000000000000000e+00
0.000000000000000000e+00
0.000000000000000000e+00
0.000000000000000000e+00
0.000000000000000000e+00
0.000000000000000000e+00
0.000000000000000000e+00
0.000000000000000000e+00
0.000000000000000000e+00
0.000000000000000000e+00
0.000000000000000000e+00
0.000000000000000000e+00
0.000000000000000000e+00
0.000000000000000000e+00
0.000000000000000000e+00
0.000000000000000000e+00
0.000000000000000000e+00
0.000000000000000000e+00
0.000000000000000000e+00
0.000000000000000000e+00
0.000000000000000000e+00
0.000000000000000000e+00
0.000000000000000000e+00
0.000000000000000000e+00
0.000000000000000000e+00
0.000000000000000000e+00
0.000000000000000000e+00
0.000000000000000000e+00
0.000000000000000000e+00
0.000000000000000000e+00
0.000000000000000000e+00
0.000000000000000000e+00
0.000000000000000000e+00
0.000000000000000000e+00
0.000000000000000000e+00
0.000000000000000000e+00
0.000000000000000000e+00
0.000000000000000000e+00
0.000000000000000000e+00
0.000000000000000000e+00
0.000000000000000000e+00
0.000000000000000000e+00
0.000000000000000000e+00
0.000000000000000000e+00
0.000000000000000000e+00
0.000000000000000000e+00
0.000000000000000000e+00
0.000000000000000000e+00
0.000000000000000000e+00
0.000000000000000000e+00
0.000000000000000000e+00
0.000000000000000000e+00
0.000000000000000000e+00
0.000000000000000000e+00
0.000000000000000000e+00
0.000000000000000000e+00
0.000000000000000000e+00
0.000000000000000000e+00
0.000000000000000000e+00
0.000000000000000000e+00
0.000000000000000000e+00
0.000000000000000000e+00
0.000000000000000000e+00
0.000000000000000000e+00
0.000000000000000000e+00
0.000000000000000000e+00
0.000000000000000000e+00
0.000000000000000000e+00
0.000000000000000000e+00
0.000000000000000000e+00
0.000000000000000000e+00
0.000000000000000000e+00
0.000000000000000000e+00
0.000000000000000000e+00
0.000000000000000000e+00
0.000000000000000000e+00
0.000000000000000000e+00
0.000000000000000000e+00
0.000000000000000000e+00
0.000000000000000000e+00
0.000000000000000000e+00
0.000000000000000000e+00
0.000000000000000000e+00
0.000000000000000000e+00
0.000000000000000000e+00
0.000000000000000000e+00
0.000000000000000000e+00
0.000000000000000000e+00
0.000000000000000000e+00
0.000000000000000000e+00
0.000000000000000000e+00
0.000000000000000000e+00
0.000000000000000000e+00
0.000000000000000000e+00
0.000000000000000000e+00
0.000000000000000000e+00
0.000000000000000000e+00
0.000000000000000000e+00
0.000000000000000000e+00
0.000000000000000000e+00
0.000000000000000000e+00
0.000000000000000000e+00
0.000000000000000000e+00
0.000000000000000000e+00
0.000000000000000000e+00
0.000000000000000000e+00
0.000000000000000000e+00
0.000000000000000000e+00
0.000000000000000000e+00
0.000000000000000000e+00
0.000000000000000000e+00
