2.143375535291055234e-01
2.927593396261720521e-02
1.192122979141843619e-02
9.393408622799113289e-03
9.526973978829483825e-03
1.014676639992863685e-02
1.080104414134739829e-02
1.140880518581422094e-02
1.196498045460180071e-02
1.247512450518452679e-02
1.294345020785100248e-02
1.337195321851153071e-02
1.376116884349077793e-02
1.411085570668780230e-02
1.442045307242657316e-02
1.468937434636189213e-02
1.491719258277878803e-02
1.510375187771925351e-02
1.524922567616738590e-02
1.535413656239605941e-02
1.541934860010203689e-02
1.544604099604357864e-02
1.543567006588728377e-02
1.538992494129005732e-02
1.531068111335466206e-02
1.519995475692982427e-02
1.505985982714732989e-02
1.489256915946378379e-02
1.470028022198379726e-02
1.448518574121741842e-02
1.424944912356812012e-02
1.399518439864360329e-02
1.372444029298821970e-02
1.343918798343217424e-02
1.314131206100329491e-02
1.283260424588776767e-02
1.251475942108087533e-02
1.218937358963115974e-02
1.185794340241708156e-02
1.152186694654279940e-02
1.118244552632286642e-02
1.084088620798672603e-02
1.049830493489668781e-02
1.015573005191017925e-02
9.814106105509994363e-03
9.474297810647864387e-03
9.137094096177997976e-03
8.803212158632410522e-03
8.473301469256391480e-03
8.147947692021418470e-03
7.827676481074196529e-03
7.512957135048945780e-03
7.204206093110010478e-03
6.901790263717980274e-03
6.606030182105389510e-03
6.317202996463334649e-03
6.035545286010117298e-03
5.761255716550761283e-03
5.494497540940569344e-03
5.235400953125254365e-03
4.984065305221140225e-03
4.740561197494517175e-03
4.504932451163412739e-03
4.277197973737671167e-03
4.057353526191346225e-03
3.845373400672454003e-03
3.641212016748079927e-03
3.444805443396401629e-03
3.256072853128245178e-03
3.074917913780244108e-03
2.901230122695560611e-03
2.734886087217593565e-03
2.575750754683320959e-03
2.423678594429541470e-03
2.278514733723336575e-03
2.140096049005397148e-03
2.008252213390345191e-03
1.882806701003451573e-03
1.763577748444468841e-03
1.650379273451930799e-03
1.543021750690778959e-03
1.441313044495140050e-03
1.345059198360019827e-03
1.254065180983575086e-03
1.168135588708118329e-03
1.087075304286340329e-03
1.010690112002822017e-03
9.387872693036499730e-04
8.711760352231479477e-04
8.076681560414717288e-04
7.480783087557015638e-04
6.922245030958289582e-04
6.399284429629797759e-04
5.910158483069181653e-04
5.453167385916923718e-04
5.026656791195801373e-04
4.629019915939340708e-04
4.258699303990376504e-04
3.914188261597017246e-04
3.594031982143394200e-04
3.296828376927162787e-04
3.021228629332410771e-04
2.765937490053309018e-04
2.529713331199859696e-04
2.311367977171446234e-04
2.109766330121839106e-04
1.923825807668296493e-04
1.752515610227483515e-04
1.594855834997155135e-04
1.449916453158702878e-04
1.316816166355181208e-04
1.194721157917544372e-04
1.082843753671744588e-04
9.804410064748697942e-05
8.868132179042583526e-05
8.013024097706543045e-05
7.232907573525402417e-05
6.521989954578791509e-05
5.874848076249499369e-05
5.286412079758374212e-05
4.751949244443139363e-05
4.267047913195398418e-05
3.827601582805021909e-05
3.429793223513379481e-05
3.070079884858410555e-05
2.745177637950871219e-05
2.452046897673016719e-05
2.187878161969137369e-05
1.950078199420373539e-05
1.736256710654325168e-05
1.544213483890169398e-05
1.371926060015015639e-05
1.217537918067015701e-05
1.079347187842045268e-05
9.557958925601308460e-06
8.454597210858374884e-06
7.470383261270476922e-06
6.593461420838382919e-06
5.813037138061347115e-06
5.119295254083770067e-06
4.503323164720571249e-06
3.957038714348189849e-06
3.473122666848702552e-06
3.044955588490855917e-06
2.666558969484841807e-06
2.332540405016024633e-06
2.038042652338609404e-06
1.778696378172598424e-06
1.550576409723101547e-06
1.350161303175243417e-06
1.174296045257363417e-06
1.020157706227967153e-06
8.852238663899133827e-07
7.672436427427066086e-07
6.642111475658559349e-07
5.743412163907071391e-07
4.960472490725078978e-07
4.279210140493027259e-07
3.687142726744657696e-07
3.173220874352213957e-07
2.727676847359263547e-07
2.341887500559684430e-07
2.008250402125169528e-07
1.720072043214510534e-07
1.471467118544751884e-07
1.257267927778769800e-07
1.072943011002419697e-07
9.145241943159068466e-08
7.785412798444080345e-08
6.619636723781360603e-08
5.621482879999852677e-08
4.767931419950341756e-08
4.038960620780435964e-08
3.417180182901005413e-08
2.887506043741716913e-08
2.436872457438598135e-08
2.053977465270308637e-08
1.729058236774184044e-08
1.453693081612755448e-08
1.220627238993393264e-08
1.023619823818935074e-08
8.573095712453742588e-09
7.170972504052887705e-09
5.990428380498182534e-09
4.997757381895424226e-09
4.164165124976901189e-09
3.465087525417705645e-09
2.879598689717832583e-09
2.389897122536049091e-09
1.980860565266477947e-09
1.639660881135141912e-09
1.355431435415305491e-09
1.118980221350632028e-09
9.225428440954713393e-10
7.595701453826967843e-10
6.245458869940147683e-10
5.128305105474428878e-10
4.205273914842249071e-10
3.443685992541155141e-10
2.816174076339628165e-10
2.299852673406071659e-10
1.875611790773983191e-10
1.527517398982030296e-10
1.242302823515237024e-10
1.008938532712652946e-10
8.182682169341152002e-11
6.627018820099522080e-11
5.359571389512168807e-11
4.328416320562114851e-11
3.490702812425215267e-11
2.811119898216771249e-11
2.260613199336731352e-11
1.815311919126876698e-11
1.455633765226237453e-11
1.165538324323271325e-11
9.319061906649319993e-12
7.440238069697827113e-12
5.931548926529857507e-12
4.721866488068838077e-12
3.753368109766841282e-12
2.979121655609459565e-12
2.361090981630747793e-12
1.868494063582498482e-12
1.476466200997001535e-12
1.164944099580198191e-12
9.177712043611140131e-13
7.219523899601818909e-13
5.670565673899210484e-13
4.447162567896716926e-13
3.482396246302400416e-13
2.722760785945899237e-13
2.125554872479677005e-13
1.656782881454821190e-13
1.289397041865225958e-13
1.001918774405864864e-13
7.773257268085437853e-14
6.021275096521039463e-14
4.656890164701789551e-14
3.595988789556143018e-14
2.772406023758865915e-14
2.133950150275314850e-14
1.639988175743248242e-14
1.258314452327076756e-14
9.639523977482487061e-15
7.371698838469077825e-15
5.628780833649643458e-15
4.290806708850974198e-15
3.265728929688885203e-15
2.481085753867672830e-15
1.882436527733155444e-15
1.425642635579287924e-15
1.077497234989046233e-15
8.131453490815281227e-16
6.122156768296407997e-16
4.608261341271699214e-16
3.458720472714382651e-16
2.592792199851864613e-16
1.939856833850738680e-16
1.445568639160709966e-16
1.077073700029203228e-16
8.034273535070113462e-17
5.914069475382278662e-17
4.398038321257125856e-17
3.259573629008887528e-17
2.397373813346761432e-17
1.802796156522032278e-17
1.338511488433458108e-17
1.007489276205748346e-17
7.175461933701357857e-18
4.817921206718119934e-18
4.133474312112632243e-18
2.500186727225896039e-18
2.363036280777209543e-18
1.199391808333100535e-18
1.267054719429189873e-18
1.209272488466396669e-18
7.347935431712085696e-19
4.841396490625421478e-19
4.314183524134570573e-19
2.849370357493771788e-19
5.060119397517429721e-19
2.688657149602389293e-19
2.278420802709158218e-19
2.042400562999328177e-19
1.155870960616261393e-19
0.000000000000000000e+00
2.237889419637955513e-19
8.885727382305751344e-20
0.000000000000000000e+00
2.058862695804425026e-19
4.349815311329402536e-19
2.407985431662928596e-19
0.000000000000000000e+00
5.677760927980977804e-20
5.545800883524069969e-20
4.142318221042828667e-19
1.587568782347349631e-19
0.000000000000000000e+00
4.127553974037872238e-19
3.748088174119488372e-19
8.583975160078676529e-20
6.065263300392319048e-20
3.452192271545981432e-19
8.128267998362632611e-20
1.316099974575374302e-19
6.336037154211979914e-20
5.505528723684153158e-20
5.222384151403155924e-20
0.000000000000000000e+00
1.897778449044607409e-19
5.222694788552112583e-20
2.608973512538349629e-19
1.330949622062974528e-19
5.183606080114174325e-20
4.249167264040224166e-20
4.007839253056721480e-19
0.000000000000000000e+00
2.575709030035517886e-19
2.019095391540854674e-19
3.381520208863893326e-19
0.000000000000000000e+00
4.020223355594419478e-19
0.000000000000000000e+00
0.000000000000000000e+00
0.000000000000000000e+00
3.984024952352385007e-19
2.096486172557483764e-19
1.262349699454529773e-19
0.000000000000000000e+00
1.837351973622814220e-19
1.938348513813121702e-19
3.395682614865990703e-19
2.061977131407524275e-19
0.000000000000000000e+00
4.106741004130967163e-20
0.000000000000000000e+00
3.666175935603009260e-20
3.578254220649764351e-20
1.783392423232847198e-19
3.991774690907053702e-19
5.664612735152292328e-20
0.000000000000000000e+00
1.758270398587919039e-19
4.001969403944121634e-20
1.758040200523638190e-19
0.000000000000000000e+00
0.000000000000000000e+00
2.537483150611070600e-20
3.132678755462933866e-19
4.022920588955831986e-19
4.916370684193558392e-20
3.009148122718015937e-20
0.000000000000000000e+00
2.416841757205501395e-19
4.711930732240626497e-19
1.971734184530726003e-19
1.849879979386890118e-19
4.012048183269693607e-19
1.977083411089861923e-19
4.058834601106070969e-19
0.000000000000000000e+00
3.272848477409430066e-19
4.141503228149545480e-19
5.992703658636457004e-20
1.152697380302172352e-19
4.781723048239955313e-19
2.069849833024241181e-19
0.000000000000000000e+00
4.745781933294156561e-19
6.179379684313451434e-20
1.882638713937402161e-19
0.000000000000000000e+00
4.720554685263696826e-19
0.000000000000000000e+00
3.891718300661615341e-20
1.085247258010327687e-19
1.824516821169891977e-19
0.000000000000000000e+00
0.000000000000000000e+00
2.804127727603021810e-20
1.706343619403164533e-19
3.915527021204193920e-19
3.970266846020239088e-20
2.615756722839777858e-20
2.341306816714802276e-20
2.152396678958505747e-20
5.976860182191490763e-19
4.182316771017593548e-20
9.596080676754457281e-20
2.465305104419731464e-20
0.000000000000000000e+00
2.352497724473346015e-19
0.000000000000000000e+00
5.236437915263432022e-19
3.242809512135233520e-19
1.738483734018328227e-19
2.486628855557043200e-20
2.087994912783921355e-20
1.933543759928162822e-20
0.000000000000000000e+00
0.000000000000000000e+00
0.000000000000000000e+00
1.258821630858422238e-20
1.127562366274426082e-20
9.917681390701909234e-21
8.091049846563073137e-20
1.029036361799584898e-20
1.518893098304896940e-19
1.534240592232877104e-19
0.000000000000000000e+00
6.962602668600417680e-21
3.674568920537853619e-19
1.601617983176220768e-19
0.000000000000000000e+00
1.532947078252384766e-19
2.271092742139215310e-19
3.030573538836472193e-19
1.690771613241884605e-20
0.000000000000000000e+00
1.545735046592050167e-19
1.571473047162210048e-19
1.288820753054223879e-20
2.987164647856383083e-19
3.039617890157885089e-19
3.761261795946203250e-19
9.066491777937434948e-20
1.588427447047915662e-19
1.485133624683859178e-20
0.000000000000000000e+00
8.255560798458483332e-20
2.273243248563830324e-19
8.464622231230610556e-20
4.438424870034723418e-19
4.489150171505001123e-19
0.000000000000000000e+00
3.723743092490896793e-19
3.043539947360828122e-19
2.309576288536139740e-19
1.402999442477349469e-20
3.719559127077344682e-19
2.306408443471879693e-19
3.016684491959385055e-19
1.299273849545520242e-20
9.537752597105089255e-21
2.968536739321710896e-19
1.539043375880981761e-19
3.691829971159642011e-19
8.164281564832446528e-20
2.239347096024150860e-19
0.000000000000000000e+00
2.219705162484147849e-19
5.708791636168935661e-21
5.818323239894304976e-19
1.510986348690477792e-19
0.000000000000000000e+00
0.000000000000000000e+00
2.189694766525745270e-19
0.000000000000000000e+00
7.348542373373466941e-20
1.454444755350794267e-19
2.896495010851973314e-19
9.493552417694584925e-23
1.575267869001827821e-23
2.102268816527887347e-24
2.553479487477468453e-25
2.797331267131680435e-26
3.221765607905072689e-27
3.702823927695376915e-28
4.245055383235468568e-29
4.827892040812699320e-30
5.290521032920787095e-31
5.565927599785179519e-32
5.737519871389671205e-33
5.938604166124408899e-34
6.256879924739670031e-35
6.655866553208894766e-36
7.001852152126728717e-37
7.219248417869986120e-38
7.298687795418758320e-39
7.317701443028515340e-40
7.397760819286214133e-41
7.718973551790714351e-42
8.519881518453191950e-43
1.003029250096884145e-43
1.237137305169826117e-44
1.549808520795876225e-45
1.922900883475685821e-46
2.335468626725775616e-47
2.777401550986219384e-48
3.259351023805277288e-49
3.814174085371380382e-50
4.489201534055118522e-51
5.332612472043401626e-52
6.378864131327191405e-53
7.637276581005253551e-54
9.086077546006899588e-55
1.067296129946027189e-55
1.232251698988077322e-56
1.394995745860586365e-57
1.547917914783045713e-58
1.686188866197210940e-59
1.809396824458752218e-60
1.922551746654454209e-61
2.036189470846499381e-62
2.165450297520756245e-63
2.328203428960806922e-64
2.542517255296549110e-65
2.823972862935051162e-66
3.183411031444368105e-67
3.625653348222067190e-68
4.149562825603627897e-69
4.749559680014497064e-70
5.418433123432738390e-71
6.151022069683822938e-72
6.948105822106705609e-73
7.819699857836827129e-74
8.786963055505408078e-75
9.882151986584287335e-76
1.114650818846168109e-76
1.262654878184566683e-77
1.436977906734176040e-78
1.642115245061742350e-79
1.882150371689389934e-80
2.160863070330397119e-81
2.482081920039462334e-82
2.850167800497347201e-83
3.270453499666903716e-84
3.749464092599780827e-85
4.294813319559209354e-86
4.914794525881220637e-87
5.617818521321464816e-88
6.411944138938025726e-89
7.304762429680292970e-90
8.303825895646734909e-91
9.417694180967824799e-92
1.065757377801293078e-92
1.203959069607283351e-93
1.358819323101510176e-94
1.534259651021649871e-95
1.737201613386476413e-96
1.981563903124776121e-97
2.299040248224577738e-98
2.768163550426896974e-99
3.592166152094028901e-100
5.305972224930882914e-101
9.322310764456643587e-102
1.936171957093618960e-102
4.516899371446231109e-103
1.120993792484728207e-103
2.856585227010998277e-104
7.338455781660957119e-105
1.884322029625692650e-105
4.817583491186896713e-106
1.224287161822660295e-106
3.090156889509860453e-107
7.743938033912013360e-108
1.926396803893032284e-108
4.756467189052350168e-109
1.165588701623601841e-109
2.834666103085678692e-110
6.841175797848483035e-111
1.638360706418360153e-111
3.893286305602000713e-112
9.179719846768785087e-113
2.147469260584502715e-113
4.984102798930892170e-114
1.147591833509839219e-114
2.621235746407499512e-115
5.939097708420054729e-116
1.334774858286608632e-116
2.975404038188377668e-117
6.578264061713249906e-118
1.442384141374790082e-118
3.136400592224382879e-119
6.763002547846949671e-120
1.446043320778157770e-120
3.065722827300186551e-121
6.444217820151060209e-122
1.342978282479777462e-122
2.774627840464280849e-123
5.682674499159488119e-124
1.153687617510385199e-124
2.321592590020723333e-125
4.630424700620626303e-126
9.153078567067809853e-127
1.793078902406078298e-127
3.480900002209793432e-128
6.696031814701571004e-129
1.276294651023234336e-129
2.410267909774510928e-130
4.509556669950363075e-131
8.358523203393472499e-132
1.534706102244300786e-132
2.791215825292355790e-133
5.028129915094858783e-134
8.970911002784269625e-135
1.585095657008179474e-135
2.773543139132853146e-136
4.805585544990797086e-137
8.244433485793459930e-138
1.400391236971244599e-138
2.354955529959335887e-139
3.920407878186515033e-140
6.460486502463897778e-141
1.053791238972289189e-141
1.701253553758828087e-142
2.718179091420092385e-143
4.297846029904592882e-144
6.724443460089111331e-145
1.041029969049379008e-145
1.594556569225465946e-146
2.416320832961991739e-147
3.622222469477485415e-148
5.371172648030544817e-149
7.877781226094763707e-150
1.142737805676918379e-150
1.639320752525978063e-151
2.325532655686554328e-152
3.262032849806478922e-153
4.524051395710749848e-154
6.203055698082003673e-155
8.407911408281995705e-156
1.126522620122389632e-156
1.491852193864805010e-157
1.952586191084207719e-158
2.525557750924981022e-159
3.227980456061871127e-160
4.076566281697290126e-161
5.086409689938000971e-162
6.269663999725906840e-163
7.634064993074054011e-164
9.181387722630050889e-165
1.090595227827863709e-165
1.279331866520156711e-166
1.481932538829256936e-167
1.694962652412725113e-168
1.913986467750721574e-169
2.133658069527925316e-170
2.347890615576037658e-171
2.550101502770411665e-172
2.733523278831791766e-173
2.891562324033961202e-174
3.018180510538489930e-175
3.108270200526439935e-176
3.157990895764391527e-177
3.165037131326358046e-178
3.128811935518579605e-179
3.050488011482382039e-180
2.932948938898795301e-181
2.780613994232004068e-182
2.599161290508811867e-183
2.395173482114125594e-184
2.175737102882544812e-185
1.948029914949035042e-186
1.718930136177276955e-187
1.494677302329162246e-188
1.280607495713874813e-189
1.080976772999389959e-190
8.988770651048373967e-192
7.362398013002799393e-193
5.939150401000638950e-194
4.718086682894397382e-195
3.690575733103277866e-196
2.842225422350309729e-197
2.154806149740239365e-198
1.608021277101102096e-199
1.181020370706567823e-200
8.535964751431772778e-202
6.070501494542635057e-203
4.247367616492312655e-204
2.923374976160451025e-205
1.979083555714102865e-206
1.317660929498972728e-207
8.626757642779404582e-209
5.553155310918737875e-210
3.514177387106965288e-211
2.185958690109353193e-212
1.336401110377228391e-213
8.028786720521298823e-215
4.739387786945475896e-216
2.748490300198359562e-217
1.565689386929836928e-218
8.759828722131460624e-220
4.812854899265505350e-221
2.596360331445482810e-222
1.375053027886428827e-223
7.148300340855839556e-225
3.647127132167080559e-226
1.825992529626350495e-227
8.969775914421458946e-229
4.322475138014758980e-230
2.043077388378939519e-231
9.470455975129319795e-233
4.304496220378922788e-234
1.918094466392169400e-235
8.378069399564798345e-237
3.586522069267991766e-238
1.504482527676243174e-239
6.183189488659077035e-241
2.489296231183614721e-242
9.815337397208182252e-244
3.789864286215088622e-245
1.432702872285918109e-246
5.301832890605442487e-248
1.920241463575619697e-249
6.805610744127125603e-251
2.359828429028204888e-252
8.004154437101160179e-254
2.655161028499047012e-255
8.612402419585077044e-257
2.731067656539214373e-258
8.465077008520282952e-260
2.564095717374241414e-261
7.588499257516703770e-263
2.193856806389736692e-264
6.194448288948276112e-266
1.707847413589614135e-267
4.596809647836479884e-269
1.207626790836388516e-270
3.095880949182252560e-272
7.743126302832830966e-274
1.889004666473268438e-275
4.494041050961298235e-277
1.042388844422253685e-278
2.356737636575118246e-280
5.192543581175446834e-282
1.114637760142651377e-283
2.330600626206759779e-285
4.745443632895882495e-287
9.407050500455962432e-289
1.815052260936891158e-290
3.407795547255504225e-292
6.224361334535716264e-294
1.105705367980575531e-295
1.909818985223922517e-297
3.206536989849756536e-299
5.231821269497156448e-301
8.293191278880139840e-303
1.276792454849696589e-304
1.908642537079253054e-306
2.769545183587725464e-308
3.899813217147469148e-310
5.327219227079893054e-312
7.057430230933134681e-314
9.064578531219999643e-316
1.128410856440552378e-317
1.361002634598881855e-319
1.590891379608813872e-321
1.482196937523739633e-323
0.000000000000000000e+00
0.000000000000000000e+00
0.000000000000000000e+00
0.000000000000000000e+00
0.000000000000000000e+00
0.000000000000000000e+00
0.000000000000000000e+00
0.000000000000000000e+00
0.000000000000000000e+00
0.000000000000000000e+00
0.000000000000000000e+00
0.000000000000000000e+00
0.000000000000000000e+00
0.000000000000000000e+00
0.000000000000000000e+00
0.000000000000000000e+00
0.000000000000000000e+00
0.000000000000000000e+00
0.000000000000000000e+00
0.000000000000000000e+00
0.000000000000000000e+00
0.000000000000000000e+00
0.000000000000000000e+00
0.000000000000000000e+00
0.000000000000000000e+00
0.000000000000000000e+00
0.000000000000000000e+00
0.000000000000000000e+00
0.000000000000000000e+00
0.000000000000000000e+00
0.000000000000000000e+00
0.000000000000000000e+00
0.000000000000000000e+00
0.000000000000000000e+00
0.000000000000000000e+00
0.000000000000000000e+00
0.000000000000000000e+00
0.000000000000000000e+00
0.000000000000000000e+00
0.000000000000000000e+00
0.000000000000000000e+00
0.000000000000000000e+00
0.000000000000000000e+00
0.000000000000000000e+00
0.000000000000000000e+00
0.000000000000000000e+00
0.000000000000000000e+00
0.000000000000000000e+00
0.000000000000000000e+00
0.000000000000000000e+00
0.000000000000000000e+00
0.000000000000000000e+00
0.000000000000000000e+00
0.000000000000000000e+00
0.000000000000000000e+00
0.000000000000000000e+00
0.000000000000000000e+00
0.000000000000000000e+00
0.000000000000000000e+00
0.000000000000000000e+00
0.000000000000000000e+00
0.000000000000000000e+00
0.000000000000000000e+00
0.000000000000000000e+00
0.000000000000000000e+00
0.000000000000000000e+00
0.000000000000000000e+00
0.000000000000000000e+00
0.000000000000000000e+00
0.000000000000000000e+00
0.000000000000000000e+00
0.000000000000000000e+00
0.000000000000000000e+00
0.000000000000000000e+00
0.000000000000000000e+00
0.000000000000000000e+00
0.000000000000000000e+00
0.000000000000000000e+00
0.000000000000000000e+00
0.000000000000000000e+00
0.000000000000000000e+00
0.000000000000000000e+00
0.000000000000000000e+00
0.000000000000000000e+00
0.000000000000000000e+00
0.000000000000000000e+00
0.000000000000000000e+00
0.000000000000000000e+00
0.000000000000000000e+00
0.000000000000000000e+00
0.000000000000000000e+00
0.000000000000000000e+00
0.000000000000000000e+00
0.000000000000000000e+00
0.000000000000000000e+00
0.000000000000000000e+00
0.000000000000000000e+00
0.000000000000000000e+00
0.000000000000000000e+00
0.000000000000000000e+00
0.000000000000000000e+00
0.000000000000000000e+00
0.000000000000000000e+00
0.000000000000000000e+00
0.000000000000000000e+00
0.000000000000000000e+00
0.000000000000000000e+00
0.000000000000000000e+00
0.000000000000000000e+00
0.000000000000000000e+00
0.000000000000000000e+00
0.000000000000000000e+00
0.000000000000000000e+00
0.000000000000000000e+00
0.000000000000000000e+00
0.000000000000000000e+00
0.000000000000000000e+00
0.000000000000000000e+00
0.000000000000000000e+00
0.000000000000000000e+00
0.000000000000000000e+00
0.000000000000000000e+00
0.000000000000000000e+00
0.000000000000000000e+00
0.000000000000000000e+00
0.000000000000000000e+00
0.000000000000000000e+00
0.000000000000000000e+00
0.000000000000000000e+00
0.000000000000000000e+00
0.000000000000000000e+00
0.000000000000000000e+00
0.000000000000000000e+00
0.000000000000000000e+00
0.000000000000000000e+00
0.000000000000000000e+00
0.000000000000000000e+00
0.000000000000000000e+00
0.000000000000000000e+00
0.000000000000000000e+00
0.000000000000000000e+00
0.000000000000000000e+00
0.000000000000000000e+00
0.000000000000000000e+00
0.000000000000000000e+00
0.000000000000000000e+00
0.000000000000000000e+00
0.000000000000000000e+00
0.000000000000000000e+00
0.000000000000000000e+00
0.000000000000000000e+00
0.000000000000000000e+00
0.000000000000000000e+00
0.000000000000000000e+00
0.000000000000000000e+00
0.000000000000000000e+00
0.000000000000000000e+00
0.000000000000000000e+00
0.000000000000000000e+00
0.000000000000000000e+00
0.000000000000000000e+00
0.000000000000000000e+00
0.000000000000000000e+00
0.000000000000000000e+00
0.000000000000000000e+00
0.000000000000000000e+00
0.000000000000000000e+00
0.000000000000000000e+00
0.000000000000000000e+00
0.000000000000000000e+00
0.000000000000000000e+00
0.000000000000000000e+00
0.000000000000000000e+00
