2.146857878928224717e-01
3.069653193627585111e-02
1.431680222864389722e-02
1.249479130334281776e-02
1.312575519049018376e-02
1.411903777498698526e-02
1.507848970979547808e-02
1.594766671272995068e-02
1.672784360643711152e-02
1.742339730373560630e-02
1.803527582763472803e-02
1.856233510203298548e-02
1.900293890864406671e-02
1.935594902561038957e-02
1.962123809603473837e-02
1.979989114149921514e-02
1.989420880930954649e-02
1.990759017888487845e-02
1.984435060551514515e-02
1.970951363694856129e-02
1.950860308231396750e-02
1.924745124058166793e-02
1.893203182975435050e-02
1.856832094810004566e-02
1.816218601190914411e-02
1.771930060557761616e-02
1.724508215023901753e-02
1.674464892145841738e-02
1.622279297808689250e-02
1.568396582714675497e-02
1.513227402450148876e-02
1.457148232197409340e-02
1.400502237315058747e-02
1.343600537785141769e-02
1.286723736827138920e-02
1.230123611550377333e-02
1.174024886577282670e-02
1.118627030578535353e-02
1.064106031165499427e-02
1.010616116131780873e-02
9.582913991211836763e-03
9.072474358490860771e-03
8.575826833684746173e-03
8.093798598324370222e-03
7.627072059870827411e-03
7.176196524149498247e-03
6.741598984907315982e-03
6.323594102394920757e-03
5.922393449205661138e-03
5.538114103063575266e-03
5.170786663859202117e-03
4.820362766928897903e-03
4.486722157226638238e-03
4.169679380422080910e-03
3.868990137746965412e-03
3.584357342164746444e-03
3.315436904601728758e-03
3.061843270885488376e-03
2.823154722917246059e-03
2.598918451592986071e-03
2.388655404138954452e-03
2.191864904828809933e-03
2.008029045442365733e-03
1.836616840211741878e-03
1.677088139260926765e-03
1.528897294546459904e-03
1.391496572915611315e-03
1.264339311981586356e-03
1.146882815949677725e-03
1.038590990201694337e-03
9.389367152600400224e-04
8.474039626220220695e-04
7.634896568096559335e-04
6.867052897622077370e-04
6.165782953630347075e-04
5.526531934052154090e-04
4.944925136370682296e-04
4.416775116735261061e-04
3.938086895035197038e-04
3.505061340644558205e-04
3.114096878946435499e-04
2.761789662202511313e-04
2.444932349937459031e-04
2.160511643892388297e-04
1.905704720898276656e-04
1.677874703894038585e-04
1.474565306922475988e-04
1.293494784456100731e-04
1.132549308999072858e-04
9.897758937543242141e-05
8.633749693975916904e-05
7.516927158197004558e-05
6.532132412329692101e-05
5.665506924241862815e-05
4.904413713014283267e-05
4.237359243346054059e-05
3.653916631363720934e-05
3.144650663498119078e-05
2.701045052824628510e-05
2.315432284070094202e-05
1.980926329911074466e-05
1.691358457511312781e-05
1.441216285786182817e-05
1.225586200731753632e-05
1.040099188376489989e-05
8.808801024862729904e-06
7.445003469343276685e-06
6.279339205119110600e-06
5.285167446197910615e-06
4.439091715469621431e-06
3.720615525377179000e-06
3.111827303188159948e-06
2.597113098108168180e-06
2.162895530686195958e-06
1.797397397146159474e-06
1.490428319264958129e-06
1.233192830578315069e-06
1.018118308940459798e-06
8.387012009550720242e-07
6.893700322690916158e-07
5.653637569225386762e-07
4.626240664610319617e-07
3.777003527433910086e-07
3.076660961309006581e-07
2.500455305896280820e-07
2.027495182212449372e-07
1.640196463230729992e-07
1.323796393646820802e-07
1.065932553525517412e-07
8.562791011345460583e-08
6.862334382928905485e-08
5.486471102874072701e-08
4.375953794250548247e-08
3.481804978146789236e-08
2.763642465512031812e-08
2.188258071102664694e-08
1.728414885980362857e-08
1.361832489966453285e-08
1.070333257154301834e-08
8.391262952489690335e-09
6.562085924895345083e-09
5.118656661363558222e-09
3.982564031551653010e-09
3.090689187952231381e-09
2.392361229509532869e-09
1.847013358882564699e-09
1.422257111707007918e-09
1.092304866271136411e-09
8.366814087970719990e-10
6.391747656083822471e-10
4.869844217478282402e-10
3.700318389595173115e-10
2.804040394188241311e-10
2.119059148229697220e-10
1.597011282874243315e-10
1.200248950836785775e-10
8.995503080575758369e-11
6.722991840465803643e-11
5.010428413149474812e-11
3.723526167495343027e-11
2.759264099172748425e-11
2.038840970777969161e-11
1.502161535781982029e-11
1.103531923773845848e-11
8.083134998239609174e-12
5.903276651539254630e-12
4.298494467385439714e-12
3.120622271482718363e-12
2.258702266038262396e-12
1.629899729041945558e-12
1.172569715629506537e-12
8.409753727213614398e-13
6.012914863881734383e-13
4.285844830678088015e-13
3.045278294437452873e-13
2.156996767954655391e-13
1.522976724338333933e-13
1.071886008300071785e-13
7.519782270531049954e-14
5.258429012175543556e-14
3.665129560367637008e-14
2.546273263437232923e-14
1.763151850734056615e-14
1.216753589228045060e-14
8.368314485740437147e-15
5.736916852697807188e-15
3.918622758076960697e-15
2.668325612467854425e-15
1.809454373308330633e-15
1.223881519464972646e-15
8.245514425844098861e-16
5.530483496197454615e-16
3.697657057075556007e-16
2.464685748218067243e-16
1.639596586236686278e-16
1.076464412217111114e-16
7.057468356788412681e-17
4.653573878730858211e-17
3.071691530955376223e-17
1.919572298228286796e-17
1.304389033405305638e-17
7.441864917902654524e-18
5.402141040073968305e-18
3.602937156240275518e-18
2.487078475846233235e-18
1.575746093410768436e-18
1.296634623221852386e-18
8.660955489658313314e-19
5.352338926445261860e-19
2.796595510743474609e-19
4.244817449122378232e-19
1.471591200242256761e-19
0.000000000000000000e+00
7.459253723796591383e-20
5.994589070787321092e-20
0.000000000000000000e+00
0.000000000000000000e+00
3.308347830289636711e-20
5.046184287899985326e-19
1.652886641502969187e-19
0.000000000000000000e+00
7.407136749852087062e-19
4.216424642560274162e-19
2.945867490918777352e-19
0.000000000000000000e+00
3.963429450641352549e-19
2.945963157685459037e-19
4.904612737080738668e-20
1.597760140199439408e-19
2.824980053928908107e-19
4.052860748806627766e-19
0.000000000000000000e+00
0.000000000000000000e+00
1.532189659619109433e-19
3.805500861443530137e-20
5.064687296050567089e-19
4.731577789518442913e-20
2.694098231686711244e-19
3.748738808490117157e-20
2.855079697404612839e-20
3.821436354212885464e-19
3.617739629260920239e-20
1.438958937417776105e-19
2.649379231306445324e-19
0.000000000000000000e+00
1.986580043068211328e-20
0.000000000000000000e+00
3.717401856428961381e-19
0.000000000000000000e+00
1.340971669595700060e-19
6.122351689809671349e-19
3.061182620416366698e-20
8.515040773350728156e-19
0.000000000000000000e+00
2.619205139074695934e-19
2.757688160809755733e-20
1.405583540346314274e-19
2.190988538141599041e-20
1.723011497470209184e-20
1.332944445553324136e-19
4.905641712284114414e-19
0.000000000000000000e+00
1.310103862455592265e-20
1.093007307137674914e-20
0.000000000000000000e+00
3.636948791928294983e-19
3.679963853465451004e-19
6.073325484232559596e-19
1.723893736039427640e-20
0.000000000000000000e+00
4.849804670344902970e-19
0.000000000000000000e+00
4.838572675352842403e-19
0.000000000000000000e+00
2.445274270179869069e-19
6.012089944110326365e-19
1.271351616131972857e-19
5.229039337168711997e-21
1.216498378399856131e-19
1.531879433705915340e-21
3.067845007120891163e-22
4.661036937917022136e-23
4.614570358433264845e-24
5.047902301070046629e-25
5.245801809289828780e-26
5.153415729893469112e-27
5.176812664982491649e-28
6.006226869884279058e-29
7.539990878420457755e-30
9.210981989606104930e-31
1.060316060010016836e-31
1.144566522891549110e-32
1.189763388678145266e-33
1.259257825531854697e-34
1.411651708407865203e-35
1.663197136766320692e-36
2.003639086939566113e-37
2.411760182689453914e-38
2.870967086919193635e-39
3.358606969115826282e-40
3.841022448597540996e-41
4.283601122883976620e-42
4.673175475934699494e-43
5.040098958892815274e-44
5.464256836070369130e-45
6.056775595376981920e-46
6.925616700148936792e-47
8.147662576517616749e-48
9.772744945960406584e-49
1.188465160002218888e-49
1.478110769106964662e-50
1.950860547219080401e-51
2.956329934471770187e-52
5.635092407876514099e-53
1.364996250364747467e-53
3.860582913471743946e-54
1.168313888884140882e-54
3.608034930026191554e-55
1.115079392499699903e-55
3.424080287100075098e-56
1.042018685813633604e-56
3.139751277301140993e-57
9.363469284527099986e-58
2.763207485670025339e-58
8.067985495865981765e-59
2.330450988545345651e-59
6.658694005234268951e-60
1.881758480025142139e-60
5.259152749281986945e-61
1.453435107855615679e-61
3.971492772813416856e-62
1.072852128551814016e-62
2.864857118875732375e-63
7.561212886974180560e-64
1.972209666886181898e-64
5.083172606947639756e-65
1.294443605743500737e-65
3.256443604618482954e-66
8.092096862974620923e-67
1.986002917061474564e-67
4.813305997019105873e-68
1.151846436744482535e-68
2.721292366936244842e-69
6.346387088008822627e-70
1.460794401692451400e-70
3.318199412289814677e-71
7.437133599844147429e-72
1.644509764960665322e-72
3.587007945445675639e-73
7.716664737125449282e-74
1.637057348269592021e-74
3.424284354438061004e-75
7.061244390409731281e-76
1.435261711568130610e-76
2.875089944428818232e-77
5.675098251276801227e-78
1.103639292224666444e-78
2.114180251903426151e-79
3.988836846832967378e-80
7.410837387146758188e-81
1.355599524630336640e-81
2.440978815157341532e-82
4.326029159638455597e-83
7.544509790455380309e-84
1.294526777980243611e-84
2.184996233554064202e-85
3.627188486162322606e-86
5.920908803642690942e-87
9.502182363241988120e-88
1.498966353988797519e-88
2.323857996311099408e-89
3.539899558248817296e-90
5.297234886843376685e-91
7.785679785076887433e-92
1.123682743539405732e-92
1.592210023780179421e-93
2.214495477020174513e-94
3.022554118947696443e-95
4.047659283552474780e-96
5.317025959270118877e-97
6.849701116339163151e-98
8.651952547625085617e-99
1.071264110930701214e-99
1.299923294914248820e-100
1.545521362557359691e-101
1.799966012929557915e-102
2.052957646926390609e-103
2.292529438040521460e-104
2.505880704487749981e-105
2.680440107393851228e-106
2.805047082097540451e-107
2.871104328984233717e-108
2.873540513443311350e-109
2.811436354973118460e-110
2.688209276705560606e-111
2.511315686934998810e-112
2.291504283049522823e-113
2.041723993505255012e-114
1.775842173031530736e-115
1.507352151848034889e-116
1.248240297184623486e-117
1.008144687856559117e-118
7.938798084603792496e-120
6.093373563824161580e-121
4.557155031730799050e-122
3.319879794470401094e-123
2.355053832491623951e-124
1.626238805660688550e-125
1.092761884009939993e-126
7.142904286937185423e-128
4.540253270604306435e-129
2.805347424381312520e-130
1.684369398318530846e-131
9.823636794251838651e-133
5.563254902101389194e-134
3.058031774565746986e-135
1.630959641642744425e-136
8.436484449403064105e-138
4.230802625875094136e-139
2.056126245318856075e-140
9.679706071720393045e-142
4.412414563426234990e-143
1.946727682310332725e-144
8.309184727951991718e-146
3.429587948796028371e-147
1.368226959132753723e-148
5.273580637208565659e-150
1.962813266766213858e-151
7.051297181189226324e-153
2.443780862561997111e-154
8.166594946468882841e-156
2.630166253584179893e-157
8.159474589608973408e-159
2.436950390801038505e-160
7.003264642989129178e-162
1.935452858604262477e-163
5.140987564870573382e-165
1.311718809616807893e-166
3.212979759728754902e-168
7.550668046254950360e-170
1.701390814100141390e-171
3.673577045394764157e-173
7.595550948037496177e-175
1.502887904157523226e-176
2.843782519562269322e-178
5.142412281563749599e-180
8.880328549837386607e-182
1.463410311440668778e-183
2.299606556680433326e-185
3.443170582946302687e-187
4.908398659975312443e-189
6.656520638769762969e-191
8.580677705575431640e-193
1.050494751281911967e-194
1.220352724572735264e-196
1.344023674875012188e-198
1.402034245754834511e-200
1.383978624343472414e-202
1.291505997725157262e-204
1.138216347163252783e-206
9.463830145708323279e-209
7.415867076520636411e-211
5.470602656107089100e-213
3.794876020791436466e-215
2.472550122698944664e-217
1.511325124787887373e-219
8.655651395455704328e-222
4.638924118808031336e-224
2.323480740359833258e-226
1.086113038297128417e-228
4.731679163713938473e-231
1.918356972611501453e-233
7.227122301915186805e-236
2.526088499198900444e-238
8.178628725985493799e-241
2.448713015702496623e-243
6.768170559085650510e-246
1.723867154714779307e-248
4.038588724477340088e-251
8.685857579865823354e-254
1.711532042257873909e-256
3.083507903115663694e-259
5.068225243765364041e-262
7.583041660034814664e-265
1.030372631873378731e-267
1.268392875057636192e-270
1.410988532076967867e-273
1.414682197667679735e-276
1.274872647080088913e-279
1.029680605227600266e-282
7.431336166043957798e-286
4.777526388485135763e-289
2.727050448097055155e-292
1.377382178028811816e-295
6.133884178633842720e-299
2.399452614793825973e-302
8.212633432695168494e-306
2.449413378049547997e-309
6.338392294537080793e-313
1.416667923971394253e-316
2.721807642939427212e-320
4.940656458412465442e-324
0.000000000000000000e+00
0.000000000000000000e+00
0.000000000000000000e+00
0.000000000000000000e+00
0.000000000000000000e+00
0.000000000000000000e+00
0.000000000000000000e+00
0.000000000000000000e+00
0.000000000000000000e+00
0.000000000000000000e+00
0.000000000000000000e+00
0.000000000000000000e+00
0.000000000000000000e+00
0.000000000000000000e+00
0.000000000000000000e+00
0.000000000000000000e+00
0.000000000000000000e+00
0.000000000000000000e+00
0.000000000000000000e+00
0.000000000000000000e+00
0.000000000000000000e+00
0.000000000000000000e+00
0.000000000000000000e+00
0.000000000000000000e+00
0.000000000000000000e+00
0.000000000000000000e+00
0.000000000000000000e+00
0.000000000000000000e+00
0.000000000000000000e+00
0.000000000000000000e+00
0.000000000000000000e+00
0.000000000000000000e+00
0.000000000000000000e+00
0.000000000000000000e+00
0.000000000000000000e+00
0.000000000000000000e+00
0.000000000000000000e+00
0.000000000000000000e+00
0.000000000000000000e+00
0.000000000000000000e+00
0.000000000000000000e+00
0.000000000000000000e+00
0.000000000000000000e+00
0.000000000000000000e+00
0.000000000000000000e+00
0.000000000000000000e+00
0.000000000000000000e+00
0.000000000000000000e+00
0.000000000000000000e+00
0.000000000000000000e+00
0.000000000000000000e+00
0.000000000000000000e+00
0.000000000000000000e+00
0.000000000000000000e+00
0.000000000000000000e+00
0.000000000000000000e+00
0.000000000000000000e+00
0.000000000000000000e+00
