2.141716991197407660e-01
2.858149183169906432e-02
1.071706295782301650e-02
7.813101886390486431e-03
7.683831162995890564e-03
8.110460007032837745e-03
8.608927901498610730e-03
9.081562981725660455e-03
9.516861142221048897e-03
9.918800653997021655e-03
1.029190558463131608e-02
1.063909926881915699e-02
1.096196132815144969e-02
1.126119653325825289e-02
1.153698143514483507e-02
1.178919588284750054e-02
1.201757890433054372e-02
1.222183588294535085e-02
1.240171255953553126e-02
1.255704497044754682e-02
1.268779115053617589e-02
1.279404874477024952e-02
1.287606174267068304e-02
1.293421896548752753e-02
1.296904650526334302e-02
1.298119595408327165e-02
1.297142993877363655e-02
1.294060618223646410e-02
1.288966104769774176e-02
1.281959328882394285e-02
1.273144852862843207e-02
1.262630482339081178e-02
1.250525953285885027e-02
1.236941761198319563e-02
1.221988135879927342e-02
1.205774159398791817e-02
1.188407020631870870e-02
1.169991397107929265e-02
1.150628953259102624e-02
1.130417943431254180e-02
1.109452907861261349e-02
1.087824450123923460e-02
1.065619085139699745e-02
1.042919147606601905e-02
1.019802751592439882e-02
9.963437929361485673e-03
9.726119870163944456e-03
9.486729353221477409e-03
9.245882150849262307e-03
9.004154869948618675e-03
8.762086167171272144e-03
8.520178065507361467e-03
8.278897341296605900e-03
8.038676955601259388e-03
7.799917508222180447e-03
7.562988696437795977e-03
7.328230763851964133e-03
7.095955927598146876e-03
6.866449774620923124e-03
6.639972619875804394e-03
6.416760821106512296e-03
6.197028046402663221e-03
5.980966492050319647e-03
5.768748049285852067e-03
5.560525419478688086e-03
5.356433178022723153e-03
5.156588787825920096e-03
4.961093563774113084e-03
4.770033589919934862e-03
4.583480591427069664e-03
4.401492763494654556e-03
4.224115559608207504e-03
4.051382441522525212e-03
3.883315593387162788e-03
3.719926602385980642e-03
3.561217108185881029e-03
3.407179423384464837e-03
3.257797127017733781e-03
3.113045633044224294e-03
2.972892735565290084e-03
2.837299132378922218e-03
2.706218928299355606e-03
2.579600119511601605e-03
2.457385060071099869e-03
2.339510911507206893e-03
2.225910076346520900e-03
2.116510616240392748e-03
2.011236655260666487e-03
1.910008768820296854e-03
1.812744358580492153e-03
1.719358013624262133e-03
1.629761858106868518e-03
1.543865885536635941e-03
1.461578279794181799e-03
1.382805722963521703e-03
1.307453690023973377e-03
1.235426730436341375e-03
1.166628736649657572e-03
1.100963199554686085e-03
1.038333450916577956e-03
9.786428928306441059e-04
9.217952142610455306e-04
8.676945947416511273e-04
8.162458953407505978e-04
7.673548370152147736e-04
7.209281665055901518e-04
6.768738099497715677e-04
6.351010144195266653e-04
5.955204776103163039e-04
5.580444659404830811e-04
5.225869213404173846e-04
4.890635570354075765e-04
4.573919426475878884e-04
4.274915789621761106e-04
3.992839627210427564e-04
3.726926418226143584e-04
3.476432613207648507e-04
3.240636006269602539e-04
3.018836023294021987e-04
2.810353930501018603e-04
2.614532967660399975e-04
2.430738410236346408e-04
2.258357564768492831e-04
2.096799701784730907e-04
1.945495930514847351e-04
1.803899019631262683e-04
1.671483168183618211e-04
1.547743730820188841e-04
1.432196901302511900e-04
1.324379358218158247e-04
1.223847876687639117e-04
1.130178909739886037e-04
1.042968142901320869e-04
9.618300254072951897e-05
8.863972813018742680e-05
8.163204035435389888e-05
7.512671340824854458e-05
6.909219327207008260e-05
6.349854374083704488e-05
5.831739184730340192e-05
5.352187291191477320e-05
4.908657543786841375e-05
4.498748605376617953e-05
4.120193469093986821e-05
3.770854016743268688e-05
3.448715633591168149e-05
3.151881893833162311e-05
2.878569329632146487e-05
2.627102295272516603e-05
2.395907936683590694e-05
2.183511275339527084e-05
1.988530414360831566e-05
1.809671873510018089e-05
1.645726058710809012e-05
1.495562870705993908e-05
1.358127456521879438e-05
1.232436106523520814e-05
1.117572299009398525e-05
1.012682893535053591e-05
9.169744734394289092e-06
8.297098374023635574e-06
7.502046392582840897e-06
6.778241747623343077e-06
6.119803135052315598e-06
5.521285737467698782e-06
4.977653375445381532e-06
4.484252032127573381e-06
4.036784718531964519e-06
3.631287644403150344e-06
3.264107657327947382e-06
2.931880910986865631e-06
2.631512722036972893e-06
2.360158573994456323e-06
2.115206225644650218e-06
1.894258881009793647e-06
1.695119377615145572e-06
1.515775349716559169e-06
1.354385323355740836e-06
1.209265700421669618e-06
1.078878589440339925e-06
9.618204414586524368e-07
8.568114502227218339e-07
7.626856767224874928e-07
6.783818592355326359e-07
6.029348710533608000e-07
5.354677892811022200e-07
4.751845393029418084e-07
4.213630807584373359e-07
3.733491022169375418e-07
3.305501930232664240e-07
2.924304621080609830e-07
2.585055749611419324e-07
2.283381812292185350e-07
2.015337067588009948e-07
1.777364852093945748e-07
1.566262056605336745e-07
1.379146538761543235e-07
1.213427261191911299e-07
1.066776956530764341e-07
9.371071315463297398e-08
8.225452344155594061e-08
7.214138198844379047e-08
6.322115571869029065e-08
5.535959358318358712e-08
4.843675339622340073e-08
4.234557226867650501e-08
3.699056888947555613e-08
3.228666670028961363e-08
2.815812780690991359e-08
2.453758818884975309e-08
2.136518547818897868e-08
1.858777123474843538e-08
1.615820025106460127e-08
1.403469001229755360e-08
1.218024396878631533e-08
1.056213279645177057e-08
9.151428279182927426e-09
7.922584902671082898e-09
6.853064657500128654e-09
5.923000925473151657e-09
5.114897685867650128e-09
4.413360593914277895e-09
3.804856795838148120e-09
3.277500647309449168e-09
2.820862693760406808e-09
2.425799597720140424e-09
2.084302844034828379e-09
1.789364289630505446e-09
1.534856809364580397e-09
1.315428443458657368e-09
1.126408606601150073e-09
9.637250841809243772e-10
8.238306336024573378e-10
7.036381488708607151e-10
6.004634510399576011e-10
5.119748514559026426e-10
4.361487337762296987e-10
3.712304791216620790e-10
3.157001125827907397e-10
2.682421530927285410e-10
2.277191585514023526e-10
1.931485446993062571e-10
1.636822944730744570e-10
1.385892117709530879e-10
1.172394211066097732e-10
9.909083421669339713e-11
8.367735434124870859e-11
7.059859833570662351e-11
5.951095931104502394e-11
5.011983251190373076e-11
4.217286279766140501e-11
3.545409620576008874e-11
2.977890077308802604e-11
2.498957142058700731e-11
2.095153975089490407e-11
1.755007796807827291e-11
1.468747575119146795e-11
1.228059200305099695e-11
1.025875086052686180e-11
8.561930446665746737e-12
7.139207417285679234e-12
5.947416161951176491e-12
4.950006328928325286e-12
4.116055758408401294e-12
3.419430030739144400e-12
2.838065603898159043e-12
2.353347185632938909e-12
1.949592627740305861e-12
1.613593868031342016e-12
1.334248470490406204e-12
1.102225925475846866e-12
9.096907498001027607e-13
7.500777842197163321e-13
6.178835442186901221e-13
5.085029889196969032e-13
4.180871026191791893e-13
3.434186241653530310e-13
2.818152171717333543e-13
2.310407323407145912e-13
1.892315661990654782e-13
1.548387696714912644e-13
1.265738930838920978e-13
1.033686786516013705e-13
8.433497922846490836e-14
6.873879362359146777e-14
5.597251552478335772e-14
4.553249591008525039e-14
3.700266079547309398e-14
3.004147001770273708e-14
2.436609301474918181e-14
1.974361905133358170e-14
1.598147276571429859e-14
1.292327857718293500e-14
1.043981515409562796e-14
8.425316395015496448e-15
6.793141347955285483e-15
5.471026998826704916e-15
4.401852605618870700e-15
3.538476398208887488e-15
2.841204280144240966e-15
2.278706857832188615e-15
1.825908010220521812e-15
1.461720323569094824e-15
1.168497814456415232e-15
9.335146742119177040e-16
7.447587218386008042e-16
5.933807454630121010e-16
4.724609035450366061e-16
3.757162027612089667e-16
2.985925579947320651e-16
2.371744652125566491e-16
1.879038626173663815e-16
1.486811353237366824e-16
1.172121175811130191e-16
9.265671359226006211e-17
7.329377039512263160e-17
5.741871397722517301e-17
4.547547866763526901e-17
3.572696327023759568e-17
2.821636383528290266e-17
2.197177315299509647e-17
1.756796413120194358e-17
1.311281672206458873e-17
1.054044050828596619e-17
8.234186273642302923e-18
6.779196711314543699e-18
5.247762367081544030e-18
4.069319294281581235e-18
3.037344607545537256e-18
2.544405396228882893e-18
2.030149251776847480e-18
1.720802732239299511e-18
1.311502649515647965e-18
7.425554290893287251e-19
7.280216986770420863e-19
3.739438227044930858e-19
4.538584652278448278e-19
3.657215472813445044e-19
3.965260489138724363e-19
5.029977554966377470e-19
2.336441384891342069e-19
1.784402026062867963e-20
2.383097347473866968e-19
1.326414396727722339e-19
1.572103937995380623e-19
0.000000000000000000e+00
0.000000000000000000e+00
6.995507071965249920e-20
2.707109148284345982e-19
3.447082830591750011e-19
9.856948978359732702e-20
6.561844193597172874e-20
0.000000000000000000e+00
2.054265882428644472e-19
3.802875839175781181e-19
1.987693247211201341e-19
1.776686694476075951e-19
3.283503435451209162e-19
1.951849365603162136e-19
3.337732438806985576e-19
0.000000000000000000e+00
2.669561897810083192e-19
3.956314352692664607e-19
1.009532932766402393e-19
1.235869523505726882e-19
3.826061484385928307e-19
2.092411336183056669e-19
0.000000000000000000e+00
3.750720730590729338e-19
1.075767249111681078e-19
1.800811039176701625e-19
0.000000000000000000e+00
3.754949451797269868e-19
0.000000000000000000e+00
7.096576289450819028e-20
1.217618735932845928e-19
1.788304235654795113e-19
0.000000000000000000e+00
0.000000000000000000e+00
6.115216381356675230e-20
1.644721102195156927e-19
3.282733322418932855e-19
9.160088857238868535e-20
6.559778245301829603e-20
6.052419220658273364e-20
5.817595663274133210e-20
4.654923217678536179e-19
1.011381034151710424e-19
1.662292460409758811e-19
6.469162519128959855e-20
5.798539557865606992e-21
2.561460348723780584e-19
0.000000000000000000e+00
4.090566064745206398e-19
2.432929042935022578e-19
1.268881349172585376e-19
6.400822749807307078e-20
5.515429467832450719e-20
5.275183251091995346e-20
0.000000000000000000e+00
0.000000000000000000e+00
0.000000000000000000e+00
4.260341826141779144e-20
4.254855297289313968e-20
4.084817628168015981e-20
9.015650401013225798e-20
4.367673611233794436e-20
8.810794041401324461e-20
1.434103804688833416e-19
0.000000000000000000e+00
3.284526472451417062e-20
2.875857929958531412e-19
1.587468946656560559e-19
0.000000000000000000e+00
8.332671624195066534e-20
1.910304846040391050e-19
2.521187339635378443e-19
5.412023724047983412e-20
0.000000000000000000e+00
1.340419848331513470e-19
1.440152242769942959e-19
4.318312517495971608e-20
2.385066060766766405e-19
2.560547498907388348e-19
3.065499682773019538e-19
1.633830436269203311e-19
1.485502703174395111e-19
4.815281092177335791e-20
0.000000000000000000e+00
8.680993222797129116e-20
1.952913343062310419e-19
1.534051657190663566e-19
3.512155587773874091e-19
3.210552198091104979e-19
0.000000000000000000e+00
2.976123152622697100e-19
2.172675889424607588e-19
2.130756313634837903e-19
6.010887485368044330e-20
3.029706834568938774e-19
2.718620740345257917e-19
2.675001553432010602e-19
6.708330152774401943e-20
5.130118384511936081e-20
2.531273331427808473e-19
1.666317883907947999e-19
3.142808270336388441e-19
1.218328187984214812e-19
2.108280803699858137e-19
0.000000000000000000e+00
2.019542531047510334e-19
6.074893331771424057e-20
4.586796218618687972e-19
1.820215803529877027e-19
0.000000000000000000e+00
0.000000000000000000e+00
1.989535249364591334e-19
0.000000000000000000e+00
9.560043507626221870e-20
1.505227157026755784e-19
2.552762901952591781e-19
0.000000000000000000e+00
4.163918329107648993e-20
4.013788732232724239e-20
1.406798417946539978e-19
3.512310394962024119e-19
2.131141980498928050e-19
0.000000000000000000e+00
2.935118025607306828e-19
2.088109237730950193e-19
5.126937863781345571e-20
1.419816487084783301e-19
2.463515864906214719e-19
3.583550632571354343e-19
2.650411349729596255e-19
0.000000000000000000e+00
0.000000000000000000e+00
1.390911924973835803e-19
1.458027847352302747e-19
0.000000000000000000e+00
1.884158764496293383e-19
4.465688819270133686e-20
3.504905729582041085e-20
3.266450820228590584e-20
1.333299066356254466e-19
0.000000000000000000e+00
1.307045170367547652e-19
3.380768162041296013e-20
0.000000000000000000e+00
1.268391532421867772e-19
1.836106245553537340e-19
2.897501427692165224e-19
2.455142284502319777e-19
3.956762644397442288e-20
4.881495183170975681e-19
5.404782465878045890e-20
3.180566891156208730e-20
1.311655463107376645e-19
0.000000000000000000e+00
0.000000000000000000e+00
2.499154390482290474e-20
7.554518281197277589e-20
0.000000000000000000e+00
1.243493054308750640e-19
4.362449619509022189e-19
1.982930891652657367e-19
2.395193141675495575e-19
0.000000000000000000e+00
2.566382951316599140e-20
2.465668805215031164e-20
2.282904824423317752e-19
3.378612774490777111e-20
2.436105774632923458e-20
1.248076116703645897e-19
0.000000000000000000e+00
0.000000000000000000e+00
4.797015729200025923e-19
0.000000000000000000e+00
0.000000000000000000e+00
2.016862488106438519e-20
1.218446068188507767e-19
2.371724236864811443e-20
2.235122773923395750e-19
1.300111925933309758e-19
0.000000000000000000e+00
0.000000000000000000e+00
0.000000000000000000e+00
0.000000000000000000e+00
0.000000000000000000e+00
1.156232875904641884e-19
1.736596352120518466e-20
1.292051473751486621e-20
0.000000000000000000e+00
1.640858543295671774e-19
1.712022739667018055e-20
1.113622250447767480e-20
6.114630569245132254e-20
1.655204101879907839e-19
1.186242011249465188e-19
0.000000000000000000e+00
5.727038913112327169e-19
1.356255548832525373e-19
1.220746895044049133e-19
2.748951002343450767e-19
2.305119165890056008e-19
2.582550066198983012e-20
1.863480768677840528e-20
1.198448900691791430e-19
1.924685813565034909e-20
1.664035576588580398e-20
1.690933166925325762e-19
1.230697372840844040e-19
2.751064703610142101e-19
2.493586274648980555e-20
2.214541458262777364e-19
1.252647259561020969e-19
2.033857186004823207e-20
1.634849654947135052e-20
1.518786863230515457e-20
1.420169432291424520e-20
3.201677680082119222e-19
1.763102314299015263e-19
1.975497192434015578e-20
4.236853005506997334e-19
2.692120431971355479e-20
1.186763221456977025e-19
3.750598974556197947e-19
1.284341767364649404e-19
2.760316650402325454e-19
1.780648785202723107e-19
0.000000000000000000e+00
1.197941663203276676e-19
1.730651833497206524e-19
0.000000000000000000e+00
2.207935042524831761e-19
3.791328797405975494e-19
0.000000000000000000e+00
0.000000000000000000e+00
6.658580161551270623e-20
1.622671613351819673e-20
3.208226279007625829e-19
4.302135231778362183e-19
0.000000000000000000e+00
0.000000000000000000e+00
1.164781593605031437e-19
1.181780284640015377e-19
2.703925541432145118e-19
6.983795854514783508e-20
1.474834996452921533e-20
6.352316559868792338e-20
1.277906312607883233e-20
1.641447543571260165e-19
1.323930868460899702e-20
0.000000000000000000e+00
1.108916095200295563e-19
1.634414116344471377e-19
0.000000000000000000e+00
0.000000000000000000e+00
1.091487144055025064e-19
0.000000000000000000e+00
2.107086918183468768e-19
9.405478487866792666e-21
0.000000000000000000e+00
0.000000000000000000e+00
0.000000000000000000e+00
0.000000000000000000e+00
0.000000000000000000e+00
1.054338953857763716e-19
4.431724379184938240e-21
2.916816785482198791e-21
2.071453083533887800e-19
5.462664022372576723e-21
0.000000000000000000e+00
1.561758025439908777e-19
4.813370783254977164e-21
3.060821312826445374e-21
2.073232569750576016e-19
2.092365968335946234e-19
5.737031134243171879e-21
0.000000000000000000e+00
3.267194367465394664e-21
2.587196555869075235e-19
1.591426132242613840e-19
0.000000000000000000e+00
1.060957100328800351e-19
4.464499917423241714e-21
5.149931896875302683e-19
8.203097856163607422e-21
3.629366093140751091e-19
0.000000000000000000e+00
0.000000000000000000e+00
3.113482062368967266e-19
0.000000000000000000e+00
4.220829956991508872e-21
1.569667641350915780e-19
1.063734947858532482e-19
1.058666923700539250e-19
2.079201929773824695e-19
5.153131715133602014e-19
3.126426427810018575e-19
5.419746730104727266e-21
0.000000000000000000e+00
0.000000000000000000e+00
4.114151711520431330e-19
1.566913041333767306e-19
1.048599973418925259e-19
4.113075088295224896e-19
0.000000000000000000e+00
2.571735999673871985e-19
5.248107703537721052e-20
3.075643843809878175e-19
1.150334843167263969e-22
1.366043446849212125e-23
1.414274768011012010e-24
1.535213895794499958e-25
1.720734437579838550e-26
1.744795537623523818e-27
1.703042986609083671e-28
1.849749972337991582e-29
2.063768083028444673e-30
2.165934474325433193e-31
2.124610581859739756e-32
2.011728310426051019e-33
1.907671862705591431e-34
1.846245458213975541e-35
1.833314878435258037e-36
1.886731146470650376e-37
2.051218320378774160e-38
2.373069410290419271e-39
2.894042714278282685e-40
3.636513188044666653e-41
4.606409498328749655e-42
5.808179752854278634e-43
7.258266549936414317e-44
8.983049340803473800e-45
1.100092896048189763e-45
1.330372494792724270e-46
1.585260736229592267e-47
1.858972524600127736e-48
2.145410916096577119e-49
2.439032444503973241e-50
2.734873563314938705e-51
3.028672131326775278e-52
3.318092451248458945e-53
3.605009758008162798e-54
3.897446594011226772e-55
4.209257021553879717e-56
4.556565384002437864e-57
4.951821457067986941e-58
5.398009646832013069e-59
5.886045380847284862e-60
6.397412071358053024e-61
6.912106889194609752e-62
7.419841052437294967e-63
7.930991376693951437e-64
8.483511887491447001e-65
9.143008228179511006e-66
9.995231117941664763e-67
1.113277205124247396e-67
1.263983977370135225e-68
1.457973833488081829e-69
1.698863252338546056e-70
1.987680829284712825e-71
2.323605260791684792e-72
2.705019087166104617e-73
3.130580919015222459e-74
3.600144811112203279e-75
4.115518484048906080e-76
4.681159859386217602e-77
5.304915498308498409e-78
5.998814867676304087e-79
6.779803824951518725e-80
7.670197052752532367e-81
8.697608648671253289e-82
9.894209925221437415e-83
1.129535290413445623e-83
1.293783616236255730e-84
1.485829251935655024e-85
1.709224863290201050e-86
1.967427084338331346e-87
2.263926028221705351e-88
2.602447614060115383e-89
2.987141432996025317e-90
3.422644293841763946e-91
3.913923605427983108e-92
4.465856994246210123e-93
5.082582035371935887e-94
5.766729253696321941e-95
6.518707593981925254e-96
7.336227241929470805e-97
8.214216776658096514e-98
9.145230950478501277e-99
1.012037154795301184e-99
1.113067735097255501e-100
1.216889462801579098e-101
1.323152114369448955e-102
1.432101908777911122e-103
1.544810409266959836e-104
1.663402626774660660e-105
1.791275645155814055e-106
1.933297516103572257e-107
2.095973910289138036e-108
2.287568244152125955e-109
2.518161082102654327e-110
2.799637525761968337e-111
3.145597129669883745e-112
3.571188489719972019e-113
4.092877777768757026e-114
4.728164407585198997e-115
5.495255617055943922e-116
6.412704845256275637e-117
7.499008968836234538e-118
8.772152110239515790e-119
1.024908574062409426e-119
1.194515225949321384e-120
1.387349458318053584e-121
1.604454396879026937e-122
1.846573196703008128e-123
2.114161419799020368e-124
2.407460586388017235e-125
2.726649705546414412e-126
3.072083393949648505e-127
3.444612604837247759e-128
3.845968955921514463e-129
4.279179173211241701e-130
4.748965747912727658e-131
5.262086713024141448e-132
5.827573526192339564e-133
6.456841653672935662e-134
7.163671764715107154e-135
7.964086721384614590e-136
8.876175732477526789e-137
9.919936743312646271e-138
1.111721678028251860e-138
1.249182489299893088e-139
1.406987360937476631e-140
1.588037569667943114e-141
1.795609009337590370e-142
2.033458438699788360e-143
2.305947680764293774e-144
2.618186548857757139e-145
2.976210228706178976e-146
3.387245019155079916e-147
3.860208255925430600e-148
4.406807622995945821e-149
5.044129030337641291e-150
5.800853373782790084e-151
6.732221641834076281e-152
7.955929820406930119e-153
9.737785741494985095e-154
1.269499436371394027e-154
1.827590948966885838e-155
2.988584559512013820e-156
5.551388820051950423e-157
1.138266125329693438e-157
2.482222934409938046e-158
5.590551386526177755e-159
1.277085689492790435e-159
2.929908446953347202e-160
6.716804976383084102e-161
1.534798407556045749e-161
3.491219070807993014e-162
7.900761079729199734e-163
1.778231899203447177e-163
3.979804720319967930e-164
8.856188666969797990e-165
1.959372314635099542e-165
4.309758504748015107e-166
9.424087855784163721e-167
2.048625213867883373e-167
4.427002258908639149e-168
9.509740515490341642e-169
2.030612732947061850e-169
4.309956960015764555e-170
9.092724231571908313e-171
1.906681690991595913e-171
3.973866207903896076e-172
8.231649535465883008e-173
1.694676237973315288e-173
3.467371925002189721e-174
7.050427486589308726e-175
1.424686297990832593e-175
2.860877026370616320e-176
5.708770395691433578e-177
1.131974464659475457e-177
2.230326799028691627e-178
4.366417625744106661e-179
8.493641736203940528e-180
1.641577651812652484e-180
3.152206071428453883e-181
6.013678751664786230e-182
1.139790414507283457e-182
2.146127653171840627e-183
4.014379441061413409e-184
7.459334359922601499e-185
1.376850867741008817e-185
2.524440928307368041e-186
4.597494663950827327e-187
8.316510016900102493e-188
1.494207541882484306e-188
2.666346878619029117e-189
4.725461102146635015e-190
8.317242798906145043e-191
1.453810996315437504e-191
2.523571175574135791e-192
4.349985189990381460e-193
7.445778244315264749e-194
1.265516810579509495e-194
2.135731031813543192e-195
3.578749054803790293e-196
5.953976652041586566e-197
9.834657883624468482e-198
1.612770618458202189e-198
2.625621044290116620e-199
4.243482073959122815e-200
6.808136972079606336e-201
1.084262386721481395e-201
1.714056813498730254e-202
2.689584371488034865e-203
4.188886617538984984e-204
6.475148780691241307e-205
9.933968048262388409e-206
1.512521925582914672e-206
2.285443395917438112e-207
3.426991222632340861e-208
5.099328754336126621e-209
7.529292982404544584e-210
1.103113291033703835e-210
1.603593343300038907e-211
2.312916486666117380e-212
3.309790544796650469e-213
4.698931284362045462e-214
6.618183000407711086e-215
9.247035231998632247e-216
1.281661036079374284e-216
1.762112131706136270e-217
2.403069045461421411e-218
3.250527601247223955e-219
4.360926978385304569e-220
5.802611027805799902e-221
7.657200586786182208e-222
1.002075938075724376e-222
1.300460916380029848e-223
1.673562522009576608e-224
2.135582435612289129e-225
2.702104770807368293e-226
3.389854400805884026e-227
4.216327927110944446e-228
5.199283953685846527e-229
6.356085661689516407e-230
7.702897341114500372e-231
9.253747372078488934e-232
1.101948274214775642e-232
1.300665383096504944e-233
1.521638189991013220e-234
1.764327425897599358e-235
2.027446204727188774e-236
2.308884151260920165e-237
2.605660026770796505e-238
2.913910416662614508e-239
3.228920755987386609e-240
3.545202971974809452e-241
3.856621384966439849e-242
4.156565371623954235e-243
4.438163868632234409e-244
4.694533349989203548e-245
4.919047750541134168e-246
5.105616243537317415e-247
5.248953095344003088e-248
5.344823241010440435e-249
5.390247885697951672e-250
5.383656363213880155e-251
5.324973576346320655e-252
5.215636387667281539e-253
5.058537005416896756e-254
4.857896326270561559e-255
4.619074931671616385e-256
4.348333574888875212e-257
4.052558185186470466e-258
3.738966389757642337e-259
3.414813169949152640e-260
3.087112515672741958e-261
2.762389941496171073e-262
2.446477713955529401e-263
2.144360930129645730e-264
1.860078546553200292e-265
1.596679454374814380e-266
1.356230067082327005e-267
1.139866901466573439e-268
9.478854738224826729e-270
7.798555874942388282e-271
6.347527452841305850e-272
5.110958886387941671e-273
4.070827898689393251e-274
3.207160106906594696e-275
2.499141838904657650e-276
1.926052786987572770e-277
1.468003064843282223e-278
1.106474838720522338e-279
8.246811329562864705e-281
6.077632949798461628e-282
4.428539759789900621e-283
3.190346828276323798e-284
2.272165370768525281e-285
1.599704979964043106e-286
1.113296460691602500e-287
7.658180424620288384e-289
5.206631810351251339e-290
3.498461765073815433e-291
2.323050644788399617e-292
1.524311063829712453e-293
9.883113960438815076e-295
6.331272162022246704e-296
4.007159612447216850e-297
2.505544247162189155e-298
1.547598788807010761e-299
9.442270564352957119e-301
5.690192149307113742e-302
3.386728014164347290e-303
1.990704765706480438e-304
1.155517628019698370e-305
6.623069221808419406e-307
3.748215986488640655e-308
2.094314459557146967e-309
1.155261468305226246e-310
6.290841147261131115e-312
3.381394714617438074e-313
1.793949421841170384e-314
9.393337173540888128e-316
4.853924222416326293e-317
2.475125606627351225e-318
1.245341866907446039e-319
6.180761229473994268e-321
3.013800439631603919e-322
9.881312916824930884e-324
0.000000000000000000e+00
0.000000000000000000e+00
0.000000000000000000e+00
0.000000000000000000e+00
0.000000000000000000e+00
0.000000000000000000e+00
0.000000000000000000e+00
0.000000000000000000e+00
0.000000000000000000e+00
0.000000000000000000e+00
0.000000000000000000e+00
0.000000000000000000e+00
0.000000000000000000e+00
0.000000000000000000e+00
0.000000000000000000e+00
0.000000000000000000e+00
0.000000000000000000e+00
0.000000000000000000e+00
0.000000000000000000e+00
0.000000000000000000e+00
0.000000000000000000e+00
0.000000000000000000e+00
0.000000000000000000e+00
0.000000000000000000e+00
0.000000000000000000e+00
0.000000000000000000e+00
0.000000000000000000e+00
0.000000000000000000e+00
0.000000000000000000e+00
0.000000000000000000e+00
0.000000000000000000e+00
0.000000000000000000e+00
0.000000000000000000e+00
0.000000000000000000e+00
0.000000000000000000e+00
0.000000000000000000e+00
0.000000000000000000e+00
0.000000000000000000e+00
0.000000000000000000e+00
0.000000000000000000e+00
0.000000000000000000e+00
0.000000000000000000e+00
0.000000000000000000e+00
0.000000000000000000e+00
0.000000000000000000e+00
0.000000000000000000e+00
0.000000000000000000e+00
0.000000000000000000e+00
0.000000000000000000e+00
0.000000000000000000e+00
0.000000000000000000e+00
0.000000000000000000e+00
0.000000000000000000e+00
0.000000000000000000e+00
0.000000000000000000e+00
0.000000000000000000e+00
0.000000000000000000e+00
0.000000000000000000e+00
0.000000000000000000e+00
0.000000000000000000e+00
0.000000000000000000e+00
0.000000000000000000e+00
0.000000000000000000e+00
0.000000000000000000e+00
0.000000000000000000e+00
0.000000000000000000e+00
0.000000000000000000e+00
0.000000000000000000e+00
0.000000000000000000e+00
0.000000000000000000e+00
0.000000000000000000e+00
0.000000000000000000e+00
0.000000000000000000e+00
0.000000000000000000e+00
0.000000000000000000e+00
0.000000000000000000e+00
0.000000000000000000e+00
0.000000000000000000e+00
0.000000000000000000e+00
0.000000000000000000e+00
0.000000000000000000e+00
0.000000000000000000e+00
0.000000000000000000e+00
0.000000000000000000e+00
0.000000000000000000e+00
0.000000000000000000e+00
0.000000000000000000e+00
0.000000000000000000e+00
0.000000000000000000e+00
0.000000000000000000e+00
0.000000000000000000e+00
0.000000000000000000e+00
0.000000000000000000e+00
0.000000000000000000e+00
0.000000000000000000e+00
0.000000000000000000e+00
0.000000000000000000e+00
0.000000000000000000e+00
0.000000000000000000e+00
0.000000000000000000e+00
0.000000000000000000e+00
0.000000000000000000e+00
0.000000000000000000e+00
0.000000000000000000e+00
0.000000000000000000e+00
0.000000000000000000e+00
0.000000000000000000e+00
0.000000000000000000e+00
0.000000000000000000e+00
0.000000000000000000e+00
0.000000000000000000e+00
0.000000000000000000e+00
0.000000000000000000e+00
0.000000000000000000e+00
0.000000000000000000e+00
0.000000000000000000e+00
0.000000000000000000e+00
0.000000000000000000e+00
0.000000000000000000e+00
0.000000000000000000e+00
0.000000000000000000e+00
0.000000000000000000e+00
0.000000000000000000e+00
0.000000000000000000e+00
0.000000000000000000e+00
0.000000000000000000e+00
0.000000000000000000e+00
0.000000000000000000e+00
0.000000000000000000e+00
0.000000000000000000e+00
0.000000000000000000e+00
0.000000000000000000e+00
0.000000000000000000e+00
0.000000000000000000e+00
0.000000000000000000e+00
0.000000000000000000e+00
0.000000000000000000e+00
0.000000000000000000e+00
0.000000000000000000e+00
0.000000000000000000e+00
0.000000000000000000e+00
0.000000000000000000e+00
0.000000000000000000e+00
0.000000000000000000e+00
0.000000000000000000e+00
0.000000000000000000e+00
0.000000000000000000e+00
0.000000000000000000e+00
0.000000000000000000e+00
0.000000000000000000e+00
0.000000000000000000e+00
0.000000000000000000e+00
0.000000000000000000e+00
0.000000000000000000e+00
0.000000000000000000e+00
0.000000000000000000e+00
0.000000000000000000e+00
0.000000000000000000e+00
0.000000000000000000e+00
0.000000000000000000e+00
0.000000000000000000e+00
0.000000000000000000e+00
0.000000000000000000e+00
0.000000000000000000e+00
0.000000000000000000e+00
0.000000000000000000e+00
0.000000000000000000e+00
0.000000000000000000e+00
0.000000000000000000e+00
0.000000000000000000e+00
0.000000000000000000e+00
0.000000000000000000e+00
0.000000000000000000e+00
0.000000000000000000e+00
0.000000000000000000e+00
0.000000000000000000e+00
0.000000000000000000e+00
0.000000000000000000e+00
0.000000000000000000e+00
0.000000000000000000e+00
0.000000000000000000e+00
0.000000000000000000e+00
0.000000000000000000e+00
0.000000000000000000e+00
0.000000000000000000e+00
0.000000000000000000e+00
0.000000000000000000e+00
0.000000000000000000e+00
0.000000000000000000e+00
0.000000000000000000e+00
0.000000000000000000e+00
0.000000000000000000e+00
0.000000000000000000e+00
0.000000000000000000e+00
0.000000000000000000e+00
0.000000000000000000e+00
0.000000000000000000e+00
0.000000000000000000e+00
0.000000000000000000e+00
0.000000000000000000e+00
0.000000000000000000e+00
0.000000000000000000e+00
0.000000000000000000e+00
0.000000000000000000e+00
0.000000000000000000e+00
0.000000000000000000e+00
0.000000000000000000e+00
0.000000000000000000e+00
0.000000000000000000e+00
0.000000000000000000e+00
0.000000000000000000e+00
0.000000000000000000e+00
0.000000000000000000e+00
0.000000000000000000e+00
0.000000000000000000e+00
0.000000000000000000e+00
0.000000000000000000e+00
0.000000000000000000e+00
0.000000000000000000e+00
0.000000000000000000e+00
0.000000000000000000e+00
0.000000000000000000e+00
0.000000000000000000e+00
0.000000000000000000e+00
0.000000000000000000e+00
0.000000000000000000e+00
0.000000000000000000e+00
0.000000000000000000e+00
0.000000000000000000e+00
0.000000000000000000e+00
0.000000000000000000e+00
0.000000000000000000e+00
0.000000000000000000e+00
0.000000000000000000e+00
0.000000000000000000e+00
0.000000000000000000e+00
0.000000000000000000e+00
0.000000000000000000e+00
0.000000000000000000e+00
0.000000000000000000e+00
0.000000000000000000e+00
0.000000000000000000e+00
0.000000000000000000e+00
0.000000000000000000e+00
0.000000000000000000e+00
0.000000000000000000e+00
0.000000000000000000e+00
0.000000000000000000e+00
0.000000000000000000e+00
0.000000000000000000e+00
0.000000000000000000e+00
0.000000000000000000e+00
0.000000000000000000e+00
0.000000000000000000e+00
0.000000000000000000e+00
0.000000000000000000e+00
0.000000000000000000e+00
0.000000000000000000e+00
0.000000000000000000e+00
0.000000000000000000e+00
0.000000000000000000e+00
0.000000000000000000e+00
0.000000000000000000e+00
0.000000000000000000e+00
0.000000000000000000e+00
0.000000000000000000e+00
0.000000000000000000e+00
0.000000000000000000e+00
0.000000000000000000e+00
0.000000000000000000e+00
0.000000000000000000e+00
0.000000000000000000e+00
0.000000000000000000e+00
0.000000000000000000e+00
0.000000000000000000e+00
0.000000000000000000e+00
0.000000000000000000e+00
0.000000000000000000e+00
0.000000000000000000e+00
0.000000000000000000e+00
0.000000000000000000e+00
0.000000000000000000e+00
0.000000000000000000e+00
0.000000000000000000e+00
0.000000000000000000e+00
0.000000000000000000e+00
0.000000000000000000e+00
0.000000000000000000e+00
0.000000000000000000e+00
0.000000000000000000e+00
0.000000000000000000e+00
0.000000000000000000e+00
0.000000000000000000e+00
0.000000000000000000e+00
0.000000000000000000e+00
0.000000000000000000e+00
0.000000000000000000e+00
0.000000000000000000e+00
0.000000000000000000e+00
0.000000000000000000e+00
0.000000000000000000e+00
0.000000000000000000e+00
0.000000000000000000e+00
0.000000000000000000e+00
0.000000000000000000e+00
0.000000000000000000e+00
0.000000000000000000e+00
0.000000000000000000e+00
0.000000000000000000e+00
0.000000000000000000e+00
0.000000000000000000e+00
0.000000000000000000e+00
0.000000000000000000e+00
0.000000000000000000e+00
0.000000000000000000e+00
0.000000000000000000e+00
0.000000000000000000e+00
0.000000000000000000e+00
0.000000000000000000e+00
0.000000000000000000e+00
0.000000000000000000e+00
0.000000000000000000e+00
0.000000000000000000e+00
0.000000000000000000e+00
0.000000000000000000e+00
0.000000000000000000e+00
0.000000000000000000e+00
