2.139612209702540790e-01
2.767304435009233787e-02
9.089579957304975283e-03
5.638246306333450329e-03
5.126288306675052218e-03
5.277963650446490171e-03
5.560809584876542054e-03
5.849118762979501132e-03
6.118457981816789217e-03
6.367818385510449000e-03
6.600210154395403164e-03
6.818437992887477206e-03
7.024518431695587692e-03
7.219812777680803366e-03
7.405220074888317454e-03
7.581321280836935544e-03
7.748476785319815055e-03
7.906892628377298546e-03
8.056666960667672669e-03
8.197823850483685129e-03
8.330338651401940700e-03
8.454157462549872007e-03
8.569212251050116122e-03
8.675432648632854307e-03
8.772755105168341186e-03
8.861129883865309642e-03
8.940526261639629088e-03
9.010936222223703621e-03
9.072376880332893440e-03
9.124891841465521819e-03
9.168551676991015809e-03
9.203453674137376458e-03
9.229721003092257112e-03
9.247501427499471571e-03
9.256965669616102829e-03
9.258305527110304717e-03
9.251731824929885703e-03
9.237472272943678120e-03
9.215769288261918199e-03
9.186877830367756737e-03
9.151063287500081980e-03
9.108599444142129534e-03
9.059766551981733237e-03
9.004849520270951854e-03
8.944136236072571314e-03
8.877916020348207080e-03
8.806478222141221612e-03
8.730110950137053363e-03
8.649099938556531475e-03
8.563727542565381656e-03
8.474271857079936771e-03
8.381005951944393503e-03
8.284197215872117145e-03
8.184106801229445657e-03
8.080989161638529178e-03
7.975091674438718539e-03
7.866654340239510879e-03
7.755909552084067765e-03
7.643081927099992616e-03
7.528388193913394463e-03
7.412037129534086374e-03
7.294229539861571410e-03
7.175158278408130808e-03
7.055008298275024237e-03
6.933956732845035324e-03
6.812173001064294846e-03
6.689818933576271130e-03
6.567048916337315731e-03
6.444010048687096037e-03
6.320842313165575196e-03
6.197678754664275383e-03
6.074645666770493030e-03
5.951862783413047579e-03
5.829443474144869325e-03
5.707494941605700985e-03
5.586118419895582006e-03
5.465409372760552525e-03
5.345457690644983550e-03
5.226347885804317160e-03
5.108159284795235275e-03
4.990966217772520828e-03
4.874838204121299118e-03
4.759840134041787643e-03
4.646032445783434932e-03
4.533471298294612824e-03
4.422208739116376131e-03
4.312292867403359764e-03
4.203767992001943878e-03
4.096674784558326961e-03
3.991050427664493555e-03
3.886928758081298254e-03
3.784340405104222923e-03
3.683312924159714251e-03
3.583870925738329594e-03
3.486036199786074485e-03
3.389827835687226221e-03
3.295262337981321940e-03
3.202353737963661330e-03
3.111113701323133234e-03
3.021551631973959633e-03
2.933674772238585842e-03
2.847488299538273107e-03
2.762995419746126172e-03
2.680197457353796376e-03
2.599093942599266672e-03
2.519682695697805438e-03
2.441959908312932304e-03
2.365920222397854995e-03
2.291556806531138465e-03
2.218861429863831520e-03
2.147824533787986902e-03
2.078435301429378858e-03
2.010681725060123326e-03
1.944550671519874830e-03
1.880027945727044247e-03
1.817098352355093951e-03
1.755745755742006047e-03
1.695953138095071663e-03
1.637702656047129810e-03
1.580975695614536981e-03
1.525752925602182151e-03
1.472014349495851969e-03
1.419739355877690755e-03
1.368906767396424647e-03
1.319494888320300830e-03
1.271481550697328971e-03
1.224844159144347763e-03
1.179559734283984040e-03
1.135604954846091428e-03
1.092956198448556161e-03
1.051589581070501087e-03
1.011480995229883462e-03
9.726061468761233427e-04
9.349405910079938362e-04
8.984597660261317391e-04
8.631390268295412648e-04
8.289536766650965711e-04
7.958789977392790801e-04
7.638902806016576114e-04
7.329628523098427996e-04
7.030721033863180681e-04
6.741935135780815526e-04
6.463026764307626057e-04
6.193753226896426102e-04
5.933873425408390254e-04
5.683148067068273090e-04
5.441339864113391416e-04
5.208213722296262246e-04
4.983536918409935557e-04
4.767079267015017648e-04
4.558613276555436526e-04
4.357914295060135346e-04
4.164760645635871578e-04
3.978933751965011670e-04
3.800218254030034593e-04
3.628402114293578697e-04
3.463276714571344203e-04
3.304636943839105840e-04
3.152281277223829337e-04
3.006011846432106644e-04
2.865634501875164841e-04
2.730958866752806699e-04
2.601798383363396693e-04
2.477970351908688408e-04
2.359295962065551379e-04
2.245600317597642298e-04
2.136712454281663369e-04
2.032465351423085303e-04
1.932695937236079931e-04
1.837245088362178893e-04
1.745957623800244174e-04
1.658682293519541545e-04
1.575271762024836185e-04
1.495582587140023632e-04
1.419475194273527616e-04
1.346813846425620981e-04
1.277466610193064909e-04
1.211305318022770476e-04
1.148205526961449291e-04
1.088046474142819175e-04
1.030711029248946843e-04
9.760856441768036315e-05
9.240603001348928901e-05
8.745284523893152851e-05
8.273869728717435021e-05
7.825360908560078743e-05
7.398793319031113944e-05
6.993234552675775290e-05
6.607783899518915728e-05
6.241571695883642063e-05
5.893758663210158069e-05
5.563535238532100146e-05
5.250120898197449786e-05
4.952763476350077005e-05
4.670738479619868740e-05
4.403348399401050878e-05
4.149922023026122303e-05
3.909813745078518705e-05
3.682402880019027198e-05
3.467092977231939617e-05
3.263311139535455369e-05
3.070507346135027557e-05
2.888153780934326327e-05
2.715744167059549717e-05
2.552793108390187090e-05
2.398835438833519368e-05
2.253425580019348450e-05
2.116136908041165211e-05
1.986561129810763683e-05
1.864307669547078951e-05
1.749003065863571207e-05
1.640290379877208971e-05
1.537828614709005955e-05
1.441292146705174752e-05
1.350370168665550055e-05
1.264766145320528085e-05
1.184197281265535906e-05
1.108394001517157148e-05
1.037099444825917988e-05
9.700689698424140567e-06
9.070696742061533206e-06
8.478799265904353588e-06
7.922889117141319190e-06
7.400961883012721443e-06
6.911112599444629043e-06
6.451531588071289473e-06
6.020500420725485029e-06
5.616388010363360666e-06
5.237646827100116942e-06
4.882809237936557148e-06
4.550483968565773290e-06
4.239352685524236962e-06
3.948166696778651185e-06
3.675743768785888783e-06
3.420965057892819872e-06
3.182772153901233248e-06
2.960164233495273089e-06
2.752195321201924987e-06
2.557971655432409575e-06
2.376649157181702281e-06
2.207430998832696314e-06
2.049565270540057033e-06
1.902342741619107939e-06
1.765094714332164326e-06
1.637190967494101766e-06
1.518037787266047621e-06
1.407076082538289755e-06
1.303779582310649292e-06
1.207653112469914666e-06
1.118230949421581721e-06
1.035075247988101988e-06
9.577745411119140572e-07
8.859423088360131664e-07
8.192156141172662300e-07
7.572538030819638438e-07
6.997372673234896416e-07
6.463662659368476499e-07
5.968598049853037068e-07
5.509545721882870151e-07
5.084039246270198646e-07
4.689769273489476944e-07
4.324574407720535648e-07
3.986432548851278039e-07
3.673452682493083763e-07
3.383867098959459511e-07
3.116024022559755692e-07
2.868380633008626164e-07
2.639496461700299171e-07
2.428027145588022750e-07
2.232718522486851492e-07
2.052401051856711446e-07
1.885984545660221552e-07
1.732453194818288220e-07
1.590860876646261463e-07
1.460326729874334190e-07
1.340030983857828470e-07
1.229211029471766919e-07
1.127157719282225687e-07
1.033211885520303468e-07
9.467610644818823481e-08
8.672364166651803447e-08
7.941098323667379041e-08
7.268912128195270299e-08
6.651259174781743050e-08
6.083923684492759606e-08
5.562998034889317149e-08
5.084861692717580759e-08
4.646161471911999266e-08
4.243793042359194237e-08
3.874883617565889607e-08
3.536775754229579273e-08
3.227012199464812452e-08
2.943321724682188294e-08
2.683605887471590453e-08
2.445926666781245501e-08
2.228494919734869528e-08
2.029659609215912353e-08
1.847897757242292901e-08
1.681805077152350184e-08
1.530087245423433329e-08
1.391551771004440665e-08
1.265100426054512754e-08
1.149722202051465651e-08
1.044486757916468294e-08
9.485383283319462880e-09
8.610900633014632679e-09
7.814187698060903325e-09
7.088600297681163553e-09
6.428036694653996890e-09
5.826895570652415675e-09
5.280037059004053896e-09
4.782746631627996842e-09
4.330701646308364948e-09
3.919940374085697547e-09
3.546833328925400143e-09
3.208056751996036430e-09
2.900568082998370666e-09
2.621583301600059068e-09
2.368555983563313566e-09
2.139157971763162502e-09
1.931261520215369249e-09
1.742922838928530464e-09
1.572366902083783628e-09
1.417973453990305708e-09
1.278264115771394226e-09
1.151890504395205774e-09
1.037623307425170843e-09
9.343422151870866904e-10
8.410266763483409134e-10
7.567473901133893528e-10
6.806584892263342500e-10
6.119903664496048092e-10
5.500430797358360090e-10
4.941803063125310679e-10
4.438237998326172581e-10
3.984482966710276309e-10
3.575768614604686851e-10
3.207766123909834975e-10
2.876548189337877137e-10
2.578553150740475463e-10
2.310552323365034987e-10
2.069620063399543100e-10
1.853106367740483556e-10
1.658611936175910043e-10
1.483965305172349509e-10
1.327202035878272452e-10
1.186545709211743477e-10
1.060390553581450299e-10
9.472857006431669881e-11
8.459207522938893676e-11
7.551126341671178057e-11
6.737937405636287664e-11
6.010009843642806143e-11
5.358659791391749141e-11
4.776059993585124106e-11
4.255158663900461863e-11
3.789604949315106447e-11
3.373681897994720027e-11
3.002244951409275898e-11
2.670666931042008196e-11
2.374787468764288106e-11
2.110867530184881954e-11
1.875548206131302889e-11
1.665813234246805197e-11
1.478955122962044998e-11
1.312544826651778888e-11
1.164403434621405300e-11
1.032577962953781978e-11
9.153181268209838242e-12
8.110561250218177813e-12
7.183881153607458383e-12
6.360578207211227007e-12
5.629413332658596945e-12
4.980333568420819158e-12
4.404355827759559785e-12
3.893451543592322348e-12
3.440450476088095732e-12
3.038952526604106302e-12
2.683244958492203528e-12
2.368232661536963675e-12
2.089372113787282077e-12
1.842613983266486637e-12
1.624351091005372385e-12
1.431370977339951727e-12
1.260814363796438852e-12
1.110137306093799597e-12
9.770759662168900429e-13
8.596181391121072215e-13
7.559774138384793028e-13
6.645655003756867055e-13
5.839716158343301187e-13
5.129453569482714970e-13
4.503759725824852884e-13
3.952793414636172337e-13
3.467827121807041066e-13
3.041131464065416816e-13
2.665856186301320915e-13
2.335943791942913092e-13
2.046026629655531711e-13
1.791361041666188855e-13
1.567761388869897901e-13
1.371508583566728795e-13
1.199334411962048079e-13
1.048344937201095178e-13
9.159926329656199189e-14
8.000165228714426418e-14
6.984431274503782849e-14
6.095137841417638534e-14
5.316897842901673685e-14
4.636081257464995756e-14
4.040799774882903764e-14
3.520501812258383799e-14
3.065926592318240853e-14
2.668943523194581391e-14
2.322395122512990528e-14
2.020030290348113665e-14
1.756272829657143777e-14
1.526323852471539414e-14
1.325910814610095848e-14
1.151369084802429883e-14
9.993719563111506724e-15
8.670670212062401207e-15
7.519740504269182790e-15
6.518623801074777538e-15
5.648734993726347460e-15
4.892859896916254774e-15
4.236275142636576246e-15
3.666037459011147445e-15
3.170815044774258995e-15
2.741986738967350710e-15
2.369926619436631881e-15
2.047598838464624434e-15
1.768488997672087888e-15
1.526629436659365978e-15
1.317067828704575731e-15
1.136046305277772780e-15
9.793796170503532489e-16
8.439287775301667433e-16
7.266966780719487705e-16
6.256367570191507600e-16
5.384799168802424153e-16
4.631242347554765352e-16
3.979989645538265312e-16
3.421119492881585881e-16
2.939014922879944015e-16
2.523178659727012569e-16
2.165663853522487750e-16
1.854306832788450470e-16
1.588554846059619871e-16
1.359320403496471636e-16
1.166665172171300263e-16
9.988500579688132215e-17
8.558595010005797424e-17
7.307181188144413451e-17
6.222419926193674404e-17
5.307611256566059856e-17
4.551418332866919707e-17
3.869815820321339952e-17
3.319524526881886261e-17
2.838920669749565769e-17
2.430107508607868923e-17
2.061096699456365894e-17
1.760267551699946097e-17
1.501221095606874002e-17
1.284940300637299661e-17
1.107323662376623519e-17
9.432358660923246077e-18
7.837747906423727030e-18
6.868116582709436737e-18
5.847517448063727428e-18
4.913122507834848903e-18
4.221265084251112132e-18
3.657820968436136416e-18
3.199936711368522342e-18
2.689845565309733736e-18
2.168126907920864071e-18
1.818457115797954804e-18
1.642910122026806364e-18
1.425694402079072199e-18
1.075090113630471493e-18
1.069762153136548119e-18
8.710765322562959677e-19
7.376419412711541482e-19
6.323541586051596330e-19
5.964997665876810976e-19
3.773423716715414010e-19
4.540689869757143151e-19
3.643429369696338404e-19
1.556849616223290109e-19
3.163212960260501599e-19
3.257023311370186290e-19
3.593259304594324419e-19
3.230273563684033096e-19
1.976541665201061518e-19
3.941716379021274592e-19
1.902177059235447590e-19
1.413792450336277746e-19
1.501376992669621472e-19
1.642588763940284004e-20
4.874005651234271815e-20
9.324158236526846095e-20
1.183713337790403288e-19
1.648093609839936877e-20
1.309947226262863557e-19
2.975264664515808922e-19
1.986792060964986714e-19
2.052161616481441510e-19
4.925989151147826168e-20
7.328626904407946671e-20
7.278267774200557141e-20
1.749885109954845603e-19
9.005981516919676189e-20
7.303123066393675513e-20
1.206532844205388873e-19
0.000000000000000000e+00
0.000000000000000000e+00
2.924483458724884013e-19
8.157703701631273029e-20
0.000000000000000000e+00
5.811333702966047396e-20
1.126884112017562295e-19
7.024424534067067768e-20
1.655818586023230988e-19
1.053263686023778016e-19
1.693890621583816375e-20
3.411526377449469679e-21
2.664758537590906763e-20
0.000000000000000000e+00
0.000000000000000000e+00
1.004048617519938453e-19
6.083145690131461300e-20
5.276579717682281906e-20
0.000000000000000000e+00
1.492655945995812776e-19
6.238038854694485040e-20
5.019669264898539785e-20
7.314399988773033439e-20
1.295261687376170483e-19
1.132757782397102129e-19
1.969913848914123910e-21
3.282314017142803216e-19
1.487394827639312028e-19
1.175961395596344504e-19
2.160122517381625467e-19
1.777858548583303984e-19
7.237162416048492828e-20
5.378861887571539092e-20
7.604909774770981111e-20
5.467719087384144132e-20
4.978263267074366834e-20
1.264066065806366169e-19
1.144594833248029558e-19
1.900654271929758727e-19
7.429386128174169926e-20
1.579343305696919971e-19
1.207323289979667202e-19
6.272661498972380900e-20
5.249325014177819415e-20
5.022943248874802186e-20
4.935558354253565586e-20
2.045941152059707195e-19
1.538712780957758202e-19
6.861589314438988199e-20
2.612305105031822038e-19
8.708586514378366380e-20
8.405937166457210594e-20
2.399716761016482732e-19
1.366814260402114170e-19
1.979711214571149236e-19
1.573045148855703821e-19
0.000000000000000000e+00
1.048271404074007948e-19
1.417243850328628029e-19
1.877780450357473790e-20
1.569705450139503446e-19
2.544967329007343355e-19
3.823884449585532239e-20
5.314867967697392478e-21
7.823464043581428550e-20
6.044557334749892778e-20
2.121329227324626230e-19
2.895056584521285811e-19
4.413297479657435560e-20
0.000000000000000000e+00
1.049166556399508300e-19
9.057001296750394067e-20
1.928580558169239663e-19
1.054251895353631153e-19
6.621716118705287058e-20
8.451892904391228311e-20
6.181840389212467764e-20
1.348539378242268420e-19
6.899981841705620961e-20
5.833106222012094575e-21
1.029793843638523056e-19
1.397183514186380405e-19
0.000000000000000000e+00
0.000000000000000000e+00
1.002809641842274496e-19
3.307629076947607800e-20
1.517454355046335832e-19
6.615426616763818191e-20
0.000000000000000000e+00
0.000000000000000000e+00
0.000000000000000000e+00
0.000000000000000000e+00
0.000000000000000000e+00
9.235452709336060120e-20
5.032593762275531124e-20
4.322428042306684054e-20
1.451226021917820878e-19
5.668671271650721696e-20
0.000000000000000000e+00
1.150906559542169839e-19
5.090516388470471904e-20
4.036918595205810510e-20
1.158687535977874436e-19
1.535236838924015286e-19
5.534613043674621653e-20
0.000000000000000000e+00
3.470350793682988732e-20
1.654618260878126046e-19
1.335304491254977570e-19
0.000000000000000000e+00
8.727719209196296425e-20
4.346064081389275673e-20
2.964198073883926317e-19
7.522480679385375051e-20
2.254858618674686880e-19
1.428576804861589896e-20
0.000000000000000000e+00
1.913067797976784321e-19
0.000000000000000000e+00
3.784310177062397842e-20
1.159107212016998507e-19
1.016902801485514402e-19
9.961415432513590801e-20
1.513780105512164907e-19
3.151866511753371750e-19
2.367290852832864443e-19
7.167618595447732496e-20
0.000000000000000000e+00
0.000000000000000000e+00
2.471089180664424028e-19
1.505204527796413462e-19
1.127630072370499522e-19
2.630143245126509045e-19
2.557213644121847449e-20
1.770891430332475963e-19
9.217760296771953581e-20
1.852218278315299185e-19
0.000000000000000000e+00
9.909036551085566270e-20
8.175755509040307662e-20
5.406573385515359637e-20
0.000000000000000000e+00
4.447540115100836684e-20
2.542993550262141867e-19
1.800938528809448046e-19
1.545004644194845243e-20
0.000000000000000000e+00
1.481967253856097651e-19
0.000000000000000000e+00
0.000000000000000000e+00
1.726633400473826010e-19
1.412113641039189089e-19
0.000000000000000000e+00
9.602509187329263645e-20
1.559739605666233012e-19
1.123437009422264161e-19
2.881441333790527456e-20
0.000000000000000000e+00
4.094204551805656681e-20
2.503899559180374840e-19
7.102705247840386863e-20
1.258657598569116499e-19
5.498847552265950036e-20
4.496980882076431685e-20
6.880221499175231662e-20
4.609854924556276516e-20
6.799786206645413208e-20
9.692489191652084175e-20
1.229663777654184317e-19
1.034538551931335173e-19
0.000000000000000000e+00
0.000000000000000000e+00
3.613401764243170638e-20
3.721773253723168160e-20
8.857770196887774376e-20
1.986791783387689177e-19
8.346083634414913808e-20
4.377396247841159412e-20
1.411498889078962287e-19
1.793209661730426610e-19
3.356329124460927409e-21
3.615704433856259398e-20
6.173486182174364379e-20
1.430159643655788422e-19
9.789019772384599378e-20
9.251492380139258790e-20
9.418617814424035040e-20
0.000000000000000000e+00
0.000000000000000000e+00
8.340222818342497764e-20
1.170505643724786477e-19
4.386038462994686469e-20
6.026848488017191180e-20
3.624439549436448837e-20
2.660800990134693415e-19
6.120404804420238170e-20
0.000000000000000000e+00
1.348763916384754410e-19
2.005750764273575616e-19
5.066936880838012756e-20
3.564998983342280051e-20
2.148225603714759397e-19
3.199476635698990077e-21
0.000000000000000000e+00
2.645971151736555145e-19
8.705377657017702292e-20
4.174585688980406879e-20
1.648671208800629902e-19
1.797665784655458864e-19
1.567749471039120385e-19
5.074031105296038883e-20
3.815164779676827531e-20
1.138666921959214272e-19
2.010383762663671881e-19
2.119396003583546159e-19
2.405561551915732496e-19
2.452728439518702219e-19
1.345262059366240670e-20
4.107905720623077605e-20
1.706245206460130216e-19
4.204168674966048450e-21
2.738263327487276560e-19
1.667663252482757589e-20
1.462996857338746484e-19
0.000000000000000000e+00
1.964333562964188793e-19
2.416589225388170461e-19
1.705145778305626864e-19
7.455741803047738183e-21
1.470411368314731693e-19
1.076954820490636286e-19
1.557035274892776222e-19
2.651663107712601206e-19
1.486538558173017331e-19
1.630615866585218621e-19
6.041645005124946783e-20
4.888866978763710666e-20
4.674693482120915220e-20
4.587474228131247463e-20
1.230941474374022056e-19
0.000000000000000000e+00
1.465437285420566405e-19
5.240288409107311985e-20
2.002675713351872494e-19
0.000000000000000000e+00
0.000000000000000000e+00
1.174743779826699783e-19
4.953701120301681098e-20
9.361976581739459361e-20
0.000000000000000000e+00
6.357026791317637850e-20
4.129637251884504713e-20
3.774182086671541531e-20
6.239606674961436153e-20
3.882844653683627540e-20
2.170119139066513929e-19
2.102267681680621109e-21
3.458055759840016569e-20
0.000000000000000000e+00
2.387980594410288242e-19
2.132482540627368524e-21
5.886029189385461793e-20
1.130057095045303262e-19
1.961734394427187621e-19
0.000000000000000000e+00
1.616670228948833745e-19
1.491156466942733703e-19
2.003813148372081987e-19
0.000000000000000000e+00
1.365312289563702661e-19
4.069375172732069666e-20
5.923437790791354839e-20
0.000000000000000000e+00
2.991348495819815986e-20
3.160544478057470398e-19
5.989337620299908470e-20
8.759797584106812491e-20
3.730432235170847516e-20
0.000000000000000000e+00
5.506869456862598469e-20
0.000000000000000000e+00
2.100127680368924015e-19
4.735723682553066385e-20
8.389173230069272481e-20
1.905479952092198525e-19
2.274192546327314399e-19
5.055323452045543458e-20
5.952865606234245237e-20
5.990556799059369857e-20
3.372098371122242323e-20
0.000000000000000000e+00
2.792646626040916130e-20
2.839791991404067735e-20
1.577618565139991222e-19
6.638271475171111597e-20
1.363769822761919831e-19
9.036431811578935363e-20
1.122102499691124619e-19
3.649814844328189157e-20
2.107431492551184111e-19
1.753442698669697604e-19
4.353282504783677132e-20
1.089113480749398106e-19
2.186486048445355828e-19
0.000000000000000000e+00
8.197874598338864887e-20
8.432061528588745278e-20
3.443179591584701228e-20
2.634404965112662081e-19
2.514037916829277534e-20
0.000000000000000000e+00
2.788578578962168496e-20
2.828945561006533966e-20
0.000000000000000000e+00
1.817752001820688708e-19
1.426175226325217765e-19
0.000000000000000000e+00
7.878623920344629687e-20
0.000000000000000000e+00
2.533986725321591498e-20
0.000000000000000000e+00
4.955479571962098967e-20
0.000000000000000000e+00
1.005737532652841732e-19
3.005094647944883158e-20
0.000000000000000000e+00
9.907429749598510021e-20
2.855067457909393365e-20
2.211444832679376610e-20
4.672538897141277598e-20
0.000000000000000000e+00
9.697139313838000704e-20
2.618095337586062362e-20
1.237644836739978263e-19
0.000000000000000000e+00
0.000000000000000000e+00
1.992278056109700797e-19
3.370764322802565093e-20
9.835671379451434901e-20
1.294522035649664380e-19
1.063395900730271212e-19
0.000000000000000000e+00
1.488808207121543153e-19
3.019465252913250744e-20
0.000000000000000000e+00
7.028296730382574839e-20
2.296860023078322624e-20
0.000000000000000000e+00
1.739181984088407087e-20
1.749537174286064974e-20
1.469836356234329140e-19
1.318230010088254409e-19
1.313860650288352557e-19
0.000000000000000000e+00
1.741413315546003263e-19
0.000000000000000000e+00
0.000000000000000000e+00
1.747071906130737737e-20
1.475422198153082457e-19
2.834456199313169550e-20
0.000000000000000000e+00
0.000000000000000000e+00
0.000000000000000000e+00
1.197718406680517958e-19
0.000000000000000000e+00
1.643670356803095655e-20
1.594753085271371064e-20
1.545366556649396224e-20
1.448940653859200823e-19
2.523794481797464739e-20
6.834005967410532789e-20
2.010110402237847630e-19
1.599527434778329663e-19
8.020114710509973469e-20
7.256851388105652227e-20
2.133441664228041310e-20
9.531875010122523342e-20
1.269921148040847404e-19
2.588351061505401537e-20
1.224041807637529268e-19
5.147798008350622222e-20
2.100722405134931603e-20
2.518356196078350462e-19
3.474038962026661435e-19
2.010447751479548253e-19
0.000000000000000000e+00
2.251571040939700154e-20
7.393894503987048844e-20
1.815462931963386167e-19
6.017825537424128368e-20
1.823467998590980733e-19
1.110812280353446791e-19
5.665970151790832010e-20
2.346795466601717449e-19
0.000000000000000000e+00
1.029534876637181851e-19
0.000000000000000000e+00
4.989904074228172036e-20
2.609659443336890960e-20
0.000000000000000000e+00
1.260683497845901742e-19
0.000000000000000000e+00
1.521205092413767810e-19
1.872931900902823539e-19
1.904933623337253172e-19
2.174210405969839524e-19
2.980206599176382872e-19
0.000000000000000000e+00
2.667722963295566989e-20
2.594712232964184404e-19
0.000000000000000000e+00
1.565582269573699391e-19
3.521878664983832765e-20
2.724747257012954071e-20
5.184094398133446189e-20
2.091827453208685624e-19
1.158024261655207567e-19
0.000000000000000000e+00
1.031284018210909984e-19
0.000000000000000000e+00
1.801572116932678121e-19
1.126635762118926563e-19
2.389989532965965977e-19
3.945706176185284897e-20
0.000000000000000000e+00
0.000000000000000000e+00
1.270594932128759889e-19
3.021393405218451751e-20
1.279754557590347843e-19
8.170668707381396101e-20
5.292691722267824081e-20
0.000000000000000000e+00
4.742209454100136167e-20
4.914677559112227676e-20
2.047792398892789827e-19
3.250811643540397704e-20
1.780083641365562132e-19
2.384438627243751448e-19
1.392936278972741892e-19
1.079212918728971676e-19
3.138533455436327365e-19
0.000000000000000000e+00
1.541342756586271932e-19
2.134189012706170132e-19
1.399401833001657604e-19
1.361598277141341294e-19
5.803026113067686250e-20
1.315016144926723060e-19
1.093908896131207065e-19
0.000000000000000000e+00
2.842384350404411973e-19
1.702111821483971780e-19
0.000000000000000000e+00
1.814993867915377650e-19
3.723676880857744040e-19
4.721569253259568121e-20
1.853663786832731664e-19
1.404869494501750179e-19
1.385101448108047625e-19
1.384280783836564472e-19
3.458581008805533071e-20
2.362456650870057093e-19
9.155955202399479880e-20
3.214600731555633585e-20
2.098058133853411467e-19
0.000000000000000000e+00
0.000000000000000000e+00
2.593753183579894641e-19
3.908087842511632792e-20
2.613577417431661240e-19
0.000000000000000000e+00
2.602570281486856584e-19
3.893192590366104755e-20
1.833557698642142801e-19
8.649671804849327827e-20
4.180649482271136866e-19
7.366623351478656453e-20
0.000000000000000000e+00
0.000000000000000000e+00
0.000000000000000000e+00
2.415878176715164107e-20
2.394947872675133509e-20
2.314656353558433057e-20
2.301069406872331317e-19
0.000000000000000000e+00
4.807631871138136715e-20
0.000000000000000000e+00
0.000000000000000000e+00
1.880622521842662764e-20
1.222965782185584758e-19
7.389550400097953246e-20
2.050108569860738483e-20
1.717628910981934144e-20
1.614254914965990085e-20
1.536127375197712143e-20
1.705029108458266250e-19
1.000479316823830741e-19
1.491419670079182818e-19
0.000000000000000000e+00
1.444681943704062034e-19
9.856308641186149333e-20
2.267344141435190879e-19
1.811417558752175277e-19
4.999668727569749881e-20
1.219259647723285326e-19
9.885412124345261863e-20
2.025786384384938050e-20
1.201259178525352171e-19
2.059895633052259346e-20
3.018050101940570887e-19
2.891523428421190606e-19
3.059426090529169076e-20
4.499610214019733252e-20
4.496092549329704414e-20
7.070534557600881402e-20
1.494149767985990733e-19
0.000000000000000000e+00
0.000000000000000000e+00
2.497793997025152517e-19
0.000000000000000000e+00
0.000000000000000000e+00
9.358002840934956859e-20
0.000000000000000000e+00
4.568196003942994810e-19
3.530305968395101406e-20
4.462815258333359332e-20
1.798634345171740197e-20
1.620586220784516468e-20
1.194960619370476833e-19
1.977646428318423377e-20
1.454097161411208630e-19
2.053474126336863951e-20
0.000000000000000000e+00
1.391499781984340267e-20
0.000000000000000000e+00
1.267615532451084622e-20
9.023956545341297052e-20
1.192148813835141738e-19
6.844263511550808807e-20
1.437848773390324566e-20
6.367151011910237495e-20
1.323645002830737271e-20
0.000000000000000000e+00
1.399736103867860738e-19
1.533807320561695428e-20
1.144208005722648908e-19
0.000000000000000000e+00
6.159361840579628722e-20
1.403217554602883269e-19
1.443626035955835831e-19
1.516170487310108240e-20
0.000000000000000000e+00
1.390368180012947400e-19
1.441552843643312923e-19
2.489100169924925248e-19
2.015651744310804341e-19
0.000000000000000000e+00
1.417790782722296599e-19
2.243880430352146046e-19
1.503178765096401094e-19
1.744454308706196790e-19
1.975580434695573771e-20
9.223135489216918695e-20
9.457880856235666622e-20
1.208469079514139963e-19
0.000000000000000000e+00
1.375654201618074694e-20
1.431789186601490214e-19
0.000000000000000000e+00
1.305834543495037613e-20
6.441472355489982968e-20
1.697202061677376064e-19
2.254224173964354569e-19
2.012172485892920632e-20
0.000000000000000000e+00
8.992335202144345873e-20
1.456307717630463656e-20
1.180788779359737112e-20
2.189374119924416354e-19
1.796994421615831944e-20
1.416473305265301713e-19
0.000000000000000000e+00
0.000000000000000000e+00
6.217094766131991100e-20
1.148421036661640293e-19
1.241686834298507153e-20
3.214678824063019982e-19
1.967188153153775244e-20
1.103851877204764665e-20
9.903544140464401674e-21
3.539217877027672826e-20
1.139258488881144704e-19
0.000000000000000000e+00
8.871794197961369233e-21
8.346485240187634817e-21
5.985636098934296081e-20
3.511917234905332864e-20
3.438962988557832898e-20
6.007513939305771357e-20
5.980696327362033721e-20
0.000000000000000000e+00
6.283465746213262683e-21
1.098480117999072326e-19
8.785953060582784358e-21
5.793843252817040214e-20
2.148717447466915478e-19
1.936710089391323894e-19
9.008280429013190099e-20
9.706233106479053331e-21
5.919042493786086708e-20
8.349382190316934598e-21
1.887758285755686749e-19
8.985186586458398228e-20
6.186333600299283316e-20
6.096620249156485450e-20
8.902682649432810868e-21
7.374921801082897608e-21
6.966241879852070204e-21
8.456956417316683938e-20
8.546966798114428891e-21
6.482710156450556775e-21
0.000000000000000000e+00
3.152990070889428150e-20
0.000000000000000000e+00
8.298092168213916486e-20
5.884659084662818644e-20
1.362136118643859994e-19
8.319667631393025858e-21
0.000000000000000000e+00
4.775586468725869995e-21
4.543509640001815614e-21
1.601604254967639226e-19
7.985471675596823801e-21
1.346451112409895121e-19
2.933541442388331370e-19
8.992260496479200322e-20
8.255480447320777621e-21
1.100643619716892761e-19
1.122487690640997547e-19
8.725544260325633459e-21
0.000000000000000000e+00
5.793430876857327810e-20
0.000000000000000000e+00
5.751162500631543850e-20
8.440226828937150689e-20
7.102878909272749406e-21
1.092503550878459840e-19
7.266565027685055466e-21
8.314452139335093180e-20
8.451993800093003841e-20
6.726530353973406613e-21
5.012861502827542718e-21
4.624031468012354272e-21
4.330520052509086730e-21
5.600004776783548982e-20
4.394094298563807060e-21
8.156916620564587696e-20
5.007422210475887415e-21
0.000000000000000000e+00
8.106422406352164424e-20
1.344510507309548293e-19
1.356673178373862046e-19
0.000000000000000000e+00
5.579174888354074030e-20
4.567025258511738148e-21
3.632598398352894198e-21
5.534235237793333203e-20
2.115895831234403769e-19
1.629026730927120461e-19
6.848467281535930430e-21
4.348288426879249104e-21
2.118423298890052829e-19
3.353021313553805153e-20
5.170455419452189217e-21
8.230645138491837427e-20
1.354229295184654917e-19
1.364403577901011312e-19
1.107534710073297987e-19
0.000000000000000000e+00
3.077342312134164442e-20
5.004127740939675068e-21
8.228885619267019020e-20
0.000000000000000000e+00
8.198882017162818606e-20
5.009691833426280915e-21
0.000000000000000000e+00
3.398058270512600907e-21
3.123860168224079248e-21
5.480189582757195698e-20
0.000000000000000000e+00
2.512619272727940665e-21
2.250096837992954908e-21
1.319216085679662047e-19
3.687850068694543967e-21
1.060991136247262334e-19
3.366119668291670115e-21
0.000000000000000000e+00
5.390708718257897330e-20
2.847012131201059595e-20
1.061770324162081599e-19
0.000000000000000000e+00
2.021559594177656322e-21
1.577118199118753538e-19
5.558946623854199037e-20
2.106297601548670467e-19
4.653147934017832153e-21
0.000000000000000000e+00
8.043173183520624315e-20
2.890693668240543261e-19
1.875910461668135618e-19
0.000000000000000000e+00
3.622600514793294250e-21
1.332538693896627499e-19
2.123598895842695939e-19
5.510169775137543865e-21
1.596129796989142880e-19
1.348577564242479548e-19
4.928041984166834843e-21
1.336039872878451659e-19
4.606510861362009236e-21
2.892339339211184506e-19
8.367834882884545912e-20
0.000000000000000000e+00
0.000000000000000000e+00
5.510200757639870173e-20
3.252937613391826083e-21
0.000000000000000000e+00
5.423030777604150192e-20
1.322853271562986687e-19
0.000000000000000000e+00
0.000000000000000000e+00
1.668500716009548877e-21
0.000000000000000000e+00
1.830873014963020779e-19
1.062346794946095623e-19
1.060016150249227830e-19
5.411331953615911359e-20
5.385793675788045267e-20
2.356577324194192835e-19
2.888105046563606273e-21
5.381738258517162977e-20
1.917851917998129123e-21
1.314305066791909308e-19
0.000000000000000000e+00
1.572719973593658723e-19
1.578411207061350878e-19
5.405040431585042844e-20
5.366555131765583446e-20
2.094246124394574593e-19
1.580221696926044676e-19
1.839581364952272305e-19
2.823143187015294017e-20
1.733943154178516602e-21
1.312800991014389149e-19
1.546884683582262468e-21
0.000000000000000000e+00
2.346416163246498513e-19
1.831541561066424483e-19
1.312039560191714532e-19
1.212995317314747589e-21
7.878217027091785864e-20
7.794411020864552149e-22
2.648309077934962819e-20
5.234502532902195665e-20
1.302059228298355606e-19
5.230200894886794420e-20
7.813792925687660607e-20
0.000000000000000000e+00
1.960570142848291307e-23
2.525538324172327935e-24
3.330604881314040314e-25
4.503243091858151305e-26
5.055887561946125288e-27
5.474535237965375946e-28
6.293201230188251030e-29
6.994662615770263100e-30
7.216084096696011949e-31
7.263722649119530051e-32
7.458520278359612863e-33
7.810980849961850671e-34
8.216030836436021202e-35
8.715046229838736706e-36
9.568847218928053759e-37
1.110372589602746763e-37
1.350592002868740377e-38
1.660603515458112797e-39
2.002795611701889337e-40
2.332969236292740263e-41
2.613900297980812802e-42
2.822109199598002399e-43
2.948499763303005373e-44
2.996527488556119168e-45
2.981694662523720534e-46
2.932590224613374134e-47
2.890314988939493628e-48
2.904135279363575595e-49
3.024555245512413684e-50
3.296318655317026085e-51
3.752489179380967720e-52
4.409191179273782068e-53
5.260763856954221163e-54
6.276718843336914831e-55
7.403202068057441514e-56
8.571109383632963248e-57
9.710548865694890971e-58
1.076844951262549620e-58
1.172452701271675456e-59
1.260127687700635191e-60
1.346558778506259730e-61
1.442175619205465918e-62
1.559728822292506442e-63
1.712378731965852165e-64
1.911580693519581368e-65
2.165112292402206100e-66
2.475640263202318526e-67
2.840228221417317431e-68
3.251086360743792307e-69
3.697634098438397958e-70
4.169614996667708226e-71
4.660654069034503586e-72
5.171394967814614354e-73
5.711307447387858959e-74
6.298483039781638623e-75
6.957237299398235284e-76
7.714013493249204926e-77
8.592742480353006966e-78
9.611212117090925890e-79
1.077993174917002142e-79
1.210438133712564654e-80
1.359054967064429339e-81
1.525260200749107954e-82
1.712074276445666330e-83
1.924713609761451286e-84
2.170820086574843094e-85
2.460255784283575009e-86
2.804504607118710348e-87
3.215814966163971045e-88
3.706257741806643906e-89
4.286851148195087444e-90
4.966833746728425386e-91
5.753084049549495288e-92
6.649631831839072840e-93
7.657213507923599894e-94
8.772897861785781698e-95
9.989925417456716774e-96
1.129801791631608278e-96
1.268446924510062469e-97
1.413628275412102375e-98
1.564345699856389367e-99
1.720326331337445258e-100
1.882505885086868409e-101
2.053491375458908412e-102
2.237917894892190024e-103
2.442613981185972221e-104
2.676511139686685346e-105
2.950270742878669479e-106
3.275649078650640523e-107
3.664669526060502250e-108
4.128710390219404934e-109
4.677640846531271667e-110
5.319142665659427262e-111
6.058342997572226352e-112
6.897857588333588900e-113
7.838309536952128469e-114
8.879350273915082344e-115
1.002116888850719434e-115
1.126643311823813962e-116
1.262255917187691553e-117
1.410415803194218598e-118
1.573545584351027894e-119
1.755244230862881159e-120
1.960447414929851306e-121
2.195506274592163545e-122
2.468161630712123040e-123
2.787399207379906262e-124
3.163183903185324518e-125
3.606086232612489453e-126
4.126829446943924204e-127
4.735798883007111493e-128
5.442563324697883906e-129
6.255460021617867246e-130
7.181290271353406231e-131
8.225162395231594272e-132
9.390505946868279616e-133
1.067926798826403598e-133
1.209229173787801215e-134
1.362987110395535720e-135
1.529247113913799260e-136
1.708160223619580129e-137
1.900083187355508775e-138
2.105690889817723005e-139
2.326095990655514421e-140
2.562969563565534905e-141
2.818654039023114688e-142
3.096257469627830945e-143
3.399716714250101219e-144
3.733817204755013005e-145
4.104158951146088954e-146
4.517062455941072987e-147
4.979413937113786551e-148
5.498456004999121453e-149
6.081536736984572797e-150
6.735835903137907942e-151
7.468091024591200223e-152
8.284347458062932210e-153
9.189755742845459407e-154
1.018843646861972489e-154
1.128342875500664732e-155
1.247673406596714839e-156
1.376946337636699843e-157
1.516209313195073417e-158
1.665483390050531816e-159
1.824811443115663003e-160
1.994318195904439652e-161
2.174281590800387270e-162
2.365214593971221587e-163
2.567955666027338722e-164
2.783765136590942058e-165
3.014423817693310638e-166
3.262329668559264843e-167
3.530588484882373066e-168
3.823095661879295575e-169
4.144608154368571206e-170
4.500808698228362333e-171
4.898367798405294421e-172
5.345012351399007119e-173
5.849612346243591110e-174
6.422298161241538182e-175
7.074619967120800793e-176
7.819757366319812499e-177
8.672781740564016785e-178
9.650966386119556832e-179
1.077413134874341350e-179
1.206500220505080171e-180
1.354955629450422102e-181
1.525732743431064204e-182
1.722164199466948885e-183
1.947976591757610622e-184
2.207295373198689209e-185
2.504640607137457503e-186
2.844916024095125052e-187
3.233395717880173115e-188
3.675714570756908268e-189
4.177869943155664868e-190
4.746243161211506766e-191
5.387649817300007890e-192
6.109427878861178634e-193
6.919572169238838596e-194
7.826923081739303286e-195
8.841416563774750539e-196
9.974401566506497173e-197
1.123903030372895204e-197
1.265072566954612740e-198
1.422772873978962375e-199
1.599172700265348381e-200
1.796856032881420884e-201
2.018899622271674042e-202
2.268955826940455435e-203
2.551338187266427688e-204
2.871105975792141433e-205
3.234142718221535868e-206
3.647222477756477607e-207
4.118056734293664463e-208
4.655314189441626603e-209
5.268606015360478537e-210
5.968430143688248769e-211
6.766070307275681289e-212
7.673448761093446892e-213
8.702935865959584620e-214
9.867124840453720520e-215
1.117858566934611761e-215
1.264961799196854824e-216
1.429202829987953814e-217
1.611696144263312144e-218
1.813481979358099965e-219
2.035530506579239306e-220
2.278761742077076628e-221
2.544084406999246761e-222
2.832456509625989027e-223
3.144969794944090380e-224
3.482959436617342230e-225
3.848139477947018941e-226
4.242763610198314925e-227
4.669809952773667368e-228
5.133187604599536758e-229
5.637961890148921717e-230
6.190594431052414762e-231
6.799193424359871856e-232
7.473768779166731243e-233
8.226486028436413929e-234
9.071912171984761420e-235
1.002724581629891124e-235
1.111252318261631350e-236
1.235079082192204127e-237
1.376823531822869327e-238
1.539426004679240013e-239
1.726149940099086615e-240
1.940576207388771887e-241
2.186589727007882904e-242
2.468358142721519519e-243
2.790302841503178861e-244
3.157063345860675540e-245
3.573457030072258263e-246
4.044437232342582444e-247
4.575054124666228163e-248
5.170424114115607950e-249
5.835715011404132626e-250
6.576155617713317285e-251
7.397079628280410470e-252
8.304014691541527317e-253
9.302827944542185607e-254
1.039993921634969128e-254
1.160261221036419125e-255
1.291933222923351039e-256
1.436027632058026074e-257
1.593787808455349290e-258
1.766748485492416801e-259
1.956809968799134794e-260
2.166319480276894176e-261
2.398157713776688193e-262
2.655828093427299178e-263
2.943545720244034170e-264
3.266322609955035570e-265
3.630045618964238342e-266
4.041543477915780806e-267
4.508639649195317650e-268
5.040188331431506078e-269
5.646091872095439336e-270
6.337299122723866670e-271
7.125785864462843629e-272
8.024520307981331322e-273
9.047418774085706658e-274
1.020929891337202570e-274
1.152584013307561799e-275
1.301356316391686523e-276
1.468984281087563204e-277
1.657296978231256237e-278
1.868227898265656329e-279
2.103836270086617674e-280
2.366338766717119542e-281
2.658153494806131512e-282
2.981958109902849342e-283
3.340763792523382688e-284
3.738006667686100176e-285
4.177658062922484602e-286
4.664354790321450964e-287
5.203550423668649142e-288
5.801688341637748871e-289
6.466397143728847861e-290
7.206708939703944332e-291
8.033300987825760460e-292
8.958761232429905735e-293
9.997878483277662583e-294
1.116795829710751090e-294
1.248916606573663526e-295
1.398489937257391741e-296
1.568219232322953846e-297
1.761215524204966023e-298
1.981045379347350791e-299
2.231783215747780550e-300
2.518068527161835131e-301
2.845168525129822600e-302
3.219046682051713632e-303
3.646437584787373445e-304
4.134928383696936844e-305
4.693046946270321808e-306
5.330356603495673619e-307
6.057557124880063337e-308
6.886591298023719972e-309
7.830756254795619558e-310
8.904818523287656849e-311
1.012513174817001420e-311
1.150975617634517987e-312
1.307857942115305244e-313
1.485343877291415598e-314
1.685824645844867081e-315
1.911912064597665922e-316
2.166452659665928193e-317
2.452541865955947845e-318
2.773536316059005725e-319
3.132870260279344337e-320
3.527628711306500325e-321
3.903118602145847699e-322
2.964393875047479265e-323
0.000000000000000000e+00
0.000000000000000000e+00
0.000000000000000000e+00
0.000000000000000000e+00
0.000000000000000000e+00
0.000000000000000000e+00
0.000000000000000000e+00
0.000000000000000000e+00
0.000000000000000000e+00
0.000000000000000000e+00
0.000000000000000000e+00
0.000000000000000000e+00
0.000000000000000000e+00
0.000000000000000000e+00
0.000000000000000000e+00
0.000000000000000000e+00
0.000000000000000000e+00
0.000000000000000000e+00
0.000000000000000000e+00
0.000000000000000000e+00
0.000000000000000000e+00
0.000000000000000000e+00
0.000000000000000000e+00
0.000000000000000000e+00
0.000000000000000000e+00
0.000000000000000000e+00
0.000000000000000000e+00
0.000000000000000000e+00
0.000000000000000000e+00
0.000000000000000000e+00
0.000000000000000000e+00
0.000000000000000000e+00
0.000000000000000000e+00
0.000000000000000000e+00
0.000000000000000000e+00
0.000000000000000000e+00
0.000000000000000000e+00
0.000000000000000000e+00
0.000000000000000000e+00
0.000000000000000000e+00
0.000000000000000000e+00
0.000000000000000000e+00
0.000000000000000000e+00
0.000000000000000000e+00
0.000000000000000000e+00
0.000000000000000000e+00
0.000000000000000000e+00
0.000000000000000000e+00
0.000000000000000000e+00
0.000000000000000000e+00
0.000000000000000000e+00
0.000000000000000000e+00
0.000000000000000000e+00
0.000000000000000000e+00
0.000000000000000000e+00
0.000000000000000000e+00
0.000000000000000000e+00
0.000000000000000000e+00
0.000000000000000000e+00
0.000000000000000000e+00
0.000000000000000000e+00
0.000000000000000000e+00
0.000000000000000000e+00
0.000000000000000000e+00
0.000000000000000000e+00
0.000000000000000000e+00
0.000000000000000000e+00
0.000000000000000000e+00
0.000000000000000000e+00
0.000000000000000000e+00
0.000000000000000000e+00
0.000000000000000000e+00
0.000000000000000000e+00
0.000000000000000000e+00
0.000000000000000000e+00
0.000000000000000000e+00
0.000000000000000000e+00
0.000000000000000000e+00
0.000000000000000000e+00
0.000000000000000000e+00
0.000000000000000000e+00
0.000000000000000000e+00
0.000000000000000000e+00
0.000000000000000000e+00
0.000000000000000000e+00
0.000000000000000000e+00
0.000000000000000000e+00
0.000000000000000000e+00
0.000000000000000000e+00
0.000000000000000000e+00
0.000000000000000000e+00
0.000000000000000000e+00
0.000000000000000000e+00
0.000000000000000000e+00
0.000000000000000000e+00
0.000000000000000000e+00
0.000000000000000000e+00
0.000000000000000000e+00
0.000000000000000000e+00
0.000000000000000000e+00
0.000000000000000000e+00
0.000000000000000000e+00
0.000000000000000000e+00
0.000000000000000000e+00
0.000000000000000000e+00
0.000000000000000000e+00
0.000000000000000000e+00
0.000000000000000000e+00
0.000000000000000000e+00
0.000000000000000000e+00
0.000000000000000000e+00
0.000000000000000000e+00
0.000000000000000000e+00
0.000000000000000000e+00
0.000000000000000000e+00
0.000000000000000000e+00
0.000000000000000000e+00
0.000000000000000000e+00
0.000000000000000000e+00
0.000000000000000000e+00
0.000000000000000000e+00
0.000000000000000000e+00
0.000000000000000000e+00
0.000000000000000000e+00
0.000000000000000000e+00
0.000000000000000000e+00
0.000000000000000000e+00
0.000000000000000000e+00
0.000000000000000000e+00
0.000000000000000000e+00
0.000000000000000000e+00
0.000000000000000000e+00
0.000000000000000000e+00
0.000000000000000000e+00
0.000000000000000000e+00
0.000000000000000000e+00
0.000000000000000000e+00
0.000000000000000000e+00
0.000000000000000000e+00
0.000000000000000000e+00
0.000000000000000000e+00
0.000000000000000000e+00
0.000000000000000000e+00
0.000000000000000000e+00
0.000000000000000000e+00
0.000000000000000000e+00
0.000000000000000000e+00
0.000000000000000000e+00
0.000000000000000000e+00
0.000000000000000000e+00
0.000000000000000000e+00
0.000000000000000000e+00
0.000000000000000000e+00
0.000000000000000000e+00
0.000000000000000000e+00
0.000000000000000000e+00
0.000000000000000000e+00
0.000000000000000000e+00
0.000000000000000000e+00
0.000000000000000000e+00
0.000000000000000000e+00
0.000000000000000000e+00
0.000000000000000000e+00
0.000000000000000000e+00
0.000000000000000000e+00
0.000000000000000000e+00
0.000000000000000000e+00
0.000000000000000000e+00
0.000000000000000000e+00
0.000000000000000000e+00
0.000000000000000000e+00
0.000000000000000000e+00
0.000000000000000000e+00
0.000000000000000000e+00
0.000000000000000000e+00
0.000000000000000000e+00
0.000000000000000000e+00
0.000000000000000000e+00
0.000000000000000000e+00
0.000000000000000000e+00
0.000000000000000000e+00
0.000000000000000000e+00
0.000000000000000000e+00
0.000000000000000000e+00
0.000000000000000000e+00
0.000000000000000000e+00
0.000000000000000000e+00
0.000000000000000000e+00
0.000000000000000000e+00
0.000000000000000000e+00
0.000000000000000000e+00
0.000000000000000000e+00
0.000000000000000000e+00
0.000000000000000000e+00
0.000000000000000000e+00
0.000000000000000000e+00
0.000000000000000000e+00
0.000000000000000000e+00
0.000000000000000000e+00
0.000000000000000000e+00
0.000000000000000000e+00
0.000000000000000000e+00
0.000000000000000000e+00
0.000000000000000000e+00
0.000000000000000000e+00
0.000000000000000000e+00
0.000000000000000000e+00
0.000000000000000000e+00
0.000000000000000000e+00
0.000000000000000000e+00
0.000000000000000000e+00
0.000000000000000000e+00
0.000000000000000000e+00
0.000000000000000000e+00
0.000000000000000000e+00
0.000000000000000000e+00
0.000000000000000000e+00
0.000000000000000000e+00
0.000000000000000000e+00
0.000000000000000000e+00
0.000000000000000000e+00
0.000000000000000000e+00
0.000000000000000000e+00
0.000000000000000000e+00
0.000000000000000000e+00
0.000000000000000000e+00
0.000000000000000000e+00
0.000000000000000000e+00
0.000000000000000000e+00
0.000000000000000000e+00
0.000000000000000000e+00
0.000000000000000000e+00
0.000000000000000000e+00
0.000000000000000000e+00
0.000000000000000000e+00
0.000000000000000000e+00
0.000000000000000000e+00
0.000000000000000000e+00
0.000000000000000000e+00
0.000000000000000000e+00
0.000000000000000000e+00
0.000000000000000000e+00
0.000000000000000000e+00
0.000000000000000000e+00
0.000000000000000000e+00
0.000000000000000000e+00
0.000000000000000000e+00
0.000000000000000000e+00
0.000000000000000000e+00
0.000000000000000000e+00
0.000000000000000000e+00
0.000000000000000000e+00
0.000000000000000000e+00
0.000000000000000000e+00
0.000000000000000000e+00
0.000000000000000000e+00
0.000000000000000000e+00
0.000000000000000000e+00
0.000000000000000000e+00
0.000000000000000000e+00
0.000000000000000000e+00
0.000000000000000000e+00
0.000000000000000000e+00
0.000000000000000000e+00
0.000000000000000000e+00
0.000000000000000000e+00
0.000000000000000000e+00
0.000000000000000000e+00
0.000000000000000000e+00
0.000000000000000000e+00
0.000000000000000000e+00
0.000000000000000000e+00
0.000000000000000000e+00
0.000000000000000000e+00
0.000000000000000000e+00
0.000000000000000000e+00
0.000000000000000000e+00
0.000000000000000000e+00
0.000000000000000000e+00
0.000000000000000000e+00
0.000000000000000000e+00
0.000000000000000000e+00
0.000000000000000000e+00
0.000000000000000000e+00
0.000000000000000000e+00
0.000000000000000000e+00
0.000000000000000000e+00
0.000000000000000000e+00
0.000000000000000000e+00
0.000000000000000000e+00
0.000000000000000000e+00
0.000000000000000000e+00
0.000000000000000000e+00
0.000000000000000000e+00
0.000000000000000000e+00
0.000000000000000000e+00
0.000000000000000000e+00
0.000000000000000000e+00
0.000000000000000000e+00
0.000000000000000000e+00
0.000000000000000000e+00
0.000000000000000000e+00
0.000000000000000000e+00
0.000000000000000000e+00
0.000000000000000000e+00
0.000000000000000000e+00
0.000000000000000000e+00
0.000000000000000000e+00
0.000000000000000000e+00
0.000000000000000000e+00
0.000000000000000000e+00
0.000000000000000000e+00
0.000000000000000000e+00
0.000000000000000000e+00
0.000000000000000000e+00
0.000000000000000000e+00
0.000000000000000000e+00
0.000000000000000000e+00
0.000000000000000000e+00
0.000000000000000000e+00
0.000000000000000000e+00
0.000000000000000000e+00
0.000000000000000000e+00
0.000000000000000000e+00
0.000000000000000000e+00
0.000000000000000000e+00
0.000000000000000000e+00
0.000000000000000000e+00
0.000000000000000000e+00
0.000000000000000000e+00
0.000000000000000000e+00
0.000000000000000000e+00
0.000000000000000000e+00
0.000000000000000000e+00
0.000000000000000000e+00
0.000000000000000000e+00
0.000000000000000000e+00
0.000000000000000000e+00
0.000000000000000000e+00
0.000000000000000000e+00
0.000000000000000000e+00
0.000000000000000000e+00
0.000000000000000000e+00
0.000000000000000000e+00
0.000000000000000000e+00
0.000000000000000000e+00
0.000000000000000000e+00
0.000000000000000000e+00
0.000000000000000000e+00
0.000000000000000000e+00
0.000000000000000000e+00
0.000000000000000000e+00
0.000000000000000000e+00
0.000000000000000000e+00
0.000000000000000000e+00
0.000000000000000000e+00
0.000000000000000000e+00
0.000000000000000000e+00
0.000000000000000000e+00
0.000000000000000000e+00
0.000000000000000000e+00
0.000000000000000000e+00
0.000000000000000000e+00
0.000000000000000000e+00
0.000000000000000000e+00
0.000000000000000000e+00
0.000000000000000000e+00
0.000000000000000000e+00
0.000000000000000000e+00
0.000000000000000000e+00
0.000000000000000000e+00
0.000000000000000000e+00
0.000000000000000000e+00
0.000000000000000000e+00
0.000000000000000000e+00
0.000000000000000000e+00
0.000000000000000000e+00
0.000000000000000000e+00
0.000000000000000000e+00
0.000000000000000000e+00
0.000000000000000000e+00
0.000000000000000000e+00
0.000000000000000000e+00
0.000000000000000000e+00
0.000000000000000000e+00
0.000000000000000000e+00
0.000000000000000000e+00
0.000000000000000000e+00
0.000000000000000000e+00
0.000000000000000000e+00
0.000000000000000000e+00
0.000000000000000000e+00
0.000000000000000000e+00
0.000000000000000000e+00
0.000000000000000000e+00
0.000000000000000000e+00
0.000000000000000000e+00
0.000000000000000000e+00
0.000000000000000000e+00
0.000000000000000000e+00
0.000000000000000000e+00
0.000000000000000000e+00
0.000000000000000000e+00
0.000000000000000000e+00
0.000000000000000000e+00
0.000000000000000000e+00
0.000000000000000000e+00
0.000000000000000000e+00
0.000000000000000000e+00
0.000000000000000000e+00
0.000000000000000000e+00
0.000000000000000000e+00
0.000000000000000000e+00
0.000000000000000000e+00
0.000000000000000000e+00
0.000000000000000000e+00
0.000000000000000000e+00
0.000000000000000000e+00
0.000000000000000000e+00
0.000000000000000000e+00
0.000000000000000000e+00
0.000000000000000000e+00
0.000000000000000000e+00
0.000000000000000000e+00
0.000000000000000000e+00
0.000000000000000000e+00
0.000000000000000000e+00
0.000000000000000000e+00
0.000000000000000000e+00
0.000000000000000000e+00
0.000000000000000000e+00
0.000000000000000000e+00
0.000000000000000000e+00
0.000000000000000000e+00
0.000000000000000000e+00
0.000000000000000000e+00
0.000000000000000000e+00
0.000000000000000000e+00
0.000000000000000000e+00
0.000000000000000000e+00
0.000000000000000000e+00
0.000000000000000000e+00
0.000000000000000000e+00
0.000000000000000000e+00
0.000000000000000000e+00
0.000000000000000000e+00
0.000000000000000000e+00
0.000000000000000000e+00
0.000000000000000000e+00
0.000000000000000000e+00
0.000000000000000000e+00
0.000000000000000000e+00
0.000000000000000000e+00
0.000000000000000000e+00
0.000000000000000000e+00
0.000000000000000000e+00
0.000000000000000000e+00
0.000000000000000000e+00
0.000000000000000000e+00
0.000000000000000000e+00
0.000000000000000000e+00
0.000000000000000000e+00
0.000000000000000000e+00
0.000000000000000000e+00
0.000000000000000000e+00
0.000000000000000000e+00
0.000000000000000000e+00
0.000000000000000000e+00
0.000000000000000000e+00
0.000000000000000000e+00
0.000000000000000000e+00
0.000000000000000000e+00
0.000000000000000000e+00
0.000000000000000000e+00
0.000000000000000000e+00
0.000000000000000000e+00
0.000000000000000000e+00
0.000000000000000000e+00
0.000000000000000000e+00
0.000000000000000000e+00
0.000000000000000000e+00
0.000000000000000000e+00
0.000000000000000000e+00
0.000000000000000000e+00
0.000000000000000000e+00
0.000000000000000000e+00
0.000000000000000000e+00
0.000000000000000000e+00
0.000000000000000000e+00
0.000000000000000000e+00
0.000000000000000000e+00
0.000000000000000000e+00
0.000000000000000000e+00
0.000000000000000000e+00
0.000000000000000000e+00
0.000000000000000000e+00
0.000000000000000000e+00
0.000000000000000000e+00
0.000000000000000000e+00
0.000000000000000000e+00
0.000000000000000000e+00
0.000000000000000000e+00
0.000000000000000000e+00
0.000000000000000000e+00
0.000000000000000000e+00
0.000000000000000000e+00
0.000000000000000000e+00
0.000000000000000000e+00
0.000000000000000000e+00
0.000000000000000000e+00
0.000000000000000000e+00
0.000000000000000000e+00
0.000000000000000000e+00
0.000000000000000000e+00
0.000000000000000000e+00
0.000000000000000000e+00
0.000000000000000000e+00
0.000000000000000000e+00
0.000000000000000000e+00
0.000000000000000000e+00
0.000000000000000000e+00
0.000000000000000000e+00
0.000000000000000000e+00
0.000000000000000000e+00
0.000000000000000000e+00
0.000000000000000000e+00
0.000000000000000000e+00
0.000000000000000000e+00
0.000000000000000000e+00
0.000000000000000000e+00
0.000000000000000000e+00
0.000000000000000000e+00
0.000000000000000000e+00
0.000000000000000000e+00
0.000000000000000000e+00
0.000000000000000000e+00
0.000000000000000000e+00
0.000000000000000000e+00
0.000000000000000000e+00
0.000000000000000000e+00
0.000000000000000000e+00
0.000000000000000000e+00
0.000000000000000000e+00
0.000000000000000000e+00
0.000000000000000000e+00
0.000000000000000000e+00
0.000000000000000000e+00
0.000000000000000000e+00
0.000000000000000000e+00
0.000000000000000000e+00
0.000000000000000000e+00
0.000000000000000000e+00
0.000000000000000000e+00
0.000000000000000000e+00
0.000000000000000000e+00
0.000000000000000000e+00
0.000000000000000000e+00
0.000000000000000000e+00
0.000000000000000000e+00
0.000000000000000000e+00
0.000000000000000000e+00
0.000000000000000000e+00
0.000000000000000000e+00
0.000000000000000000e+00
0.000000000000000000e+00
0.000000000000000000e+00
0.000000000000000000e+00
0.000000000000000000e+00
0.000000000000000000e+00
0.000000000000000000e+00
0.000000000000000000e+00
0.000000000000000000e+00
0.000000000000000000e+00
0.000000000000000000e+00
0.000000000000000000e+00
0.000000000000000000e+00
0.000000000000000000e+00
0.000000000000000000e+00
0.000000000000000000e+00
0.000000000000000000e+00
0.000000000000000000e+00
0.000000000000000000e+00
0.000000000000000000e+00
0.000000000000000000e+00
0.000000000000000000e+00
0.000000000000000000e+00
0.000000000000000000e+00
0.000000000000000000e+00
0.000000000000000000e+00
0.000000000000000000e+00
0.000000000000000000e+00
0.000000000000000000e+00
0.000000000000000000e+00
0.000000000000000000e+00
0.000000000000000000e+00
0.000000000000000000e+00
0.000000000000000000e+00
0.000000000000000000e+00
0.000000000000000000e+00
0.000000000000000000e+00
0.000000000000000000e+00
0.000000000000000000e+00
0.000000000000000000e+00
0.000000000000000000e+00
0.000000000000000000e+00
0.000000000000000000e+00
0.000000000000000000e+00
0.000000000000000000e+00
0.000000000000000000e+00
0.000000000000000000e+00
0.000000000000000000e+00
0.000000000000000000e+00
0.000000000000000000e+00
0.000000000000000000e+00
0.000000000000000000e+00
0.000000000000000000e+00
0.000000000000000000e+00
0.000000000000000000e+00
0.000000000000000000e+00
0.000000000000000000e+00
0.000000000000000000e+00
0.000000000000000000e+00
0.000000000000000000e+00
0.000000000000000000e+00
0.000000000000000000e+00
0.000000000000000000e+00
0.000000000000000000e+00
0.000000000000000000e+00
0.000000000000000000e+00
0.000000000000000000e+00
0.000000000000000000e+00
0.000000000000000000e+00
0.000000000000000000e+00
0.000000000000000000e+00
0.000000000000000000e+00
0.000000000000000000e+00
0.000000000000000000e+00
0.000000000000000000e+00
0.000000000000000000e+00
0.000000000000000000e+00
0.000000000000000000e+00
0.000000000000000000e+00
0.000000000000000000e+00
0.000000000000000000e+00
0.000000000000000000e+00
0.000000000000000000e+00
0.000000000000000000e+00
0.000000000000000000e+00
0.000000000000000000e+00
0.000000000000000000e+00
0.000000000000000000e+00
0.000000000000000000e+00
0.000000000000000000e+00
0.000000000000000000e+00
0.000000000000000000e+00
0.000000000000000000e+00
0.000000000000000000e+00
0.000000000000000000e+00
0.000000000000000000e+00
0.000000000000000000e+00
0.000000000000000000e+00
0.000000000000000000e+00
0.000000000000000000e+00
0.000000000000000000e+00
0.000000000000000000e+00
0.000000000000000000e+00
0.000000000000000000e+00
0.000000000000000000e+00
0.000000000000000000e+00
0.000000000000000000e+00
0.000000000000000000e+00
0.000000000000000000e+00
0.000000000000000000e+00
0.000000000000000000e+00
0.000000000000000000e+00
0.000000000000000000e+00
0.000000000000000000e+00
0.000000000000000000e+00
0.000000000000000000e+00
0.000000000000000000e+00
0.000000000000000000e+00
0.000000000000000000e+00
0.000000000000000000e+00
0.000000000000000000e+00
0.000000000000000000e+00
0.000000000000000000e+00
0.000000000000000000e+00
0.000000000000000000e+00
0.000000000000000000e+00
0.000000000000000000e+00
0.000000000000000000e+00
0.000000000000000000e+00
0.000000000000000000e+00
0.000000000000000000e+00
0.000000000000000000e+00
0.000000000000000000e+00
0.000000000000000000e+00
0.000000000000000000e+00
0.000000000000000000e+00
0.000000000000000000e+00
0.000000000000000000e+00
0.000000000000000000e+00
0.000000000000000000e+00
0.000000000000000000e+00
0.000000000000000000e+00
0.000000000000000000e+00
0.000000000000000000e+00
0.000000000000000000e+00
0.000000000000000000e+00
0.000000000000000000e+00
0.000000000000000000e+00
0.000000000000000000e+00
0.000000000000000000e+00
0.000000000000000000e+00
0.000000000000000000e+00
0.000000000000000000e+00
0.000000000000000000e+00
0.000000000000000000e+00
0.000000000000000000e+00
0.000000000000000000e+00
0.000000000000000000e+00
0.000000000000000000e+00
0.000000000000000000e+00
0.000000000000000000e+00
0.000000000000000000e+00
0.000000000000000000e+00
0.000000000000000000e+00
0.000000000000000000e+00
0.000000000000000000e+00
0.000000000000000000e+00
0.000000000000000000e+00
0.000000000000000000e+00
0.000000000000000000e+00
0.000000000000000000e+00
0.000000000000000000e+00
0.000000000000000000e+00
0.000000000000000000e+00
0.000000000000000000e+00
0.000000000000000000e+00
0.000000000000000000e+00
0.000000000000000000e+00
0.000000000000000000e+00
0.000000000000000000e+00
0.000000000000000000e+00
0.000000000000000000e+00
0.000000000000000000e+00
0.000000000000000000e+00
0.000000000000000000e+00
0.000000000000000000e+00
0.000000000000000000e+00
0.000000000000000000e+00
0.000000000000000000e+00
0.000000000000000000e+00
0.000000000000000000e+00
0.000000000000000000e+00
0.000000000000000000e+00
0.000000000000000000e+00
0.000000000000000000e+00
0.000000000000000000e+00
0.000000000000000000e+00
0.000000000000000000e+00
0.000000000000000000e+00
0.000000000000000000e+00
0.000000000000000000e+00
0.000000000000000000e+00
0.000000000000000000e+00
0.000000000000000000e+00
0.000000000000000000e+00
0.000000000000000000e+00
0.000000000000000000e+00
0.000000000000000000e+00
0.000000000000000000e+00
0.000000000000000000e+00
0.000000000000000000e+00
0.000000000000000000e+00
0.000000000000000000e+00
0.000000000000000000e+00
0.000000000000000000e+00
0.000000000000000000e+00
0.000000000000000000e+00
0.000000000000000000e+00
0.000000000000000000e+00
0.000000000000000000e+00
0.000000000000000000e+00
0.000000000000000000e+00
0.000000000000000000e+00
0.000000000000000000e+00
0.000000000000000000e+00
0.000000000000000000e+00
0.000000000000000000e+00
0.000000000000000000e+00
0.000000000000000000e+00
0.000000000000000000e+00
0.000000000000000000e+00
0.000000000000000000e+00
0.000000000000000000e+00
0.000000000000000000e+00
0.000000000000000000e+00
0.000000000000000000e+00
0.000000000000000000e+00
0.000000000000000000e+00
0.000000000000000000e+00
0.000000000000000000e+00
0.000000000000000000e+00
0.000000000000000000e+00
0.000000000000000000e+00
0.000000000000000000e+00
0.000000000000000000e+00
0.000000000000000000e+00
0.000000000000000000e+00
0.000000000000000000e+00
0.000000000000000000e+00
0.000000000000000000e+00
0.000000000000000000e+00
0.000000000000000000e+00
0.000000000000000000e+00
0.000000000000000000e+00
0.000000000000000000e+00
0.000000000000000000e+00
0.000000000000000000e+00
0.000000000000000000e+00
0.000000000000000000e+00
0.000000000000000000e+00
0.000000000000000000e+00
0.000000000000000000e+00
0.000000000000000000e+00
0.000000000000000000e+00
0.000000000000000000e+00
0.000000000000000000e+00
0.000000000000000000e+00
0.000000000000000000e+00
0.000000000000000000e+00
0.000000000000000000e+00
0.000000000000000000e+00
0.000000000000000000e+00
0.000000000000000000e+00
0.000000000000000000e+00
0.000000000000000000e+00
0.000000000000000000e+00
0.000000000000000000e+00
0.000000000000000000e+00
0.000000000000000000e+00
0.000000000000000000e+00
0.000000000000000000e+00
0.000000000000000000e+00
0.000000000000000000e+00
0.000000000000000000e+00
0.000000000000000000e+00
0.000000000000000000e+00
0.000000000000000000e+00
0.000000000000000000e+00
0.000000000000000000e+00
0.000000000000000000e+00
0.000000000000000000e+00
0.000000000000000000e+00
0.000000000000000000e+00
0.000000000000000000e+00
0.000000000000000000e+00
0.000000000000000000e+00
0.000000000000000000e+00
0.000000000000000000e+00
0.000000000000000000e+00
0.000000000000000000e+00
0.000000000000000000e+00
0.000000000000000000e+00
0.000000000000000000e+00
0.000000000000000000e+00
0.000000000000000000e+00
0.000000000000000000e+00
0.000000000000000000e+00
0.000000000000000000e+00
0.000000000000000000e+00
0.000000000000000000e+00
0.000000000000000000e+00
0.000000000000000000e+00
0.000000000000000000e+00
0.000000000000000000e+00
0.000000000000000000e+00
0.000000000000000000e+00
0.000000000000000000e+00
0.000000000000000000e+00
0.000000000000000000e+00
0.000000000000000000e+00
0.000000000000000000e+00
0.000000000000000000e+00
0.000000000000000000e+00
0.000000000000000000e+00
0.000000000000000000e+00
0.000000000000000000e+00
0.000000000000000000e+00
0.000000000000000000e+00
0.000000000000000000e+00
0.000000000000000000e+00
0.000000000000000000e+00
0.000000000000000000e+00
0.000000000000000000e+00
0.000000000000000000e+00
0.000000000000000000e+00
0.000000000000000000e+00
0.000000000000000000e+00
0.000000000000000000e+00
0.000000000000000000e+00
0.000000000000000000e+00
0.000000000000000000e+00
0.000000000000000000e+00
0.000000000000000000e+00
0.000000000000000000e+00
0.000000000000000000e+00
0.000000000000000000e+00
0.000000000000000000e+00
0.000000000000000000e+00
0.000000000000000000e+00
0.000000000000000000e+00
0.000000000000000000e+00
0.000000000000000000e+00
0.000000000000000000e+00
0.000000000000000000e+00
0.000000000000000000e+00
0.000000000000000000e+00
0.000000000000000000e+00
0.000000000000000000e+00
0.000000000000000000e+00
0.000000000000000000e+00
0.000000000000000000e+00
0.000000000000000000e+00
0.000000000000000000e+00
0.000000000000000000e+00
0.000000000000000000e+00
0.000000000000000000e+00
0.000000000000000000e+00
0.000000000000000000e+00
0.000000000000000000e+00
0.000000000000000000e+00
0.000000000000000000e+00
0.000000000000000000e+00
0.000000000000000000e+00
0.000000000000000000e+00
0.000000000000000000e+00
0.000000000000000000e+00
0.000000000000000000e+00
0.000000000000000000e+00
0.000000000000000000e+00
0.000000000000000000e+00
0.000000000000000000e+00
0.000000000000000000e+00
0.000000000000000000e+00
0.000000000000000000e+00
0.000000000000000000e+00
0.000000000000000000e+00
0.000000000000000000e+00
0.000000000000000000e+00
0.000000000000000000e+00
0.000000000000000000e+00
0.000000000000000000e+00
0.000000000000000000e+00
0.000000000000000000e+00
0.000000000000000000e+00
0.000000000000000000e+00
0.000000000000000000e+00
0.000000000000000000e+00
0.000000000000000000e+00
0.000000000000000000e+00
0.000000000000000000e+00
0.000000000000000000e+00
0.000000000000000000e+00
0.000000000000000000e+00
