2.139524899374377065e-01
2.763442358507911187e-02
9.018564193592591358e-03
5.541877944337652087e-03
5.012089766196592237e-03
5.151124021286407513e-03
5.424284393882495767e-03
5.704468850641229195e-03
5.966544682157883840e-03
6.209196264643424522e-03
6.435309982762381191e-03
6.647644764518784513e-03
6.848204845085637850e-03
7.038354940334652296e-03
7.219005759481458319e-03
7.390754509488022331e-03
7.553980176833929513e-03
7.708908143483039245e-03
7.855655402586363134e-03
7.994263373577604331e-03
8.124722485267289046e-03
8.246991034967465078e-03
8.361009876944679176e-03
8.466713937986975261e-03
8.564041228262316702e-03
8.652939816413135130e-03
8.733373115363486996e-03
8.805323748605807868e-03
8.868796217352318406e-03
8.923818555734798486e-03
8.970443137438964543e-03
9.008746778692570262e-03
9.038830266998650054e-03
9.060817431092355045e-03
9.074853854622515897e-03
9.081105323732909310e-03
9.079756086972916307e-03
9.071006994848812219e-03
9.055073575911547906e-03
9.032184096659708408e-03
9.002577643775223556e-03
8.966502259351380108e-03
8.924213152824402723e-03
8.875971007266053939e-03
8.822040392500046097e-03
8.762688293110361751e-03
8.698182755755689416e-03
8.628791657213658733e-03
8.554781592180935382e-03
8.476416877974101913e-03
8.393958671843382985e-03
8.307664195556598019e-03
8.217786061178296297e-03
8.124571691497843931e-03
8.028262828308064050e-03
7.929095121655372128e-03
7.827297793238411142e-03
7.723093367293904811e-03
7.616697462549822627e-03
7.508318639121379021e-03
7.398158294563665291e-03
7.286410603652222068e-03
7.173262496838039154e-03
7.058893672695531335e-03
6.943476640055691249e-03
6.827176785876109752e-03
6.710152465247637768e-03
6.592555110269183484e-03
6.474529354833316944e-03
6.356213172660778350e-03
6.237738026193487967e-03
6.119229024210840265e-03
6.000805086267343644e-03
5.882579112265189959e-03
5.764658155672401814e-03
5.647143599077641962e-03
5.530131330935876555e-03
5.413711922508422821e-03
5.297970804135356329e-03
5.182988440100013208e-03
5.068840501454414255e-03
4.955598036274006662e-03
4.843327636897216092e-03
4.732091603785263008e-03
4.621948105708153891e-03
4.512951336025088252e-03
4.405151664883512341e-03
4.298595787210681730e-03
4.193326866414001132e-03
4.089384673745455855e-03
3.986805723317949322e-03
3.885623402790002248e-03
3.785868099760770784e-03
3.687567323936906481e-03
3.590745825152143883e-03
3.495425707333768301e-03
3.401626538522849186e-03
3.309365457064499406e-03
3.218657274091366125e-03
3.129514572429270992e-03
3.041947802057026404e-03
2.955965372254801705e-03
2.871573740575180701e-03
2.788777498771421830e-03
2.707579455814436865e-03
2.627980718128157013e-03
2.549980767169010044e-03
2.473577534471172856e-03
2.398767474274445238e-03
2.325545633846591576e-03
2.253905721606321629e-03
2.183840173147417237e-03
2.115340215258754240e-03
2.048395928028591204e-03
1.982996305116100245e-03
1.919129312266501389e-03
1.856781944140956228e-03
1.795940279526163927e-03
1.736589534983396096e-03
1.678714116991339130e-03
1.622297672632018635e-03
1.567323138864384425e-03
1.513772790425635352e-03
1.461628286396155895e-03
1.410870715460134980e-03
1.361480639890292211e-03
1.313438138282065591e-03
1.266722847059428099e-03
1.221314000772231491e-03
1.177190471202349976e-03
1.134330805294062570e-03
1.092713261922361768e-03
1.052315847511296450e-03
1.013116350513353038e-03
9.750923747598932512e-04
9.382213716918079080e-04
9.024806714791225142e-04
8.678475130378734016e-04
8.342990729523396334e-04
8.018124933108656269e-04
7.703649084633562441e-04
7.399334707090281975e-04
7.104953749231767129e-04
6.820278821322918895e-04
6.545083420472634942e-04
6.279142145651146235e-04
6.022230902503247210e-04
5.774127098074988227e-04
5.534609825578457173e-04
5.303460039327758790e-04
5.080460719985499789e-04
4.865397030268601140e-04
4.658056461268198704e-04
4.458228969547094146e-04
4.265707105185583535e-04
4.080286130952718204e-04
3.901764132788197487e-04
3.729942121785542134e-04
3.564624127874136154e-04
3.405617285403204323e-04
3.252731910835614097e-04
3.105781572765563010e-04
2.964583154477058117e-04
2.828956909265317753e-04
2.698726508745770479e-04
2.573719084378702296e-04
2.453765262439954863e-04
2.338699192669738147e-04
2.228358570833366523e-04
2.122584655428669785e-04
2.021222278774619636e-04
1.924119852716720815e-04
1.831129369183396281e-04
1.742106395826954540e-04
1.656910066981339194e-04
1.575403070167377293e-04
1.497451628373241473e-04
1.422925478336466642e-04
1.351697845049904629e-04
1.283645412711410599e-04
1.218648292333305314e-04
1.156589986223729820e-04
1.097357349548081862e-04
1.040840549174244778e-04
9.869330200006542955e-05
9.355314189617218402e-05
8.865355768997908322e-05
8.398484484879118741e-05
7.953760603821489973e-05
7.530274577771991216e-05
7.127146495327995419e-05
6.743525520333796175e-05
6.378589319376423087e-05
6.031543479685193200e-05
5.701620918886619155e-05
5.388081288006080867e-05
5.090210369049041314e-05
4.807319468433892724e-05
4.538744807498581069e-05
4.283846911232660625e-05
4.042009996341657533e-05
3.812641359685742639e-05
3.595170768081097385e-05
3.389049850398639734e-05
3.193751492836926776e-05
3.008769238197263961e-05
2.833616689930395201e-05
2.667826921680377175e-05
2.510951892994277166e-05
2.362561871822285007e-05
2.222244864382549501e-05
2.089606052920456100e-05
1.964267241846738907e-05
1.845866312694142825e-05
1.734056688294172824e-05
1.628506806529620471e-05
1.528899603985179687e-05
1.434932009776505577e-05
1.346314449805008438e-05
1.262770361649640092e-05
1.184035720276078523e-05
1.109858574708683358e-05
1.039998595784588113e-05
9.742266350792874507e-06
9.123242950650293777e-06
8.540835105400231754e-06
7.993061413409940512e-06
7.478035763280628416e-06
6.993963486142829423e-06
6.539137619844343599e-06
6.111935284380654456e-06
5.710814167654210831e-06
5.334309120579636455e-06
4.981028860330091614e-06
4.649652780390126383e-06
4.338927866051508230e-06
4.047665713704042609e-06
3.774739652339521185e-06
3.519081965465049481e-06
3.279681211637086351e-06
3.055579641672383823e-06
2.845870710579192646e-06
2.649696682177529898e-06
2.466246324319896079e-06
2.294752692609351216e-06
2.134491000446241122e-06
1.984776573228716761e-06
1.844962884513692611e-06
1.714439671913120009e-06
1.592631130527711542e-06
1.478994181650885008e-06
1.373016814580464723e-06
1.274216499280888450e-06
1.182138667702557348e-06
1.096355261596660192e-06
1.016463344630127653e-06
9.420837766853288141e-07
8.728599482018136651e-07
8.084565725045110150e-07
7.485585340389368903e-07
6.928697905152682098e-07
6.411123269545477079e-07
5.930251597205362784e-07
5.483633886109020549e-07
5.068972951535345692e-07
4.684114852947673966e-07
4.327040746825093027e-07
3.995859148425481141e-07
3.688798585321243809e-07
3.404200626526756129e-07
3.140513271156017125e-07
2.896284681083289840e-07
2.670157242848664627e-07
2.460861943880405762e-07
2.267213049275464729e-07
2.088103065304631447e-07
1.922497976631254143e-07
1.769432744329248785e-07
1.628007052635534198e-07
1.497381292455580066e-07
1.376772770295139051e-07
1.265452131649332539e-07
1.162739988275480979e-07
1.068003739202742516e-07
9.806545757721133156e-08
9.001446613745163380e-08
8.259644768476100975e-08
7.576403230421572074e-08
6.947319722944206399e-08
6.368304609243310233e-08
5.835560152448782202e-08
5.345561039193688881e-08
4.895036097990793265e-08
4.480951146580293439e-08
4.100492905749388606e-08
3.751053920836835088e-08
3.430218433182446636e-08
3.135749148926474114e-08
2.865574851688752041e-08
2.617778812950390274e-08
2.390587951498702585e-08
2.182362699319546103e-08
1.991587531714732448e-08
1.816862121750942217e-08
1.656893081850410519e-08
1.510486257298391175e-08
1.376539537103067893e-08
1.254036151040395139e-08
1.142038422588700016e-08
1.039681949494368555e-08
9.461701846788549730e-09
8.607693923027336872e-09
7.828039553599435955e-09
7.116520119361370933e-09
6.467413986658888356e-09
5.875458821782286373e-09
5.335816582506666985e-09
4.844041027851562546e-09
4.396047562232562356e-09
3.988085273166506373e-09
3.616710992991084763e-09
3.278765279907398274e-09
2.971350150259524740e-09
2.691808471649050355e-09
2.437704887443190554e-09
2.206808167464112881e-09
1.997074892809072355e-09
1.806634365193544238e-09
1.633774675467829651e-09
1.476929829797635696e-09
1.334667865507083434e-09
1.205679889488844613e-09
1.088769963390986371e-09
9.828457766959227805e-10
8.869100626341730486e-10
8.000526704909587281e-10
7.214432863494412500e-10
6.503247184077647117e-10
5.860067319829592794e-10
5.278603659312180625e-10
4.753127204611684986e-10
4.278421645871781141e-10
3.849739266177758283e-10
3.462760602749990823e-10
3.113557297201009008e-10
2.798558093799703333e-10
2.514517649629121158e-10
2.258487920344805857e-10
2.027791986597239324e-10
1.820000095208462316e-10
1.632907610047907254e-10
1.464515060062072400e-10
1.313009647759663346e-10
1.176748540679894802e-10
1.054243458080983866e-10
9.441467049852904497e-11
8.452383439028456927e-11
7.564145411164058248e-11
6.766768775576314376e-11
6.051226579736208447e-11
5.409360534077308411e-11
4.833800216367084937e-11
4.317889681220147897e-11
3.855620579151159630e-11
3.441571150083183212e-11
3.070851185657608126e-11
2.739051092701869098e-11
2.442196912697668367e-11
2.176708314041553335e-11
1.939360822770282071e-11
1.727251664389487321e-11
1.537768930034635288e-11
1.368563173254295772e-11
1.217521608772353916e-11
1.082745635574967580e-11
9.625292576985453944e-12
8.553403484059081607e-12
7.598036261028757567e-12
6.746848359965898607e-12
5.988768770470620930e-12
5.313870236896293045e-12
4.713255435553996867e-12
4.178952252189525035e-12
3.703822109053622126e-12
3.281473734650287148e-12
2.906187814240869563e-12
2.572848202372118584e-12
2.276879148473133845e-12
2.014193723238792377e-12
1.781138477980747912e-12
1.574450548800580978e-12
1.391218024087556851e-12
1.228841641424926748e-12
1.085003100496263428e-12
9.576354972874917801e-13
8.448968164342056346e-13
7.451449229373995044e-13
6.569183937562980368e-13
5.789162745460782688e-13
5.099794495539090278e-13
4.490800179144949249e-13
3.953000454069717280e-13
3.478268919128384404e-13
3.059366859528715162e-13
2.689876735542952043e-13
2.364097512426895865e-13
2.076970455903888624e-13
1.824010934877504603e-13
1.601237124875792154e-13
1.405122672882841071e-13
1.232552065374980535e-13
1.080754280934201473e-13
9.472790323612446785e-14
8.299677285333762490e-14
7.268986448734511839e-14
6.363833140509553477e-14
5.569168038752027185e-14
4.871832252395159866e-14
4.260113954606002586e-14
3.723797861509860085e-14
3.253687291595722115e-14
2.841804567210927242e-14
2.481084720577831714e-14
2.165292599362268567e-14
1.888963551038722641e-14
1.647250021563601763e-14
1.435888922028778222e-14
1.251124309745942176e-14
1.089676209318784254e-14
9.487385268004642398e-15
8.256828253668063605e-15
7.183109005003382897e-15
6.246747494174517456e-15
5.429900503282212037e-15
4.717951316624184767e-15
4.097980764149463821e-15
3.557836105796983960e-15
3.087686097309489894e-15
2.678378058015396655e-15
2.322556489679316069e-15
2.013206641831120541e-15
1.744291300611111761e-15
1.510537022333478397e-15
1.307771187193792528e-15
1.131764120353727322e-15
9.789177598644872535e-16
8.464542955987249110e-16
7.312821450477816314e-16
6.317035983778224582e-16
5.452354320383119518e-16
4.709201701723585516e-16
4.062810676458484716e-16
3.505928284540377558e-16
3.020911385572992138e-16
2.601664883390925962e-16
2.241269842335321993e-16
1.930445514559304345e-16
1.657121202609273285e-16
1.425816335973735273e-16
1.226563658055522839e-16
1.054661446951287360e-16
9.040624949026665069e-17
7.758605278601651234e-17
6.649875617137393571e-17
5.694908483907289108e-17
4.896784523383313602e-17
4.200424469061020575e-17
3.582899780822161576e-17
3.089735813111799996e-17
2.647567094434756598e-17
2.261542144328222148e-17
1.937694333908859634e-17
1.666978736494838700e-17
1.434767190541320869e-17
1.224069161517826990e-17
1.035007087642158540e-17
8.845881923119512430e-18
7.629320403442372798e-18
6.544413872177552343e-18
5.455945958895691738e-18
4.805795740654189626e-18
4.064455105436103922e-18
3.463759648543758135e-18
2.958481327359043008e-18
2.578525125276388718e-18
2.072844758907097402e-18
1.893201797326329868e-18
1.592317993054986523e-18
1.207421283493434793e-18
1.203587963702979385e-18
1.079982227191004468e-18
9.985704247989117859e-19
8.668410812204586859e-19
6.632711082031262177e-19
7.808056066682036363e-19
5.261501573945959195e-19
4.267129598072731418e-19
3.912211651740363305e-19
2.257930675063150211e-19
2.244820909066734211e-19
2.407823634537256921e-19
2.427076437631669396e-19
1.008548833191541028e-19
2.187332268730222661e-19
3.660535337074254406e-19
2.857206187771070945e-19
2.565341809611442448e-19
9.816248745457806693e-20
1.129608363776878161e-19
1.065238096641392953e-19
1.997528947366865880e-19
1.146180982206677549e-19
9.405856534541381148e-20
1.366224226257150384e-19
1.744736783887259314e-20
0.000000000000000000e+00
2.945042215219852527e-19
6.751228786131542591e-20
0.000000000000000000e+00
6.524706136299490282e-20
1.172095901714373238e-19
7.608393227987966495e-20
1.668411660354265534e-19
1.090733753679861192e-19
2.324438950678724286e-20
9.080399259615416457e-21
5.910140417462494818e-21
0.000000000000000000e+00
0.000000000000000000e+00
1.009677332813625367e-19
6.353121807806527465e-20
5.539368965704716874e-20
2.925410028603980940e-21
1.224567526526743842e-19
6.473395768598871941e-20
5.251084906324591296e-20
7.436302630846737191e-20
1.287101300349817684e-19
8.850657767133162910e-20
6.123496237694147877e-21
3.191260370323972872e-19
1.489416493841397369e-19
1.178017328073151559e-19
2.120613400562228334e-19
1.758065025402088779e-19
7.434120780233597020e-20
5.560224579227404754e-20
7.674031055792707417e-20
5.633047020597605741e-20
5.142364306451017105e-20
1.250411222275444345e-19
1.141569966730327564e-19
1.868165165811477502e-19
7.608295974328725844e-20
1.556470307832919686e-19
1.204278131808535750e-19
6.439491190374733231e-20
5.405905255057248744e-20
5.173351646433908712e-20
5.084711209760228878e-20
2.001273960691128043e-19
1.775614337026237280e-19
7.034788642197347892e-20
2.548721797310202668e-19
8.883806807451822157e-20
8.470577448023074859e-20
2.345379616135758735e-19
1.363970025126598780e-19
2.196383830117090205e-19
1.559789679696890346e-19
2.477979240500046146e-22
1.039312595824878641e-19
1.401054709595863304e-19
2.226090040981366927e-20
1.542150077374687257e-19
2.490095273383768219e-19
4.192587325649973885e-20
8.678506145731803349e-21
7.837783275744813589e-20
6.179102300161711328e-20
2.075705788304759124e-19
2.831936103587521869e-19
7.296415809749269248e-20
0.000000000000000000e+00
1.040269464456455467e-19
9.099557247933978610e-20
1.893810113784388766e-19
1.061040199390332992e-19
6.783447233235839720e-20
1.100208098151468801e-19
6.333979816144375069e-20
1.334000387766595603e-19
7.065852553397405217e-20
9.442430836583287698e-21
1.023429801082268978e-19
1.383723748019917009e-19
0.000000000000000000e+00
2.247805005251943383e-21
9.963626443915919069e-20
1.077708585839357397e-20
1.492514273270044344e-19
6.800260191404862366e-20
0.000000000000000000e+00
0.000000000000000000e+00
2.047776694340577117e-20
0.000000000000000000e+00
0.000000000000000000e+00
9.185411575776873293e-20
5.215488750335377713e-20
4.505803437417053319e-20
1.429615321797196727e-19
5.869357453990520995e-20
0.000000000000000000e+00
1.136862914429434247e-19
5.282398104901036395e-20
4.223000315941829694e-20
1.146965898537235985e-19
1.514946632894863354e-19
5.740869902150110591e-20
1.729547135841472403e-20
3.626827996412593415e-20
1.622083875728299312e-19
1.325458228300269705e-19
0.000000000000000000e+00
8.680476743088076188e-20
4.522003761606056958e-20
2.881861757510846891e-19
7.741890090592063088e-20
2.203872453998367503e-19
1.829990704228628625e-20
0.000000000000000000e+00
1.866560586010870293e-19
0.000000000000000000e+00
3.913074900482357505e-20
1.143616012527972945e-19
1.013226015093386126e-19
9.925319915834528338e-20
1.490118849935483748e-19
3.069578650002222105e-19
2.328529779437946562e-19
7.365712414214275265e-20
0.000000000000000000e+00
0.000000000000000000e+00
2.401865411929372398e-19
1.492378453160113456e-19
1.124114167187679302e-19
2.565537945206143378e-19
5.434462965579269911e-20
1.733514406690802375e-19
9.270186586278437962e-20
1.816589365692130139e-19
0.000000000000000000e+00
9.808399137162178584e-20
1.070469853573643896e-19
5.538816855546020856e-20
5.146276425180961674e-22
4.549100188838196606e-20
2.476012919091722679e-19
1.779528866818510745e-19
1.924243982001136799e-20
0.000000000000000000e+00
1.453449747504781181e-19
0.000000000000000000e+00
0.000000000000000000e+00
1.688398990685138581e-19
1.399592719977675657e-19
0.000000000000000000e+00
9.527344209471285702e-20
1.535728075776586105e-19
1.121590352687291159e-19
6.574376742589209717e-21
0.000000000000000000e+00
4.221353383663845512e-20
2.439579609362557641e-19
7.316142510478965059e-20
1.246858325800885761e-19
5.683771414986945410e-20
4.666548188530849183e-20
6.945388379667922370e-20
4.781308699649483164e-20
6.870582377881298562e-20
7.172839504634211394e-20
1.218134055529446869e-19
1.034425818155484301e-19
6.333510751985106686e-22
0.000000000000000000e+00
3.763837672070201070e-20
3.895008205236556603e-20
8.837843393693388799e-20
1.946792337162337988e-19
8.479292334089596161e-20
4.585270953827198657e-20
1.390606734373515013e-19
1.764861928317041215e-19
7.652078432765098494e-21
3.785548122060643172e-20
8.752689814793596815e-20
1.159245154297183274e-19
7.297516837463193514e-20
9.249648229550594355e-20
9.422222772264234615e-20
0.000000000000000000e+00
0.000000000000000000e+00
8.297579592386046061e-20
1.159711484102825301e-19
4.594368867716214892e-20
8.612818502790773111e-20
3.812771877950116476e-20
2.589422498681115529e-19
6.369997026415604664e-20
0.000000000000000000e+00
1.324623506441400148e-19
1.716417620097027046e-19
5.288940060653731714e-20
3.749652586904184610e-20
2.095814773707442625e-19
7.448987371419218097e-21
0.000000000000000000e+00
2.570916931704383319e-19
8.841326977071620673e-20
4.368815714499815662e-20
1.615839673040526499e-19
2.018245644141124186e-19
1.549393224917723242e-19
5.280321490993119091e-20
3.984170849243902857e-20
1.124618792611008211e-19
1.968982576459120034e-19
2.081267335185029588e-19
2.358406627386899780e-19
2.406577170237670190e-19
1.780034862838502872e-20
4.255975465907902205e-20
1.671627004251274975e-19
8.151604008231298668e-21
2.662620774225259897e-19
2.098147055349339579e-20
1.438473493850785983e-19
0.000000000000000000e+00
1.918203272568788746e-19
2.367824119749217879e-19
1.689059630179035498e-19
1.161301792153796603e-20
1.445405070082364537e-19
1.076625800615162608e-19
1.536417432800837128e-19
2.593067300077699730e-19
1.481951007338780110e-19
1.612891431421528730e-19
6.260710695359588480e-20
5.073727958294009291e-20
4.852288177891992404e-20
4.766774912116334947e-20
1.219457503395020001e-19
0.000000000000000000e+00
1.192471236094509369e-19
5.460974922069847394e-20
1.963578831806710817e-19
0.000000000000000000e+00
1.889736038801085127e-20
1.162531659955490636e-19
5.185768119668353125e-20
9.379296525607424993e-20
0.000000000000000000e+00
6.447738186656271826e-20
4.352464611217688234e-20
3.993380615313215825e-20
6.360098564540494261e-20
4.114520020586801985e-20
2.123244709128188115e-19
7.042892135124934810e-21
3.672772919123611926e-20
0.000000000000000000e+00
2.328758729452717665e-19
7.121533416388668057e-21
5.999964146988487181e-20
1.123601252274790392e-19
1.927757789685801247e-19
2.097194550211960221e-21
1.837325814064226389e-19
1.477895763394936560e-19
1.970902657879885670e-19
0.000000000000000000e+00
1.345038413968261750e-19
4.307106415810043640e-20
8.535081135525594268e-20
0.000000000000000000e+00
3.175054998101437470e-20
3.071100918518836328e-19
6.303261942286549608e-20
8.790217059257921440e-20
3.956056719730752501e-20
0.000000000000000000e+00
5.585109035520134427e-20
9.874990508089993399e-21
2.048367236323474065e-19
5.002805829484642998e-20
8.403860469431724032e-20
1.867770716007130378e-19
2.230897725616016630e-19
5.339392776591630135e-20
8.565580527199380783e-20
8.597695198082903278e-20
3.578094589525934234e-20
0.000000000000000000e+00
2.963935451053654959e-20
3.027173270243551596e-20
1.546955308478734578e-19
6.785032826802955829e-20
1.345755858378365486e-19
9.078405487822170215e-20
1.114738053130888090e-19
3.882195023099330604e-20
2.057872568239964670e-19
1.980557418546748983e-19
4.617040565392697717e-20
1.079870842672699679e-19
2.139447065753247635e-19
0.000000000000000000e+00
5.676788248721840377e-20
8.431280837929021982e-20
3.654282160740427024e-20
2.564191512074109830e-19
4.040644045253023995e-21
0.000000000000000000e+00
2.955423553993167546e-20
3.011723970511643979e-20
0.000000000000000000e+00
1.525071040211937767e-19
1.410667639958384188e-19
0.000000000000000000e+00
7.854738999100092443e-20
0.000000000000000000e+00
2.703930357881490860e-20
0.000000000000000000e+00
5.023580870086518179e-20
0.000000000000000000e+00
9.928332173319105640e-20
3.224057063930777079e-20
0.000000000000000000e+00
9.777757318598766255e-20
3.071317347836562728e-20
2.401274639947503829e-20
4.755936308800973531e-20
0.000000000000000000e+00
9.565798466273244077e-20
2.831955606246856013e-20
1.216419147249444339e-19
0.000000000000000000e+00
0.000000000000000000e+00
1.938440974655640675e-19
3.621120266083686588e-20
1.222133436677707338e-19
1.275472307078229014e-19
1.305436468584696965e-19
0.000000000000000000e+00
1.454241267959864467e-19
3.237823864433159682e-20
0.000000000000000000e+00
6.972133013849731121e-20
2.472398733367614478e-20
0.000000000000000000e+00
1.878375117206332353e-20
1.898206515653194000e-20
1.435096475327385260e-19
1.299677887085106327e-19
1.295283917468612428e-19
0.000000000000000000e+00
1.695819710136335875e-19
0.000000000000000000e+00
0.000000000000000000e+00
1.875812208294362039e-20
1.439587373647273491e-19
3.036468813363929964e-20
0.000000000000000000e+00
0.000000000000000000e+00
0.000000000000000000e+00
1.170438009854742721e-19
0.000000000000000000e+00
1.773825941583750245e-20
1.730348581442716253e-20
1.680901985806980051e-20
1.662647676307403568e-19
2.723823322133789877e-20
6.784064181873319288e-20
1.956784581525357779e-19
1.572738951299939717e-19
5.540268655610068453e-20
7.221428442021124142e-20
2.297310119448255844e-20
9.372261506421268519e-20
1.247546200797823360e-19
2.782038505058731191e-20
1.198897914481229864e-19
7.735217252351541993e-20
2.261590482850029450e-20
2.442985429145292023e-19
3.380201802986620991e-19
1.982506649093505455e-19
0.000000000000000000e+00
2.387956889645076076e-20
7.333104690621920381e-20
1.772319391110855063e-19
6.143388868059862796e-20
1.531394895739253098e-19
1.102905358132749166e-19
5.770522433147847557e-20
2.284938341662041166e-19
0.000000000000000000e+00
1.014929510252758676e-19
0.000000000000000000e+00
5.039703578258035610e-20
2.788051407291795262e-20
0.000000000000000000e+00
1.236326325445707456e-19
0.000000000000000000e+00
1.487883411419739330e-19
1.837733992770645836e-19
1.872603203161467346e-19
2.132681226164860374e-19
2.910594895394006945e-19
0.000000000000000000e+00
2.854598808580503365e-20
2.524182913295918151e-19
0.000000000000000000e+00
1.534701035810676675e-19
3.786816595149772441e-20
2.936275335175631839e-20
7.786071316986653923e-20
2.044302129848922245e-19
1.408709872689750550e-19
0.000000000000000000e+00
1.021451394808543576e-19
0.000000000000000000e+00
1.762065964842369465e-19
1.126647072170177480e-19
2.338211052370938539e-19
4.288964931160298160e-20
0.000000000000000000e+00
0.000000000000000000e+00
1.251484547605064242e-19
3.301391687809734147e-20
1.263826424956717481e-19
8.259690683340862436e-20
7.961936873410607763e-20
0.000000000000000000e+00
4.860608200673612409e-20
5.060582622379408714e-20
2.003189049631948866e-19
3.586780248590461601e-20
1.745710536837022373e-19
2.337233044720093158e-19
1.389656156945983931e-19
1.080971404211292666e-19
3.058535259424389664e-19
0.000000000000000000e+00
1.515222650078301496e-19
2.095510189235408265e-19
1.394637560446469142e-19
1.353292200411931492e-19
6.012936007890915873e-20
1.302176052973046138e-19
1.094513571787386170e-19
0.000000000000000000e+00
2.766326897934947472e-19
1.691398326765468076e-19
0.000000000000000000e+00
1.779600401520597493e-19
3.628241607327457749e-19
5.179308231012362600e-20
1.823178779606333973e-19
1.400308742376082322e-19
1.378898924751999033e-19
1.378080763452561842e-19
3.797078918471168437e-20
2.311228431526368957e-19
9.351282437028052199e-20
3.542811364905759997e-20
2.057476391806249944e-19
0.000000000000000000e+00
0.000000000000000000e+00
2.780947312962159808e-19
4.329211266343100876e-20
2.555607776092017571e-19
0.000000000000000000e+00
2.542135624667176075e-19
4.324858972847036331e-20
1.806034483447595209e-19
6.346015792966118709e-20
4.065164792694403001e-19
1.030054855216637169e-19
0.000000000000000000e+00
0.000000000000000000e+00
0.000000000000000000e+00
2.700175687675606052e-20
2.697813371962786160e-20
2.620299123035103114e-20
2.252170678283356232e-19
0.000000000000000000e+00
5.009659172604836236e-20
0.000000000000000000e+00
0.000000000000000000e+00
2.162187361603658385e-20
9.626822074956457224e-20
7.531054142379737694e-20
2.379514243175547849e-20
2.011560825202098741e-20
1.899397787734557101e-20
1.816648884161708508e-20
1.673043208627061326e-19
1.257089134603507583e-19
1.474857962239234794e-19
0.000000000000000000e+00
1.420857076965136539e-19
9.892699757579480512e-20
2.219119162523119794e-19
1.790153015555951666e-19
5.262489735424354703e-20
1.207615200860776078e-19
9.897625532410136017e-20
2.324862060145022500e-20
1.186256255558119926e-19
2.360829782012239692e-20
2.933279780176311605e-19
2.833111174419884039e-19
3.480972126749348613e-20
7.165424622478650457e-20
4.655547189481753214e-20
7.129193248785773774e-20
1.471668746107227031e-19
0.000000000000000000e+00
0.000000000000000000e+00
2.430822501135738023e-19
0.000000000000000000e+00
0.000000000000000000e+00
9.283790275440411599e-20
0.000000000000000000e+00
4.421903540756993794e-19
4.037050591613234651e-20
4.642239410321751312e-20
2.062620937421199353e-20
1.862104326062388987e-20
1.179025397517540135e-19
2.280200295217332219e-20
1.429241690335208258e-19
2.375322698346297101e-20
0.000000000000000000e+00
1.620112557310441493e-20
0.000000000000000000e+00
1.492018285650605760e-20
8.957827756904491924e-20
1.180517573982712437e-19
6.949550002967570581e-20
1.711078454852517428e-20
6.402438841126864566e-20
1.582404208549831979e-20
0.000000000000000000e+00
1.371175641236591375e-19
1.830948707856935632e-20
8.772218701853194644e-20
0.000000000000000000e+00
3.666653094857436090e-20
1.375692252383498163e-19
1.422605540274456415e-19
1.811288731107476505e-20
0.000000000000000000e+00
1.359473896959349430e-19
1.419242524108738302e-19
2.428197874171341378e-19
1.981458401808742712e-19
0.000000000000000000e+00
1.387751120227753282e-19
2.191921762235448958e-19
1.487280908687705097e-19
1.714859465448280862e-19
2.290062343933365409e-20
9.143405576144136380e-20
9.418365484516583503e-20
1.195441857534925474e-19
0.000000000000000000e+00
1.586988250452681545e-20
1.403730690471922223e-19
0.000000000000000000e+00
1.525040362583337265e-20
6.465438434851729667e-20
1.663333214742269642e-19
2.207973446782396450e-19
2.392932112176629866e-20
0.000000000000000000e+00
8.919978916460761242e-20
1.741175480927583479e-20
1.421740761683964314e-20
2.133319051602897496e-19
2.168140611931270992e-20
1.392251697613417075e-19
0.000000000000000000e+00
0.000000000000000000e+00
6.242995008007781031e-20
8.835920725808869810e-20
1.526245783489647507e-20
3.118992231135511625e-19
2.403374527107227519e-20
1.361793011524508743e-20
1.223149671579342420e-20
3.666946817081040516e-20
1.123927897790761978e-19
0.000000000000000000e+00
1.108070689450777876e-20
1.053596876987371521e-20
6.002455326214118698e-20
3.660162903763138422e-20
3.573634773129169720e-20
3.539355552589150853e-20
6.007971038070431979e-20
0.000000000000000000e+00
8.212388898904971979e-21
1.077860050340497363e-19
1.136656215977048312e-20
5.789178366798245179e-20
2.090959643367810310e-19
1.899578404957722033e-19
9.032062300333808223e-20
1.223227801422498540e-20
5.908587403264119758e-20
1.048880385142544291e-20
1.836238656087568132e-19
1.148625466255969338e-19
6.236933155756002391e-20
6.121865495025302865e-20
1.111103473281835632e-20
9.224691474245791249e-21
8.766353425368599801e-21
8.337466150706066102e-20
1.088968761006323926e-20
8.341302686035067386e-21
0.000000000000000000e+00
3.223305375183086215e-20
0.000000000000000000e+00
8.166685371020054557e-20
5.908239767886938031e-20
1.333228756199225662e-19
1.092017042284499049e-20
0.000000000000000000e+00
6.352221560969927111e-21
6.117856510784170865e-21
1.557438526413626445e-19
1.060051441163563665e-20
1.313363249439013161e-19
2.848670099378179665e-19
9.058514544597569771e-20
1.066426301305644912e-20
1.077899961902650727e-19
1.106260342471906468e-19
1.118893202142924146e-20
0.000000000000000000e+00
3.260053310042883659e-20
0.000000000000000000e+00
5.718501217278650549e-20
8.347745772378879396e-20
9.433323283835037510e-21
1.070715571781923621e-19
9.730058754507753532e-21
8.197820106286338090e-20
8.385914947959852327e-20
9.115221584828641751e-21
6.827929250401597171e-21
6.357307292399181374e-21
6.034435534008165217e-21
5.569109739715840221e-20
6.269160570930033984e-21
8.023876623724034548e-20
7.188367423748912472e-21
0.000000000000000000e+00
7.959514136311081692e-20
1.315608856079455268e-19
1.331901842883870575e-19
0.000000000000000000e+00
5.537148844979160389e-20
6.430168021548647156e-21
5.143304472340251667e-21
2.982056876980056851e-20
2.052942173253600893e-19
1.598989766626350622e-19
9.635058008649094118e-21
6.024412674255434161e-21
2.054370003988557806e-19
3.559014515103495255e-20
7.174165993499532965e-21
8.099938084847039975e-20
1.326926814924707571e-19
1.341662384568544133e-19
8.459910003501029148e-20
0.000000000000000000e+00
3.164073624270462337e-20
7.101000304262398677e-21
8.120113178688071098e-20
0.000000000000000000e+00
8.091238866465871404e-20
7.499206449420656254e-21
0.000000000000000000e+00
5.233501298927123303e-21
4.951976299544512076e-21
5.460437786921835413e-20
0.000000000000000000e+00
4.229242076039980458e-21
3.905412358100093167e-21
1.285443926291459802e-19
6.214862867459304818e-21
1.037508008055094849e-19
5.634614592175448102e-21
0.000000000000000000e+00
5.332918945802031555e-20
2.923995632429615068e-20
1.038363977376964313e-19
0.000000000000000000e+00
3.399690783098728478e-21
1.530490789865001636e-19
5.604464265747797344e-20
2.045002608065102054e-19
7.609852169926836548e-21
0.000000000000000000e+00
7.887213429567279153e-20
2.801741399735487984e-19
1.843507337398528195e-19
0.000000000000000000e+00
5.515575209705535482e-21
1.301256145622029362e-19
2.072860934359136598e-19
9.171950659983508955e-21
1.559405277413843789e-19
1.332759493356637045e-19
8.354458765465238870e-21
1.311510946423871911e-19
8.075871683106677368e-21
2.809267972501033351e-19
8.545830060857689307e-20
0.000000000000000000e+00
0.000000000000000000e+00
5.585332422188772157e-20
6.399839568272461293e-21
0.000000000000000000e+00
5.488520334629590517e-20
1.303028093220840422e-19
0.000000000000000000e+00
0.000000000000000000e+00
4.064977932142041064e-21
0.000000000000000000e+00
1.782914283393407614e-19
1.057691929424795974e-19
1.050512846128567396e-19
5.510593214123342262e-20
5.445008274468412605e-20
2.292439546498884424e-19
6.857801483088776476e-21
5.421872652203003665e-20
4.562244381893950382e-21
1.287282281005154804e-19
0.000000000000000000e+00
1.536220160997281622e-19
1.553291820045236976e-19
5.569799310932689250e-20
5.460725715632624566e-20
2.043636903320660257e-19
1.562108062492386813e-19
1.810163356413985465e-19
5.659540193404978857e-20
5.096327438568166554e-21
1.293871235892666562e-19
5.640373518642882101e-21
0.000000000000000000e+00
2.286994207009371230e-19
1.809837607914404341e-19
1.309116842987361345e-19
5.612346264092328520e-21
7.921337040097387975e-20
4.713706435607600936e-21
2.879033978325275742e-20
5.370910911782163280e-20
1.286244747586062330e-19
5.426293204952553480e-20
7.834159989601885170e-20
0.000000000000000000e+00
2.757654710685090969e-21
2.454105593012097271e-21
0.000000000000000000e+00
5.186581526299717329e-20
0.000000000000000000e+00
1.563328808582636460e-21
3.011789681788322486e-19
3.684837365652916197e-21
0.000000000000000000e+00
1.265894542130558904e-19
3.023535342435979854e-19
2.039274988688157243e-19
0.000000000000000000e+00
2.629181369454659515e-21
1.273217089188057326e-19
0.000000000000000000e+00
5.220593444142908636e-20
0.000000000000000000e+00
1.267489340668926596e-19
2.736623145109093083e-20
7.681053529826618468e-20
1.518887870771494428e-19
2.222806977543598546e-21
1.514748211200879745e-19
1.019865039161655441e-19
1.976849771107181079e-21
0.000000000000000000e+00
1.232816793760569104e-21
5.100490388120200353e-20
5.105056479118615718e-20
1.759122758330938211e-19
1.014553084356182237e-19
1.512912243011072699e-19
1.601287244759101485e-21
1.260566696092374184e-19
0.000000000000000000e+00
9.826803215942178284e-22
3.006228204763949592e-19
7.651800560230345347e-20
2.260646742355728799e-19
2.650993980342645090e-20
1.117360034624394984e-21
0.000000000000000000e+00
5.963400825132316398e-22
4.048900649024903446e-22
2.591583334465394971e-22
2.514190776816958743e-20
1.250726010400030449e-19
0.000000000000000000e+00
1.000564037413945894e-19
5.009422036432937699e-20
1.193314717170280513e-23
1.404629577771144611e-24
2.029112628261577079e-25
3.533926762057024776e-26
4.658853383447449431e-27
4.884338888137833821e-28
4.759526080731795455e-29
4.820319338955968641e-30
5.008953516741369003e-31
5.399717267161244376e-32
6.188291761786823231e-33
7.305166647380492492e-34
8.551691036866769589e-35
9.813923057187617332e-36
1.098580702402766151e-36
1.188993871883863005e-37
1.248393978567631957e-38
1.293103285758745681e-39
1.369487008352141694e-40
1.529183431526607969e-41
1.802319460541752034e-42
2.185939922346690958e-43
2.651425816537798079e-44
3.160334410390789852e-45
3.677181877987863733e-46
4.175233714217804444e-47
4.637681262575387542e-48
5.057918344566873975e-49
5.440793873549361437e-50
5.804585172435879229e-51
6.182320536148357971e-52
6.620936292430446317e-53
7.177329697122593014e-54
7.911199695101217504e-55
8.874982433344515408e-56
1.010146505596280624e-56
1.159086085336207291e-57
1.330130105806959119e-58
1.514791240285963498e-59
1.701390762452374456e-60
1.877275040351900290e-61
2.031605628754937495e-62
2.158000925490958729e-63
2.256426579478780545e-64
2.334018602027064753e-65
2.404791695707270192e-66
2.488340608888494039e-67
2.607705997651251909e-68
2.786621481145815621e-69
3.046433534068862512e-70
3.403085029601754648e-71
3.864637023957207322e-72
4.429830001120157094e-73
5.088125731430076980e-74
5.821505093676007588e-75
6.608019780748916103e-76
7.426730869813645406e-77
8.263285419626838283e-78
9.115093416550322091e-79
9.994982774867482653e-80
1.093239301580284594e-80
1.197160306753089914e-81
1.316708519604722594e-82
1.457670386731229220e-83
1.625400209107251508e-84
1.824113026519625237e-85
2.056400040266444708e-86
2.323095644671904229e-87
2.623564966755957944e-88
2.956396881250347592e-89
3.320394358898852502e-90
3.715672982414735635e-91
4.144633624041442389e-92
4.612586780388617660e-93
5.127882217827715483e-94
5.701528705806474127e-95
6.346445567117751784e-96
7.076627090314848238e-97
7.906576195095680180e-98
8.851340900320766246e-99
9.927357683231770429e-100
1.115409398634690377e-100
1.255624115779123801e-101
1.416600668949323592e-102
1.602495165979007197e-103
1.818484937418556532e-104
2.070719857158352689e-105
2.366126579268379203e-106
2.712079087195337901e-107
3.115970270971366314e-108
3.584731969774089001e-109
4.124354842742588828e-110
4.739457931371782990e-111
5.432956046077606105e-112
6.205875511936562762e-113
7.057376351985782576e-114
7.985047984963351552e-115
8.985548127984380373e-116
1.005564127215115071e-116
1.119365623975554325e-117
1.240131997708883926e-118
1.368584298932394322e-119
1.506204501072164010e-120
1.655423776233619227e-121
1.819754640123062833e-122
2.003836971487888664e-123
2.213375928133766787e-124
2.454963551620259639e-125
2.735793722588913013e-126
3.063299493514504888e-127
3.444759638219473992e-128
3.886934623602716771e-129
4.395798910389650599e-130
4.976435304186942796e-131
5.633147840523162811e-132
6.369833122516241861e-133
7.190627462551585204e-134
8.100820260837820563e-135
9.107994613014246569e-136
1.022332620588335941e-136
1.146294351099273408e-137
1.284922898909137663e-138
1.441192583006318926e-139
1.618891123420055281e-140
1.822650856769522045e-141
2.057923887176619296e-142
2.330895709833926099e-143
2.648337736168195349e-144
3.017405894916953377e-145
3.445399311786412406e-146
3.939499106218413314e-147
4.506511766507345553e-148
5.152643771958981039e-149
5.883333862527450307e-150
6.703166737691786699e-151
7.615887454312687434e-152
8.624530033977742629e-153
9.731667425564610705e-154
1.093978344925381516e-154
1.225176081644699789e-155
1.367147260735381997e-156
1.520445734070683164e-157
1.685864967783637281e-158
1.864512986717894223e-159
2.057884579076308600e-160
2.267925308792776296e-161
2.497081301555757137e-162
2.748328643954652756e-163
3.025176746662724025e-164
3.331641291706434557e-165
3.672184426381945165e-166
4.051622570684462707e-167
4.475005335294144945e-168
4.947472274036142664e-169
5.474097150209309400e-170
6.059731739490546400e-171
6.708862672650776989e-172
7.425495322344513915e-173
8.213078289807619059e-174
9.074480803769649027e-175
1.001203353104041310e-175
1.102764114390184476e-176
1.212297265769106105e-177
1.329973310201520364e-178
1.456001747532643356e-179
1.590674505190098243e-180
1.734416888821024845e-181
1.887845187063762019e-182
2.051829713940393458e-183
2.227561775899728658e-184
2.416622885616392447e-185
2.621054598983193495e-186
2.843427703271967057e-187
3.086910176722408079e-188
3.355334358251149892e-189
3.653265021278979467e-190
3.986071370393558010e-191
4.360007141480686797e-192
4.782303719213494408e-193
5.261281236658886535e-194
5.806481802310386203e-195
6.428827240050290187e-196
7.140801115183233238e-197
7.956651618542973123e-198
8.892608520092616172e-199
9.967104437252307677e-200
1.120098870129579839e-200
1.261772172644094997e-201
1.424353944584472799e-202
1.610758132494064432e-203
1.824198167878603290e-204
2.068193220353948185e-205
2.346573321636512140e-206
2.663486131807160246e-207
3.023409118455578475e-208
3.431171811000341361e-209
3.891993504987396772e-210
4.411542274178014491e-211
4.996021376286262291e-212
5.652289107925280202e-213
6.388017885102339319e-214
7.211897805327712400e-215
8.133889175588105705e-216
9.165527423120840519e-217
1.032028235684158746e-217
1.161397178978052606e-218
1.306522691595133887e-219
1.469600341449437521e-220
1.653212793695883253e-221
1.860386443206662021e-222
2.094647884640504999e-223
2.360077448182811217e-224
2.661356428969487295e-225
3.003804145695654530e-226
3.393400678432023962e-227
3.836791166093206887e-228
4.341267996825414804e-229
4.914728189706701516e-230
5.565604801773622946e-231
6.302773312975983656e-232
7.135436599233410551e-233
8.072995194364359139e-234
9.124912898531549883e-235
1.030059119503859669e-235
1.160926913333586558e-236
1.305996805339545550e-237
1.466150250457022416e-238
1.642257972549224718e-239
1.835200993363959642e-240
2.045904833239044111e-241
2.275388717220421434e-242
2.524831247650177041e-243
2.795653530929341001e-244
3.089620192041900213e-245
3.408958098206035574e-246
3.756491965280142628e-247
4.135795357267680967e-248
4.551354925950568263e-249
5.008745084640386260e-250
5.514809672990952317e-251
6.077846552069282720e-252
6.707790474937923355e-253
7.416389018404900650e-254
8.217365858483869174e-255
9.126565264836751216e-256
1.016207143951323430e-256
1.134429631949171172e-257
1.269602981379528415e-258
1.424244729069429063e-259
1.601107062191839438e-260
1.803168138785880779e-261
2.033618809970112548e-262
2.295845362135206264e-263
2.593409444417986541e-264
2.930027007325500373e-265
3.309548841736744240e-266
3.735946150807655003e-267
4.213305474044783629e-268
4.745838162155087552e-269
5.337910408481124053e-270
5.994100501072263609e-271
6.719290383214308888e-272
7.518798710367494943e-273
8.398562281700986516e-274
9.365371929396857415e-275
1.042716761303476394e-275
1.159339556312896861e-276
1.287542785873470834e-277
1.428704186618906338e-278
1.584495361815054742e-279
1.756939563695937663e-280
1.948472611990279410e-281
2.162005307000278034e-282
2.400985417611581991e-283
2.669457134551445307e-284
2.972115810064588637e-285
3.314355888243744932e-286
3.702310192773795632e-287
4.142879201596966083e-288
4.643749613037406701e-289
5.213402396661166161e-290
5.861111614008391433e-291
6.596936566030571409e-292
7.431711239733213097e-293
8.377036538721469375e-294
9.445282333961915029e-295
1.064960789804320587e-295
1.200401072097987348e-296
1.352341498105684255e-297
1.522381199801808456e-298
1.712246577482801701e-299
1.923819719833281439e-300
2.159176059550355767e-301
2.420632612778328548e-302
2.710808097102066132e-303
3.032696141588052335e-304
3.389752700059442109e-305
3.785998664416429838e-306
4.226138559332315862e-307
4.715696095591314969e-308
5.261167280155495255e-309
5.870191740345833732e-310
6.551742929981514726e-311
7.316337957491074263e-312
8.176267916876133047e-313
9.145849813684550430e-314
1.024170145404763055e-314
1.148304098408993291e-315
1.289201309452888098e-316
1.449404318412318576e-317
1.631819777710302736e-318
1.839752245419049757e-319
2.076557909470759225e-320
2.341871161287508619e-321
2.618547922958606684e-322
1.482196937523739633e-323
0.000000000000000000e+00
0.000000000000000000e+00
0.000000000000000000e+00
0.000000000000000000e+00
0.000000000000000000e+00
0.000000000000000000e+00
0.000000000000000000e+00
0.000000000000000000e+00
0.000000000000000000e+00
0.000000000000000000e+00
0.000000000000000000e+00
0.000000000000000000e+00
0.000000000000000000e+00
0.000000000000000000e+00
0.000000000000000000e+00
0.000000000000000000e+00
0.000000000000000000e+00
0.000000000000000000e+00
0.000000000000000000e+00
0.000000000000000000e+00
0.000000000000000000e+00
0.000000000000000000e+00
0.000000000000000000e+00
0.000000000000000000e+00
0.000000000000000000e+00
0.000000000000000000e+00
0.000000000000000000e+00
0.000000000000000000e+00
0.000000000000000000e+00
0.000000000000000000e+00
0.000000000000000000e+00
0.000000000000000000e+00
0.000000000000000000e+00
0.000000000000000000e+00
0.000000000000000000e+00
0.000000000000000000e+00
0.000000000000000000e+00
0.000000000000000000e+00
0.000000000000000000e+00
0.000000000000000000e+00
0.000000000000000000e+00
0.000000000000000000e+00
0.000000000000000000e+00
0.000000000000000000e+00
0.000000000000000000e+00
0.000000000000000000e+00
0.000000000000000000e+00
0.000000000000000000e+00
0.000000000000000000e+00
0.000000000000000000e+00
0.000000000000000000e+00
0.000000000000000000e+00
0.000000000000000000e+00
0.000000000000000000e+00
0.000000000000000000e+00
0.000000000000000000e+00
0.000000000000000000e+00
0.000000000000000000e+00
0.000000000000000000e+00
0.000000000000000000e+00
0.000000000000000000e+00
0.000000000000000000e+00
0.000000000000000000e+00
0.000000000000000000e+00
0.000000000000000000e+00
0.000000000000000000e+00
0.000000000000000000e+00
0.000000000000000000e+00
0.000000000000000000e+00
0.000000000000000000e+00
0.000000000000000000e+00
0.000000000000000000e+00
0.000000000000000000e+00
0.000000000000000000e+00
0.000000000000000000e+00
0.000000000000000000e+00
0.000000000000000000e+00
0.000000000000000000e+00
0.000000000000000000e+00
0.000000000000000000e+00
0.000000000000000000e+00
0.000000000000000000e+00
0.000000000000000000e+00
0.000000000000000000e+00
0.000000000000000000e+00
0.000000000000000000e+00
0.000000000000000000e+00
0.000000000000000000e+00
0.000000000000000000e+00
0.000000000000000000e+00
0.000000000000000000e+00
0.000000000000000000e+00
0.000000000000000000e+00
0.000000000000000000e+00
0.000000000000000000e+00
0.000000000000000000e+00
0.000000000000000000e+00
0.000000000000000000e+00
0.000000000000000000e+00
0.000000000000000000e+00
0.000000000000000000e+00
0.000000000000000000e+00
0.000000000000000000e+00
0.000000000000000000e+00
0.000000000000000000e+00
0.000000000000000000e+00
0.000000000000000000e+00
0.000000000000000000e+00
0.000000000000000000e+00
0.000000000000000000e+00
0.000000000000000000e+00
0.000000000000000000e+00
0.000000000000000000e+00
0.000000000000000000e+00
0.000000000000000000e+00
0.000000000000000000e+00
0.000000000000000000e+00
0.000000000000000000e+00
0.000000000000000000e+00
0.000000000000000000e+00
0.000000000000000000e+00
0.000000000000000000e+00
0.000000000000000000e+00
0.000000000000000000e+00
0.000000000000000000e+00
0.000000000000000000e+00
0.000000000000000000e+00
0.000000000000000000e+00
0.000000000000000000e+00
0.000000000000000000e+00
0.000000000000000000e+00
0.000000000000000000e+00
0.000000000000000000e+00
0.000000000000000000e+00
0.000000000000000000e+00
0.000000000000000000e+00
0.000000000000000000e+00
0.000000000000000000e+00
0.000000000000000000e+00
0.000000000000000000e+00
0.000000000000000000e+00
0.000000000000000000e+00
0.000000000000000000e+00
0.000000000000000000e+00
0.000000000000000000e+00
0.000000000000000000e+00
0.000000000000000000e+00
0.000000000000000000e+00
0.000000000000000000e+00
0.000000000000000000e+00
0.000000000000000000e+00
0.000000000000000000e+00
0.000000000000000000e+00
0.000000000000000000e+00
0.000000000000000000e+00
0.000000000000000000e+00
0.000000000000000000e+00
0.000000000000000000e+00
0.000000000000000000e+00
0.000000000000000000e+00
0.000000000000000000e+00
0.000000000000000000e+00
0.000000000000000000e+00
0.000000000000000000e+00
0.000000000000000000e+00
0.000000000000000000e+00
0.000000000000000000e+00
0.000000000000000000e+00
0.000000000000000000e+00
0.000000000000000000e+00
0.000000000000000000e+00
0.000000000000000000e+00
0.000000000000000000e+00
0.000000000000000000e+00
0.000000000000000000e+00
0.000000000000000000e+00
0.000000000000000000e+00
0.000000000000000000e+00
0.000000000000000000e+00
0.000000000000000000e+00
0.000000000000000000e+00
0.000000000000000000e+00
0.000000000000000000e+00
0.000000000000000000e+00
0.000000000000000000e+00
0.000000000000000000e+00
0.000000000000000000e+00
0.000000000000000000e+00
0.000000000000000000e+00
0.000000000000000000e+00
0.000000000000000000e+00
0.000000000000000000e+00
0.000000000000000000e+00
0.000000000000000000e+00
0.000000000000000000e+00
0.000000000000000000e+00
0.000000000000000000e+00
0.000000000000000000e+00
0.000000000000000000e+00
0.000000000000000000e+00
0.000000000000000000e+00
0.000000000000000000e+00
0.000000000000000000e+00
0.000000000000000000e+00
0.000000000000000000e+00
0.000000000000000000e+00
0.000000000000000000e+00
0.000000000000000000e+00
0.000000000000000000e+00
0.000000000000000000e+00
0.000000000000000000e+00
0.000000000000000000e+00
0.000000000000000000e+00
0.000000000000000000e+00
0.000000000000000000e+00
0.000000000000000000e+00
0.000000000000000000e+00
0.000000000000000000e+00
0.000000000000000000e+00
0.000000000000000000e+00
0.000000000000000000e+00
0.000000000000000000e+00
0.000000000000000000e+00
0.000000000000000000e+00
0.000000000000000000e+00
0.000000000000000000e+00
0.000000000000000000e+00
0.000000000000000000e+00
0.000000000000000000e+00
0.000000000000000000e+00
0.000000000000000000e+00
0.000000000000000000e+00
0.000000000000000000e+00
0.000000000000000000e+00
0.000000000000000000e+00
0.000000000000000000e+00
0.000000000000000000e+00
0.000000000000000000e+00
0.000000000000000000e+00
0.000000000000000000e+00
0.000000000000000000e+00
0.000000000000000000e+00
0.000000000000000000e+00
0.000000000000000000e+00
0.000000000000000000e+00
0.000000000000000000e+00
0.000000000000000000e+00
0.000000000000000000e+00
0.000000000000000000e+00
0.000000000000000000e+00
0.000000000000000000e+00
0.000000000000000000e+00
0.000000000000000000e+00
0.000000000000000000e+00
0.000000000000000000e+00
0.000000000000000000e+00
0.000000000000000000e+00
0.000000000000000000e+00
0.000000000000000000e+00
0.000000000000000000e+00
0.000000000000000000e+00
0.000000000000000000e+00
0.000000000000000000e+00
0.000000000000000000e+00
0.000000000000000000e+00
0.000000000000000000e+00
0.000000000000000000e+00
0.000000000000000000e+00
0.000000000000000000e+00
0.000000000000000000e+00
0.000000000000000000e+00
0.000000000000000000e+00
0.000000000000000000e+00
0.000000000000000000e+00
0.000000000000000000e+00
0.000000000000000000e+00
0.000000000000000000e+00
0.000000000000000000e+00
0.000000000000000000e+00
0.000000000000000000e+00
0.000000000000000000e+00
0.000000000000000000e+00
0.000000000000000000e+00
0.000000000000000000e+00
0.000000000000000000e+00
0.000000000000000000e+00
0.000000000000000000e+00
0.000000000000000000e+00
0.000000000000000000e+00
0.000000000000000000e+00
0.000000000000000000e+00
0.000000000000000000e+00
0.000000000000000000e+00
0.000000000000000000e+00
0.000000000000000000e+00
0.000000000000000000e+00
0.000000000000000000e+00
0.000000000000000000e+00
0.000000000000000000e+00
0.000000000000000000e+00
0.000000000000000000e+00
0.000000000000000000e+00
0.000000000000000000e+00
0.000000000000000000e+00
0.000000000000000000e+00
0.000000000000000000e+00
0.000000000000000000e+00
0.000000000000000000e+00
0.000000000000000000e+00
0.000000000000000000e+00
0.000000000000000000e+00
0.000000000000000000e+00
0.000000000000000000e+00
0.000000000000000000e+00
0.000000000000000000e+00
0.000000000000000000e+00
0.000000000000000000e+00
0.000000000000000000e+00
0.000000000000000000e+00
0.000000000000000000e+00
0.000000000000000000e+00
0.000000000000000000e+00
0.000000000000000000e+00
0.000000000000000000e+00
0.000000000000000000e+00
0.000000000000000000e+00
0.000000000000000000e+00
0.000000000000000000e+00
0.000000000000000000e+00
0.000000000000000000e+00
0.000000000000000000e+00
0.000000000000000000e+00
0.000000000000000000e+00
0.000000000000000000e+00
0.000000000000000000e+00
0.000000000000000000e+00
0.000000000000000000e+00
0.000000000000000000e+00
0.000000000000000000e+00
0.000000000000000000e+00
0.000000000000000000e+00
0.000000000000000000e+00
0.000000000000000000e+00
0.000000000000000000e+00
0.000000000000000000e+00
0.000000000000000000e+00
0.000000000000000000e+00
0.000000000000000000e+00
0.000000000000000000e+00
0.000000000000000000e+00
0.000000000000000000e+00
0.000000000000000000e+00
0.000000000000000000e+00
0.000000000000000000e+00
0.000000000000000000e+00
0.000000000000000000e+00
0.000000000000000000e+00
0.000000000000000000e+00
0.000000000000000000e+00
0.000000000000000000e+00
0.000000000000000000e+00
0.000000000000000000e+00
0.000000000000000000e+00
0.000000000000000000e+00
0.000000000000000000e+00
0.000000000000000000e+00
0.000000000000000000e+00
0.000000000000000000e+00
0.000000000000000000e+00
0.000000000000000000e+00
0.000000000000000000e+00
0.000000000000000000e+00
0.000000000000000000e+00
0.000000000000000000e+00
0.000000000000000000e+00
0.000000000000000000e+00
0.000000000000000000e+00
0.000000000000000000e+00
0.000000000000000000e+00
0.000000000000000000e+00
0.000000000000000000e+00
0.000000000000000000e+00
0.000000000000000000e+00
0.000000000000000000e+00
0.000000000000000000e+00
0.000000000000000000e+00
0.000000000000000000e+00
0.000000000000000000e+00
0.000000000000000000e+00
0.000000000000000000e+00
0.000000000000000000e+00
0.000000000000000000e+00
0.000000000000000000e+00
0.000000000000000000e+00
0.000000000000000000e+00
0.000000000000000000e+00
0.000000000000000000e+00
0.000000000000000000e+00
0.000000000000000000e+00
0.000000000000000000e+00
0.000000000000000000e+00
0.000000000000000000e+00
0.000000000000000000e+00
0.000000000000000000e+00
0.000000000000000000e+00
0.000000000000000000e+00
0.000000000000000000e+00
0.000000000000000000e+00
0.000000000000000000e+00
0.000000000000000000e+00
0.000000000000000000e+00
0.000000000000000000e+00
0.000000000000000000e+00
0.000000000000000000e+00
0.000000000000000000e+00
0.000000000000000000e+00
0.000000000000000000e+00
0.000000000000000000e+00
0.000000000000000000e+00
0.000000000000000000e+00
0.000000000000000000e+00
0.000000000000000000e+00
0.000000000000000000e+00
0.000000000000000000e+00
0.000000000000000000e+00
0.000000000000000000e+00
0.000000000000000000e+00
0.000000000000000000e+00
0.000000000000000000e+00
0.000000000000000000e+00
0.000000000000000000e+00
0.000000000000000000e+00
0.000000000000000000e+00
0.000000000000000000e+00
0.000000000000000000e+00
0.000000000000000000e+00
0.000000000000000000e+00
0.000000000000000000e+00
0.000000000000000000e+00
0.000000000000000000e+00
0.000000000000000000e+00
0.000000000000000000e+00
0.000000000000000000e+00
0.000000000000000000e+00
0.000000000000000000e+00
0.000000000000000000e+00
0.000000000000000000e+00
0.000000000000000000e+00
0.000000000000000000e+00
0.000000000000000000e+00
0.000000000000000000e+00
0.000000000000000000e+00
0.000000000000000000e+00
0.000000000000000000e+00
0.000000000000000000e+00
0.000000000000000000e+00
0.000000000000000000e+00
0.000000000000000000e+00
0.000000000000000000e+00
0.000000000000000000e+00
0.000000000000000000e+00
0.000000000000000000e+00
0.000000000000000000e+00
0.000000000000000000e+00
0.000000000000000000e+00
0.000000000000000000e+00
0.000000000000000000e+00
0.000000000000000000e+00
0.000000000000000000e+00
0.000000000000000000e+00
0.000000000000000000e+00
0.000000000000000000e+00
0.000000000000000000e+00
0.000000000000000000e+00
0.000000000000000000e+00
0.000000000000000000e+00
0.000000000000000000e+00
0.000000000000000000e+00
0.000000000000000000e+00
0.000000000000000000e+00
0.000000000000000000e+00
0.000000000000000000e+00
0.000000000000000000e+00
0.000000000000000000e+00
0.000000000000000000e+00
0.000000000000000000e+00
0.000000000000000000e+00
0.000000000000000000e+00
0.000000000000000000e+00
0.000000000000000000e+00
0.000000000000000000e+00
0.000000000000000000e+00
0.000000000000000000e+00
0.000000000000000000e+00
0.000000000000000000e+00
0.000000000000000000e+00
0.000000000000000000e+00
0.000000000000000000e+00
0.000000000000000000e+00
0.000000000000000000e+00
0.000000000000000000e+00
0.000000000000000000e+00
0.000000000000000000e+00
0.000000000000000000e+00
0.000000000000000000e+00
0.000000000000000000e+00
0.000000000000000000e+00
0.000000000000000000e+00
0.000000000000000000e+00
0.000000000000000000e+00
0.000000000000000000e+00
0.000000000000000000e+00
0.000000000000000000e+00
0.000000000000000000e+00
0.000000000000000000e+00
0.000000000000000000e+00
0.000000000000000000e+00
0.000000000000000000e+00
0.000000000000000000e+00
0.000000000000000000e+00
0.000000000000000000e+00
0.000000000000000000e+00
0.000000000000000000e+00
0.000000000000000000e+00
0.000000000000000000e+00
0.000000000000000000e+00
0.000000000000000000e+00
0.000000000000000000e+00
0.000000000000000000e+00
0.000000000000000000e+00
0.000000000000000000e+00
0.000000000000000000e+00
0.000000000000000000e+00
0.000000000000000000e+00
0.000000000000000000e+00
0.000000000000000000e+00
0.000000000000000000e+00
0.000000000000000000e+00
0.000000000000000000e+00
0.000000000000000000e+00
0.000000000000000000e+00
0.000000000000000000e+00
0.000000000000000000e+00
0.000000000000000000e+00
0.000000000000000000e+00
0.000000000000000000e+00
0.000000000000000000e+00
0.000000000000000000e+00
0.000000000000000000e+00
0.000000000000000000e+00
0.000000000000000000e+00
0.000000000000000000e+00
0.000000000000000000e+00
0.000000000000000000e+00
0.000000000000000000e+00
0.000000000000000000e+00
0.000000000000000000e+00
0.000000000000000000e+00
0.000000000000000000e+00
0.000000000000000000e+00
0.000000000000000000e+00
0.000000000000000000e+00
0.000000000000000000e+00
0.000000000000000000e+00
0.000000000000000000e+00
0.000000000000000000e+00
0.000000000000000000e+00
0.000000000000000000e+00
0.000000000000000000e+00
0.000000000000000000e+00
0.000000000000000000e+00
0.000000000000000000e+00
0.000000000000000000e+00
0.000000000000000000e+00
0.000000000000000000e+00
0.000000000000000000e+00
0.000000000000000000e+00
0.000000000000000000e+00
0.000000000000000000e+00
0.000000000000000000e+00
0.000000000000000000e+00
0.000000000000000000e+00
0.000000000000000000e+00
0.000000000000000000e+00
0.000000000000000000e+00
0.000000000000000000e+00
0.000000000000000000e+00
0.000000000000000000e+00
0.000000000000000000e+00
0.000000000000000000e+00
0.000000000000000000e+00
0.000000000000000000e+00
0.000000000000000000e+00
0.000000000000000000e+00
0.000000000000000000e+00
0.000000000000000000e+00
0.000000000000000000e+00
0.000000000000000000e+00
0.000000000000000000e+00
0.000000000000000000e+00
0.000000000000000000e+00
0.000000000000000000e+00
0.000000000000000000e+00
0.000000000000000000e+00
0.000000000000000000e+00
0.000000000000000000e+00
0.000000000000000000e+00
0.000000000000000000e+00
0.000000000000000000e+00
0.000000000000000000e+00
0.000000000000000000e+00
0.000000000000000000e+00
0.000000000000000000e+00
0.000000000000000000e+00
0.000000000000000000e+00
0.000000000000000000e+00
0.000000000000000000e+00
0.000000000000000000e+00
0.000000000000000000e+00
0.000000000000000000e+00
0.000000000000000000e+00
0.000000000000000000e+00
0.000000000000000000e+00
0.000000000000000000e+00
0.000000000000000000e+00
0.000000000000000000e+00
0.000000000000000000e+00
0.000000000000000000e+00
0.000000000000000000e+00
0.000000000000000000e+00
0.000000000000000000e+00
0.000000000000000000e+00
0.000000000000000000e+00
0.000000000000000000e+00
0.000000000000000000e+00
0.000000000000000000e+00
0.000000000000000000e+00
0.000000000000000000e+00
0.000000000000000000e+00
0.000000000000000000e+00
0.000000000000000000e+00
0.000000000000000000e+00
0.000000000000000000e+00
0.000000000000000000e+00
0.000000000000000000e+00
0.000000000000000000e+00
0.000000000000000000e+00
0.000000000000000000e+00
0.000000000000000000e+00
0.000000000000000000e+00
0.000000000000000000e+00
0.000000000000000000e+00
0.000000000000000000e+00
0.000000000000000000e+00
0.000000000000000000e+00
0.000000000000000000e+00
0.000000000000000000e+00
0.000000000000000000e+00
0.000000000000000000e+00
0.000000000000000000e+00
0.000000000000000000e+00
0.000000000000000000e+00
0.000000000000000000e+00
0.000000000000000000e+00
0.000000000000000000e+00
0.000000000000000000e+00
0.000000000000000000e+00
0.000000000000000000e+00
0.000000000000000000e+00
0.000000000000000000e+00
0.000000000000000000e+00
0.000000000000000000e+00
0.000000000000000000e+00
0.000000000000000000e+00
0.000000000000000000e+00
0.000000000000000000e+00
0.000000000000000000e+00
0.000000000000000000e+00
0.000000000000000000e+00
0.000000000000000000e+00
0.000000000000000000e+00
0.000000000000000000e+00
0.000000000000000000e+00
0.000000000000000000e+00
0.000000000000000000e+00
0.000000000000000000e+00
0.000000000000000000e+00
0.000000000000000000e+00
0.000000000000000000e+00
0.000000000000000000e+00
0.000000000000000000e+00
0.000000000000000000e+00
0.000000000000000000e+00
0.000000000000000000e+00
0.000000000000000000e+00
0.000000000000000000e+00
0.000000000000000000e+00
0.000000000000000000e+00
0.000000000000000000e+00
0.000000000000000000e+00
0.000000000000000000e+00
0.000000000000000000e+00
0.000000000000000000e+00
0.000000000000000000e+00
0.000000000000000000e+00
0.000000000000000000e+00
0.000000000000000000e+00
0.000000000000000000e+00
0.000000000000000000e+00
0.000000000000000000e+00
0.000000000000000000e+00
0.000000000000000000e+00
0.000000000000000000e+00
0.000000000000000000e+00
0.000000000000000000e+00
0.000000000000000000e+00
0.000000000000000000e+00
0.000000000000000000e+00
0.000000000000000000e+00
0.000000000000000000e+00
0.000000000000000000e+00
0.000000000000000000e+00
0.000000000000000000e+00
0.000000000000000000e+00
0.000000000000000000e+00
0.000000000000000000e+00
0.000000000000000000e+00
0.000000000000000000e+00
0.000000000000000000e+00
0.000000000000000000e+00
0.000000000000000000e+00
0.000000000000000000e+00
0.000000000000000000e+00
0.000000000000000000e+00
0.000000000000000000e+00
0.000000000000000000e+00
0.000000000000000000e+00
0.000000000000000000e+00
0.000000000000000000e+00
0.000000000000000000e+00
0.000000000000000000e+00
0.000000000000000000e+00
0.000000000000000000e+00
0.000000000000000000e+00
0.000000000000000000e+00
0.000000000000000000e+00
0.000000000000000000e+00
0.000000000000000000e+00
0.000000000000000000e+00
0.000000000000000000e+00
0.000000000000000000e+00
0.000000000000000000e+00
0.000000000000000000e+00
0.000000000000000000e+00
0.000000000000000000e+00
0.000000000000000000e+00
0.000000000000000000e+00
0.000000000000000000e+00
0.000000000000000000e+00
0.000000000000000000e+00
0.000000000000000000e+00
0.000000000000000000e+00
0.000000000000000000e+00
0.000000000000000000e+00
0.000000000000000000e+00
0.000000000000000000e+00
0.000000000000000000e+00
0.000000000000000000e+00
0.000000000000000000e+00
0.000000000000000000e+00
0.000000000000000000e+00
0.000000000000000000e+00
0.000000000000000000e+00
0.000000000000000000e+00
0.000000000000000000e+00
0.000000000000000000e+00
0.000000000000000000e+00
0.000000000000000000e+00
0.000000000000000000e+00
0.000000000000000000e+00
0.000000000000000000e+00
0.000000000000000000e+00
0.000000000000000000e+00
0.000000000000000000e+00
0.000000000000000000e+00
0.000000000000000000e+00
0.000000000000000000e+00
0.000000000000000000e+00
0.000000000000000000e+00
0.000000000000000000e+00
0.000000000000000000e+00
0.000000000000000000e+00
0.000000000000000000e+00
0.000000000000000000e+00
0.000000000000000000e+00
0.000000000000000000e+00
0.000000000000000000e+00
0.000000000000000000e+00
0.000000000000000000e+00
0.000000000000000000e+00
0.000000000000000000e+00
0.000000000000000000e+00
0.000000000000000000e+00
0.000000000000000000e+00
0.000000000000000000e+00
0.000000000000000000e+00
0.000000000000000000e+00
0.000000000000000000e+00
0.000000000000000000e+00
0.000000000000000000e+00
0.000000000000000000e+00
0.000000000000000000e+00
0.000000000000000000e+00
0.000000000000000000e+00
0.000000000000000000e+00
0.000000000000000000e+00
0.000000000000000000e+00
0.000000000000000000e+00
0.000000000000000000e+00
0.000000000000000000e+00
0.000000000000000000e+00
0.000000000000000000e+00
0.000000000000000000e+00
0.000000000000000000e+00
0.000000000000000000e+00
0.000000000000000000e+00
0.000000000000000000e+00
0.000000000000000000e+00
0.000000000000000000e+00
0.000000000000000000e+00
0.000000000000000000e+00
0.000000000000000000e+00
0.000000000000000000e+00
0.000000000000000000e+00
0.000000000000000000e+00
0.000000000000000000e+00
0.000000000000000000e+00
0.000000000000000000e+00
0.000000000000000000e+00
0.000000000000000000e+00
0.000000000000000000e+00
0.000000000000000000e+00
0.000000000000000000e+00
0.000000000000000000e+00
0.000000000000000000e+00
0.000000000000000000e+00
0.000000000000000000e+00
0.000000000000000000e+00
0.000000000000000000e+00
0.000000000000000000e+00
0.000000000000000000e+00
0.000000000000000000e+00
0.000000000000000000e+00
0.000000000000000000e+00
0.000000000000000000e+00
0.000000000000000000e+00
0.000000000000000000e+00
0.000000000000000000e+00
0.000000000000000000e+00
0.000000000000000000e+00
0.000000000000000000e+00
0.000000000000000000e+00
0.000000000000000000e+00
0.000000000000000000e+00
0.000000000000000000e+00
0.000000000000000000e+00
0.000000000000000000e+00
0.000000000000000000e+00
0.000000000000000000e+00
0.000000000000000000e+00
0.000000000000000000e+00
0.000000000000000000e+00
0.000000000000000000e+00
0.000000000000000000e+00
0.000000000000000000e+00
0.000000000000000000e+00
0.000000000000000000e+00
0.000000000000000000e+00
0.000000000000000000e+00
0.000000000000000000e+00
0.000000000000000000e+00
0.000000000000000000e+00
0.000000000000000000e+00
0.000000000000000000e+00
0.000000000000000000e+00
0.000000000000000000e+00
0.000000000000000000e+00
0.000000000000000000e+00
0.000000000000000000e+00
0.000000000000000000e+00
0.000000000000000000e+00
0.000000000000000000e+00
0.000000000000000000e+00
0.000000000000000000e+00
0.000000000000000000e+00
0.000000000000000000e+00
0.000000000000000000e+00
0.000000000000000000e+00
0.000000000000000000e+00
0.000000000000000000e+00
0.000000000000000000e+00
0.000000000000000000e+00
0.000000000000000000e+00
0.000000000000000000e+00
0.000000000000000000e+00
0.000000000000000000e+00
0.000000000000000000e+00
0.000000000000000000e+00
0.000000000000000000e+00
0.000000000000000000e+00
0.000000000000000000e+00
0.000000000000000000e+00
0.000000000000000000e+00
0.000000000000000000e+00
0.000000000000000000e+00
0.000000000000000000e+00
0.000000000000000000e+00
0.000000000000000000e+00
0.000000000000000000e+00
0.000000000000000000e+00
0.000000000000000000e+00
0.000000000000000000e+00
0.000000000000000000e+00
0.000000000000000000e+00
0.000000000000000000e+00
0.000000000000000000e+00
0.000000000000000000e+00
0.000000000000000000e+00
0.000000000000000000e+00
0.000000000000000000e+00
0.000000000000000000e+00
0.000000000000000000e+00
0.000000000000000000e+00
0.000000000000000000e+00
0.000000000000000000e+00
0.000000000000000000e+00
0.000000000000000000e+00
0.000000000000000000e+00
0.000000000000000000e+00
0.000000000000000000e+00
0.000000000000000000e+00
0.000000000000000000e+00
0.000000000000000000e+00
0.000000000000000000e+00
0.000000000000000000e+00
0.000000000000000000e+00
0.000000000000000000e+00
0.000000000000000000e+00
0.000000000000000000e+00
0.000000000000000000e+00
0.000000000000000000e+00
0.000000000000000000e+00
0.000000000000000000e+00
0.000000000000000000e+00
0.000000000000000000e+00
0.000000000000000000e+00
0.000000000000000000e+00
0.000000000000000000e+00
0.000000000000000000e+00
0.000000000000000000e+00
0.000000000000000000e+00
0.000000000000000000e+00
0.000000000000000000e+00
0.000000000000000000e+00
0.000000000000000000e+00
0.000000000000000000e+00
0.000000000000000000e+00
0.000000000000000000e+00
0.000000000000000000e+00
0.000000000000000000e+00
0.000000000000000000e+00
0.000000000000000000e+00
0.000000000000000000e+00
0.000000000000000000e+00
0.000000000000000000e+00
0.000000000000000000e+00
0.000000000000000000e+00
0.000000000000000000e+00
0.000000000000000000e+00
0.000000000000000000e+00
0.000000000000000000e+00
0.000000000000000000e+00
0.000000000000000000e+00
0.000000000000000000e+00
0.000000000000000000e+00
0.000000000000000000e+00
0.000000000000000000e+00
0.000000000000000000e+00
0.000000000000000000e+00
0.000000000000000000e+00
0.000000000000000000e+00
0.000000000000000000e+00
0.000000000000000000e+00
0.000000000000000000e+00
0.000000000000000000e+00
0.000000000000000000e+00
0.000000000000000000e+00
0.000000000000000000e+00
0.000000000000000000e+00
0.000000000000000000e+00
0.000000000000000000e+00
0.000000000000000000e+00
0.000000000000000000e+00
0.000000000000000000e+00
0.000000000000000000e+00
0.000000000000000000e+00
0.000000000000000000e+00
0.000000000000000000e+00
0.000000000000000000e+00
0.000000000000000000e+00
0.000000000000000000e+00
0.000000000000000000e+00
0.000000000000000000e+00
0.000000000000000000e+00
0.000000000000000000e+00
0.000000000000000000e+00
0.000000000000000000e+00
