2.188268875541029557e-01
4.646104625496606799e-02
3.898179914108419741e-02
4.356869672516479330e-02
4.848854544389342297e-02
5.192605650969424336e-02
5.365392594919573405e-02
5.377528739035902089e-02
5.251754900755360722e-02
5.016456701251553046e-02
4.700619342888477659e-02
4.330683542576770073e-02
3.929166637963420888e-02
3.514401340283399705e-02
3.100844461425252344e-02
2.699613160632106934e-02
2.319050909498860877e-02
1.965217635825933576e-02
1.642265923177124026e-02
1.352714329360861847e-02
1.097655178726940524e-02
8.769374048062553856e-03
6.893530158149617677e-03
5.328390301053171664e-03
4.046928601093083278e-03
3.017910039907199457e-03
2.207980816514220398e-03
1.583540354763992956e-03
1.112301150865115974e-03
7.644796642084836615e-04
5.136001423464271959e-04
3.369285138894952038e-04
2.155816740665958701e-04
1.343764507312391861e-04
8.149157182125637080e-05
4.801573699257103615e-05
2.744720139780359230e-05
1.519755708073213222e-05
8.137294424084418794e-06
4.205652941619744888e-06
2.094079810375753788e-06
1.002434702469451938e-06
4.603099637333770029e-07
2.022692161569360532e-07
8.483331202709708315e-08
3.386437053965882243e-08
1.282757094269194747e-08
4.595664426499907160e-09
1.551724787219841753e-09
4.918975280778824638e-10
1.457866170599205760e-10
4.021406833057235184e-11
1.027352506861007716e-11
2.417792863667034691e-12
5.211317381434059758e-13
1.022234639221842486e-13
1.812288215044675990e-14
2.880998585921890793e-15
4.069352731339309654e-16
5.067670828469441881e-17
5.520380741800786279e-18
5.194202531643901817e-19
4.171695402010615389e-20
2.822813243597529391e-21
1.586140891262768770e-22
7.283052637061926668e-24
2.684035489953143921e-25
7.779194491643347970e-27
1.732492833280114329e-28
2.886482100151241260e-30
3.486956083249629406e-32
2.943250890920905750e-34
1.660321006948089250e-36
5.928381228125387397e-39
1.252228945749844718e-41
1.436004556452007918e-44
7.998821122505696182e-48
1.866950902726370104e-51
1.492512875395432870e-55
3.075363539573656031e-60
1.075353504077387989e-65
3.334255494273616922e-72
3.088644449899735737e-80
1.111902138252875234e-90
1.596791757947976009e-105
4.127609951434470157e-131
