2.142244855253047642e-01
2.880413905949622683e-02
1.110616815412238112e-02
8.325837403029032885e-03
8.282857634686321968e-03
8.772522010199242104e-03
9.321536943059453503e-03
9.837960795196666955e-03
1.031263027229904587e-02
1.075021230316681488e-02
1.115525301179239211e-02
1.153045938767779770e-02
1.187712431867782997e-02
1.219566609640199660e-02
1.248601141317949755e-02
1.274784892746783777e-02
1.298079854459921814e-02
1.318452519019235915e-02
1.335881371569638994e-02
1.350361514514300705e-02
1.361907125050258044e-02
1.370552273842562223e-02
1.376350529573818794e-02
1.379373699151085868e-02
1.379709991078104450e-02
1.377461834223942666e-02
1.372743534556581345e-02
1.365678908479552381e-02
1.356398993576561803e-02
1.345039905972254812e-02
1.331740887958509853e-02
1.316642569533485983e-02
1.299885452390152005e-02
1.281608613924395575e-02
1.261948621259305001e-02
1.241038640399954457e-02
1.219007722821324573e-02
1.195980250523056947e-02
1.172075520425338961e-02
1.147407449584720088e-02
1.122084383809524195e-02
1.096208993648843666e-02
1.069878243268914883e-02
1.043183419309816860e-02
1.016210208361966252e-02
9.890388131688737997e-03
9.617440990218538779e-03
9.343957630501411454e-03
9.070585202207010617e-03
8.797923008486302834e-03
8.526524552867884021e-03
8.256899622212142756e-03
7.989516376564925401e-03
7.724803422427651590e-03
7.463151850835853494e-03
7.204917225805648404e-03
6.950421512254221709e-03
6.699954935506092883e-03
6.453777767024520239e-03
6.212122033124919084e-03
5.975193145179579467e-03
5.743171451261719004e-03
5.516213710337144853e-03
5.294454491030895285e-03
5.078007497704124275e-03
4.866966827098535842e-03
4.661408159168543494e-03
4.461389885945476336e-03
4.266954182384164948e-03
4.078128023148213689e-03
3.894924149213632465e-03
3.717341988027149120e-03
3.545368530758150234e-03
3.378979169947199813e-03
3.218138500589263346e-03
3.062801087407579850e-03
2.912912200783603859e-03
2.768408523517224343e-03
2.629218830306857130e-03
2.495264641565878624e-03
2.366460852935158617e-03
2.242716341614135484e-03
2.123934550417712775e-03
2.010014050274430957e-03
1.900849081713837114e-03
1.796330075747814984e-03
1.696344154431501895e-03
1.600775611292953567e-03
1.509506371746450115e-03
1.422416433549716875e-03
1.339384287329613548e-03
1.260287317181321264e-03
1.185002181341309043e-03
1.113405172942300708e-03
1.045372560877100114e-03
9.807809108256543718e-04
9.195073865345051046e-04
8.614300314780147993e-04
8.064280310750114719e-04
7.543819556813734879e-04
7.051739846274436172e-04
6.586881116178013116e-04
6.148103318588639876e-04
5.734288113264924928e-04
5.344340386301487484e-04
4.977189599719095484e-04
4.631790977372833595e-04
4.307126532898112236e-04
4.002205945727099279e-04
3.716067291482213130e-04
3.447777633284482973e-04
3.196433480706554575e-04
2.961161123249731841e-04
2.741116845333677120e-04
2.535487029857168176e-04
2.343488157419637780e-04
2.164366708288888565e-04
1.997398974159450427e-04
1.841890786675300313e-04
1.697177169587308569e-04
1.562621921285541982e-04
1.437617134291565798e-04
1.321582658116213888e-04
1.213965511689579823e-04
1.114239251353190129e-04
1.021903300170986595e-04
9.364822440706342915e-05
8.575251000695179255e-05
7.846045615757092184e-05
7.173162254812693586e-05
6.552778054908390214e-05
5.981283358497754295e-05
5.455273693568527438e-05
4.971541732693011463e-05
4.527069264329988500e-05
4.119019206987989515e-05
3.744727694210662637e-05
3.401696255745088768e-05
3.087584117741073119e-05
2.800200642393164545e-05
2.537497925093262907e-05
2.297563564919596438e-05
2.078613622145287032e-05
1.878985774416653209e-05
1.697132681325839524e-05
1.531615565297098484e-05
1.381098015002620358e-05
1.244340015949285670e-05
1.120192211404242261e-05
1.007590395472482399e-05
9.055502389025058663e-06
8.131622470487856016e-06
7.295869484006942861e-06
6.540503111557901908e-06
5.858393844884887490e-06
5.242981604280856858e-06
4.688236516246575704e-06
4.188621797148879794e-06
3.739058685286079733e-06
3.334893359822337895e-06
2.971865781640130053e-06
2.646080388674189488e-06
2.353978576251084741e-06
2.092312891500654207e-06
1.858122870055241159e-06
1.648712442821296925e-06
1.461628840563238072e-06
1.294642924521039318e-06
1.145730871940948320e-06
1.013057146533805951e-06
8.949586851126812786e-07
7.899302332721700343e-07
6.966107647187486502e-07
6.137709207490207780e-07
5.403014084681354822e-07
4.752022985011583109e-07
4.175731651901483015e-07
3.666040146252467035e-07
3.215669481741457720e-07
2.818085116091008683e-07
2.467426822650261131e-07
2.158444491095600303e-07
1.886439428865415878e-07
1.647210758944587096e-07
1.437006531683732980e-07
1.252479191119048131e-07
1.090645057518030797e-07
9.488475088939916492e-08
8.247235645577006542e-08
7.161735931049299358e-08
6.213338855951221492e-08
5.385518532560844239e-08
4.663636250789882005e-08
4.034738375439671607e-08
3.487374235792859058e-08
3.011432226558796571e-08
2.597992474622272278e-08
2.239194551002827495e-08
1.928118837457409544e-08
1.658680259441077849e-08
1.425533210447259129e-08
1.223986589559653976e-08
1.049927965345151456e-08
8.997559641317568174e-09
7.703200640796022363e-09
6.588670436129166605e-09
5.629934066110257565e-09
4.806031653664265674e-09
4.098704229731520691e-09
3.492062471032182931e-09
2.972293775899157572e-09
2.527403545278652490e-09
2.146986937049112846e-09
1.822027743908431524e-09
1.544721369972269307e-09
1.308319210490691277e-09
1.106991997613767708e-09
9.357099419168661751e-10
7.901377309448277641e-10
6.665426481186232671e-10
5.617142678835576041e-10
4.728943457915828196e-10
3.977156816463809338e-10
3.341488804194678420e-10
2.804560240789387884e-10
2.351504233522227093e-10
1.969616820315685072e-10
1.648054104534728686e-10
1.377569976017319577e-10
1.150289368935248877e-10
9.595122219916938467e-11
7.995444547587471187e-11
6.655522426091961939e-11
5.534365542653695879e-11
4.597252913544141939e-11
3.814806750108156895e-11
3.162197271075912646e-11
2.618462714941731997e-11
2.165925487247501483e-11
1.789694927578608813e-11
1.477241779184763193e-11
1.218035411601909355e-11
1.003235004494826682e-11
8.254267492112632827e-12
6.784004749056630892e-12
5.569602759629661864e-12
4.567634907568263970e-12
3.741848869943242171e-12
3.062016086715420477e-12
2.502959974207395835e-12
2.043731282566951859e-12
1.666924080247411723e-12
1.358092439354708485e-12
1.105252346903644564e-12
8.984886504977412617e-13
7.295919159084900222e-13
5.917838494766809642e-13
4.794682160522472233e-13
3.880333540991909441e-13
3.136818645509548450e-13
2.532909240707249868e-13
2.042947941797978476e-13
1.645897034543193515e-13
1.324500387496909566e-13
1.064646364992220094e-13
8.548021384054549255e-14
6.855229941627163016e-14
5.491402506892327344e-14
4.393711649359341935e-14
3.511358244645601248e-14
2.803061413956314596e-14
2.234887803925941812e-14
1.779887919940217632e-14
1.415831820270711623e-14
1.124928298580053279e-14
8.927912072750131599e-15
7.076223506477395068e-15
5.602072289950672838e-15
4.429766635341326713e-15
3.498815232946115431e-15
2.760006924522282616e-15
2.174607949835825052e-15
1.711411129173344897e-15
1.345119427581376483e-15
1.055841702287120071e-15
8.274237811996723037e-16
6.481240257535997431e-16
5.065908468398007891e-16
3.955313539639679130e-16
3.088215149346589277e-16
2.408737851455463814e-16
1.869669293277471772e-16
1.448392844783718237e-16
1.124895192979386113e-16
8.706982145588181042e-17
6.765360195292419017e-17
5.204062995479946060e-17
4.004276408551982515e-17
3.127027673656311429e-17
2.416222877150743612e-17
1.844222717786573739e-17
1.416905434456421333e-17
1.111988932488197422e-17
8.395170739701505476e-18
6.541580108742593435e-18
4.936867478825008829e-18
3.780143857148138934e-18
2.897580903399984238e-18
2.106292436371191512e-18
1.756953904219809635e-18
1.317025763011572640e-18
1.181170414318705625e-18
8.580391382061061969e-19
6.155577521793839059e-19
4.716908570347328738e-19
6.569152749071401536e-19
2.128687323968546428e-19
4.074186857934589187e-19
3.284839675998453763e-19
3.433471573442813550e-19
4.207311276862924179e-20
4.021989516658764946e-19
0.000000000000000000e+00
0.000000000000000000e+00
0.000000000000000000e+00
4.164009671045384802e-19
2.187550799737510384e-19
1.435816307402175554e-19
0.000000000000000000e+00
1.757327255161174922e-19
1.891245282113530116e-19
3.058735722280873704e-19
2.042786551460807061e-19
0.000000000000000000e+00
5.826309782633773201e-20
0.000000000000000000e+00
5.316768950736357955e-20
5.387153480170578655e-20
1.100252370219196572e-19
3.474673921423002715e-19
8.445816782423591032e-20
0.000000000000000000e+00
1.639198659816931882e-19
6.177603689800937730e-20
1.081608721506434648e-19
0.000000000000000000e+00
0.000000000000000000e+00
4.201415292801444231e-20
2.731928235456607882e-19
3.550663664801930123e-19
7.749722777910204021e-20
4.956535882495607769e-20
0.000000000000000000e+00
2.141161429214814880e-19
4.070708963039316728e-19
1.975234103888705323e-19
1.789798981840802631e-19
3.505479275682893810e-19
1.961446980763711895e-19
3.563101532575493078e-19
0.000000000000000000e+00
2.861515137996292824e-19
3.672414921816723395e-19
8.931499869279438087e-20
1.215242612558906619e-19
4.135010340768913183e-19
2.103374897513916758e-19
2.048674309912753091e-20
4.075683143402042663e-19
9.541497103814865314e-20
1.838813416447878832e-19
0.000000000000000000e+00
4.073378336025252107e-19
0.000000000000000000e+00
6.266077789740365559e-20
1.190369607665872731e-19
1.814905143141650297e-19
0.000000000000000000e+00
0.000000000000000000e+00
5.214382204920834398e-20
1.673943717648113698e-19
3.492455428293991400e-19
7.681444910103009953e-20
5.379215148355348208e-20
4.934904146317800209e-20
4.701905934658707966e-20
5.071199868958665807e-19
8.391889277294857533e-20
1.090326627524334953e-19
5.223940575687940520e-20
0.000000000000000000e+00
2.144734919727968924e-19
0.000000000000000000e+00
4.448479334832323901e-19
3.044850254033025948e-19
1.189167762579001646e-19
5.140495508718089767e-20
4.394638307360081923e-20
4.178848913031399672e-20
0.000000000000000000e+00
0.000000000000000000e+00
0.000000000000000000e+00
3.279366833610937994e-20
3.200509259505247691e-20
3.026176593842020877e-20
8.624110821110411030e-20
3.225102151848482945e-20
8.422542912983299586e-20
1.454519387669347669e-19
0.000000000000000000e+00
2.351578779371708681e-20
3.111242159385911643e-19
1.584637805995024769e-19
0.000000000000000000e+00
1.391894350613339430e-19
2.012583330889758004e-19
2.672824538836314950e-19
4.191747664492786072e-20
0.000000000000000000e+00
1.398250108646779814e-19
1.477851486691889024e-19
3.343886816082263871e-20
2.569212726454120153e-19
2.136276591816330286e-19
3.286317696486501427e-19
1.062415820212335747e-19
1.521453526894586189e-19
3.847481565401017189e-20
0.000000000000000000e+00
8.639566945902667638e-20
2.063029032481526035e-19
9.796647454085752318e-20
3.812160238005933632e-19
3.403697442708095364e-19
0.000000000000000000e+00
3.226216635252930430e-19
2.242098027357794424e-19
2.207829421699237295e-19
4.793356448627129042e-20
3.264955602549648951e-19
2.266775722604700930e-19
2.808525817201673718e-19
5.305852714938195373e-20
4.055621868111272529e-20
2.691487977476651599e-19
1.654928684248471405e-19
3.338826019646541480e-19
1.120670886609880732e-19
2.171649958138276404e-19
0.000000000000000000e+00
2.681876255294046977e-19
4.567857064543263464e-20
4.986575449935038494e-19
1.749128425792278543e-19
0.000000000000000000e+00
0.000000000000000000e+00
2.067972833539757713e-19
0.000000000000000000e+00
1.475126044685621110e-19
1.495132922228655557e-19
2.664348878632531686e-19
0.000000000000000000e+00
2.892496592627538146e-20
2.715295626803139489e-20
1.409726764676363806e-19
3.760530930409323422e-19
2.138567698476847644e-19
0.000000000000000000e+00
3.142381135415418066e-19
2.110791637341597383e-19
3.487207819513239209e-20
8.439965927193389255e-20
2.591217212502198857e-19
3.814012423021400230e-19
2.145699961313033737e-19
0.000000000000000000e+00
0.000000000000000000e+00
1.407090517194010436e-19
1.447154051811024560e-19
0.000000000000000000e+00
1.963382139071755763e-19
2.921708120283239837e-20
2.228175831877947938e-20
2.037071903772047720e-20
1.343963615586094803e-19
0.000000000000000000e+00
1.323809692598228462e-19
2.003318208244115217e-20
0.000000000000000000e+00
1.292674254143012704e-19
2.481784976919559310e-19
3.084448243842172835e-19
2.554428957754208363e-19
2.393802324644277868e-20
5.365138882409055529e-19
3.385479709473310061e-20
1.993630703984853716e-20
1.336618215667878787e-19
0.000000000000000000e+00
0.000000000000000000e+00
1.504721662892180421e-20
1.295983478861126391e-19
0.000000000000000000e+00
1.276932143242069117e-19
4.769327299369535969e-19
1.989979721568987787e-19
2.511888463318259133e-19
0.000000000000000000e+00
1.544587416822777359e-20
1.444648725059188273e-20
2.445454207838029303e-19
1.906493163049771950e-20
1.345091510394234304e-20
1.276345022181231846e-19
0.000000000000000000e+00
0.000000000000000000e+00
5.295614751022724348e-19
0.000000000000000000e+00
0.000000000000000000e+00
1.061229353601751245e-20
1.253978695361514574e-19
1.182018528281618606e-20
2.401348050070054415e-19
1.291066567557052692e-19
0.000000000000000000e+00
0.000000000000000000e+00
0.000000000000000000e+00
0.000000000000000000e+00
0.000000000000000000e+00
1.207574499119164585e-19
6.968103270166548922e-21
4.786276604559098622e-21
0.000000000000000000e+00
1.768702034874370291e-19
6.498829372731698801e-21
3.919541440441235748e-21
6.117685259112912781e-20
1.775829253194025959e-19
6.404727957490760014e-20
0.000000000000000000e+00
6.394196516680920296e-19
1.295264642812301995e-19
1.246636191269743417e-19
2.979014637034227169e-19
2.428291775323029878e-19
1.179094013459370297e-20
8.844718766866769044e-21
1.233789476162880015e-19
7.873583133979698962e-21
6.269113994116333607e-21
2.363622073637079421e-19
1.221044341410684564e-19
2.947878700701980939e-19
7.726436724996649784e-21
2.362537941770356581e-19
1.224130905153130831e-19
6.014627867995894201e-21
4.586813368981212573e-21
3.803473249227047369e-21
3.070411689523602103e-21
3.490508095309380293e-19
1.780645037170155543e-19
4.254808610262197484e-21
4.652248560643847905e-19
5.757995597120659394e-21
6.142164468032706470e-20
4.077656411522805731e-19
1.203984801582610016e-19
2.926142448873485264e-19
2.352656275142895908e-19
0.000000000000000000e+00
1.178357602178020885e-19
1.752309129689590769e-19
0.000000000000000000e+00
2.319570132545700126e-19
4.053224736242931302e-19
5.936230787815340685e-22
3.272600414975655842e-23
4.754826950105362570e-24
5.719818308247485901e-25
5.711341968126300430e-26
5.368163657159039845e-27
5.148115969998563208e-28
5.249091639227411055e-29
5.952219620899752518e-30
7.103298985605650496e-31
8.362752872826447248e-32
9.689632702709197350e-33
1.106652681707593529e-33
1.211318697460214841e-34
1.235041475958672883e-35
1.174466929882215824e-36
1.088165283016746532e-37
1.056898474459161549e-38
1.136145116638632340e-39
1.342372835060355383e-40
1.661601436398091370e-41
2.067627878536747353e-42
2.535951803467595259e-43
3.051603430832467606e-44
3.611506379675929788e-45
4.221085661589274603e-46
4.886971322858551089e-47
5.610736708023781832e-48
6.387973063698174222e-49
7.212882665415225439e-50
8.085059244899662632e-51
9.015228744065409311e-52
1.002963880540891677e-52
1.117467792345512900e-53
1.252109563806326463e-54
1.416269144232560499e-55
1.620347392662381435e-56
1.873369970265995909e-57
2.180512743336204961e-58
2.542070646986632656e-59
2.954849742196244695e-60
3.415681956199819431e-61
3.925578269261185886e-62
4.492645924150193774e-63
5.132424538731142728e-64
5.865366703033896999e-65
6.712260119384346701e-66
7.689047889170247898e-67
8.802580803981088103e-68
1.004839369843454590e-68
1.141087129420955109e-69
1.286546398009448631e-70
1.438218491959902460e-71
1.592956538692577927e-72
1.747848512664475176e-73
1.900564325319379081e-74
2.049672178642835454e-75
2.194944627449536727e-76
2.337678939751774701e-77
2.481053917844132375e-78
2.630535936548747289e-79
2.794325122134447516e-80
2.983795423094292663e-81
3.213838432447349819e-82
3.502992291907689712e-83
3.873250128679352520e-84
4.349511144491810400e-85
4.958749071438453738e-86
5.729086129572288717e-87
6.689020127072602837e-88
7.867012404901803848e-89
9.291494593000065929e-90
1.099113069208021938e-90
1.299495830049214985e-91
1.533192637663757630e-92
1.802942443853047511e-93
2.111068236000829994e-94
2.459135980385445923e-95
2.847612107057887149e-96
3.275635025351694867e-97
3.741026075165259826e-98
4.240640991896347634e-99
4.771105253269554563e-100
5.329896026368889585e-101
5.916647604868114455e-102
6.534487061592380745e-103
7.191171251199140476e-104
7.899807706632124335e-105
8.679003167245929511e-106
9.552386420349385023e-107
1.054757895981369993e-107
1.169481299127808747e-108
1.302549471247496001e-109
1.457105809236914109e-110
1.636243580277381904e-111
1.843038754202672456e-112
2.080678425655097425e-113
2.352677542060984706e-114
2.663160000476054523e-115
3.017167620541583029e-116
3.420955011340514211e-117
3.882231496114858541e-118
4.410322729767052714e-119
5.016242231717840795e-120
5.712683240995246692e-121
6.513960533150595507e-122
7.435948687573617660e-123
8.496082022886975285e-124
9.713518873725368960e-125
1.110967397646244799e-125
1.270959831425572920e-126
1.454540741850650164e-127
1.666479564172072412e-128
1.915227586841800875e-129
2.218221497536096954e-130
2.615094700002513540e-131
3.200445801485443752e-132
4.204689907195408936e-133
6.192408768118279148e-134
1.054605267148093721e-134
2.063826917501398661e-135
4.465546196005485477e-136
1.023552500078169482e-136
2.411351822221766641e-137
5.739963055795068100e-138
1.368652029809341444e-138
3.255317797167838358e-139
7.708057611536139813e-140
1.815243874057657734e-140
4.249742460389565269e-141
9.888397603432831436e-142
2.286489694495220160e-142
5.253619920119744279e-143
1.199417558321422731e-143
2.720730958293107171e-144
6.131794500903096746e-145
1.372969144119366900e-145
3.054147500246441958e-146
6.749324532074902951e-147
1.481687967615217536e-147
3.231203965927489234e-148
6.999518116271145582e-149
1.506097035205644294e-149
3.218871299664278330e-150
6.832896297710752707e-151
1.440592728707467656e-151
3.016458084352810331e-152
6.272742722161545947e-153
1.295406509157394564e-153
2.656606973103112768e-154
5.410099929114352302e-155
1.094016872420652824e-155
2.196683116841361016e-156
4.379446890869575468e-157
8.668885578185228138e-158
1.703660369194931701e-158
3.324007512767715116e-159
6.438483280944048523e-160
1.238029557445650125e-160
2.363129253776438065e-161
4.477504259881992263e-162
8.420920018184934488e-163
1.571957876769558643e-163
2.912479008634103985e-164
5.355596375923133132e-165
9.773688482781383137e-166
1.770097271936253709e-166
3.181310151596906925e-167
5.673711690380547027e-168
1.004067491147348735e-168
1.763091444730606862e-169
3.071742723870578509e-170
5.309756008279963799e-171
9.105956167948779500e-172
1.549241864619995550e-172
2.614790285202677514e-173
4.377837510462664865e-174
7.270572211161910146e-175
1.197690599548095912e-175
1.956899727277514711e-176
3.171181127587219677e-177
5.096624044312928948e-178
8.123321195363752642e-179
1.283968586978811893e-179
2.012449799986703774e-180
3.127703685199896500e-181
4.819876461159329098e-182
7.364371797325461261e-183
1.115589962540192823e-183
1.675413628050955017e-184
2.494407281459766683e-185
3.681457120421159410e-186
5.385899286821999203e-187
7.810192003503541423e-188
1.122558417287271190e-188
1.599110816975011856e-189
2.257610460373126436e-190
3.158628969217912050e-191
4.379308601906648020e-192
6.016554298410405587e-193
8.190366925789142147e-194
1.104713919155974171e-194
1.476266662787547335e-195
1.954455259846987414e-196
2.563361446847021692e-197
3.330383611932520584e-198
4.286037008985039843e-199
5.463508241112743614e-200
6.897916676788867411e-201
8.625244312397696677e-202
1.068091078831691529e-202
1.309799218707182493e-203
1.590511061701539308e-204
1.912405531319733678e-205
2.276723304085196658e-206
2.683508300790625606e-207
3.131362551633771579e-208
3.617233990487911842e-209
4.136258152534410562e-210
4.681674551621134868e-211
5.244836394276386857e-212
5.815328098846102052e-213
6.381198889660720396e-214
6.929312823266174034e-215
7.445806513266004150e-216
7.916636302003113293e-217
8.328187583177683401e-218
8.667911373680352249e-219
8.924947981207412055e-220
9.090695466518884347e-221
9.159282031226337880e-222
9.127906592592254529e-223
8.997020355426987952e-224
8.770333484806712038e-225
8.454644015888260052e-226
8.059499675454901934e-227
7.596716014462157128e-228
7.079784911914062731e-229
6.523215077964989001e-230
5.941849971069207762e-231
5.350208284127492633e-232
4.761888025305856411e-233
4.189067806293902149e-234
3.642129161821728276e-235
3.129412664663289450e-236
2.657109431020853860e-237
2.229279408563495960e-238
1.847979477145988875e-239
1.513478459051800281e-240
1.224532897198468570e-241
9.786968657667319310e-243
7.726408076649492752e-244
6.024579303580209501e-245
4.639414110141840837e-246
3.528209191435005476e-247
2.649521725272507546e-248
1.964579266215114735e-249
1.438226312346145369e-250
1.039457979116143641e-251
7.416087577776142172e-253
5.222721591939154465e-254
3.630267739973088199e-255
2.490379687514246896e-256
1.685942285698732210e-257
1.126250239002405132e-258
7.423465432822536053e-260
4.827500777021804575e-261
3.097033207675354873e-262
1.959931586410446635e-263
1.223406836674430687e-264
7.531802799715235215e-266
4.572859221554520129e-267
2.737789668996780006e-268
1.616210357534482093e-269
9.406826548682810589e-271
5.397559113022939956e-272
3.052965923975964168e-273
1.702071192215887295e-274
9.352448199340717023e-276
5.064365116644581026e-277
2.702319907468902931e-278
1.420758217269892361e-279
7.359266385267927558e-281
3.755248845826685522e-282
1.887519028192443000e-283
9.344382065282445824e-285
4.555901425272974449e-286
2.187358755235442938e-287
1.034057769416585686e-288
4.812884145202676825e-290
2.205251841890347241e-291
9.946244521002763716e-293
4.415336455269873738e-294
1.928978515779297468e-295
8.292866527700915183e-297
3.507922825800960514e-298
1.459880856225823204e-299
5.976684956402074454e-301
2.406755614380319114e-302
9.532020835476106720e-304
3.712543693421455301e-305
1.421816540240636510e-306
5.353678576810549268e-308
1.981749030970542012e-309
7.210793632875947037e-311
2.578727663083521147e-312
9.062861900133524232e-314
3.129764781018470431e-315
1.061922861469629139e-316
3.539624625187525792e-318
1.158880378885227894e-319
3.725254969642998943e-321
1.136350985434867052e-322
0.000000000000000000e+00
0.000000000000000000e+00
0.000000000000000000e+00
0.000000000000000000e+00
0.000000000000000000e+00
0.000000000000000000e+00
0.000000000000000000e+00
0.000000000000000000e+00
0.000000000000000000e+00
0.000000000000000000e+00
0.000000000000000000e+00
0.000000000000000000e+00
0.000000000000000000e+00
0.000000000000000000e+00
0.000000000000000000e+00
0.000000000000000000e+00
0.000000000000000000e+00
0.000000000000000000e+00
0.000000000000000000e+00
0.000000000000000000e+00
0.000000000000000000e+00
0.000000000000000000e+00
0.000000000000000000e+00
0.000000000000000000e+00
0.000000000000000000e+00
0.000000000000000000e+00
0.000000000000000000e+00
0.000000000000000000e+00
0.000000000000000000e+00
0.000000000000000000e+00
0.000000000000000000e+00
0.000000000000000000e+00
0.000000000000000000e+00
0.000000000000000000e+00
0.000000000000000000e+00
0.000000000000000000e+00
0.000000000000000000e+00
0.000000000000000000e+00
0.000000000000000000e+00
0.000000000000000000e+00
0.000000000000000000e+00
0.000000000000000000e+00
0.000000000000000000e+00
0.000000000000000000e+00
0.000000000000000000e+00
0.000000000000000000e+00
0.000000000000000000e+00
0.000000000000000000e+00
0.000000000000000000e+00
0.000000000000000000e+00
0.000000000000000000e+00
0.000000000000000000e+00
0.000000000000000000e+00
0.000000000000000000e+00
0.000000000000000000e+00
0.000000000000000000e+00
0.000000000000000000e+00
0.000000000000000000e+00
0.000000000000000000e+00
0.000000000000000000e+00
0.000000000000000000e+00
0.000000000000000000e+00
0.000000000000000000e+00
0.000000000000000000e+00
0.000000000000000000e+00
0.000000000000000000e+00
0.000000000000000000e+00
0.000000000000000000e+00
0.000000000000000000e+00
0.000000000000000000e+00
0.000000000000000000e+00
0.000000000000000000e+00
0.000000000000000000e+00
0.000000000000000000e+00
0.000000000000000000e+00
0.000000000000000000e+00
0.000000000000000000e+00
0.000000000000000000e+00
0.000000000000000000e+00
0.000000000000000000e+00
0.000000000000000000e+00
0.000000000000000000e+00
0.000000000000000000e+00
0.000000000000000000e+00
0.000000000000000000e+00
0.000000000000000000e+00
0.000000000000000000e+00
0.000000000000000000e+00
0.000000000000000000e+00
0.000000000000000000e+00
0.000000000000000000e+00
0.000000000000000000e+00
0.000000000000000000e+00
0.000000000000000000e+00
0.000000000000000000e+00
0.000000000000000000e+00
0.000000000000000000e+00
0.000000000000000000e+00
0.000000000000000000e+00
0.000000000000000000e+00
0.000000000000000000e+00
0.000000000000000000e+00
0.000000000000000000e+00
0.000000000000000000e+00
0.000000000000000000e+00
0.000000000000000000e+00
0.000000000000000000e+00
0.000000000000000000e+00
0.000000000000000000e+00
0.000000000000000000e+00
0.000000000000000000e+00
0.000000000000000000e+00
0.000000000000000000e+00
0.000000000000000000e+00
0.000000000000000000e+00
0.000000000000000000e+00
0.000000000000000000e+00
0.000000000000000000e+00
0.000000000000000000e+00
0.000000000000000000e+00
0.000000000000000000e+00
0.000000000000000000e+00
0.000000000000000000e+00
0.000000000000000000e+00
0.000000000000000000e+00
0.000000000000000000e+00
0.000000000000000000e+00
0.000000000000000000e+00
0.000000000000000000e+00
0.000000000000000000e+00
0.000000000000000000e+00
0.000000000000000000e+00
0.000000000000000000e+00
0.000000000000000000e+00
0.000000000000000000e+00
0.000000000000000000e+00
0.000000000000000000e+00
0.000000000000000000e+00
0.000000000000000000e+00
0.000000000000000000e+00
0.000000000000000000e+00
0.000000000000000000e+00
0.000000000000000000e+00
0.000000000000000000e+00
0.000000000000000000e+00
0.000000000000000000e+00
0.000000000000000000e+00
0.000000000000000000e+00
0.000000000000000000e+00
0.000000000000000000e+00
0.000000000000000000e+00
0.000000000000000000e+00
0.000000000000000000e+00
0.000000000000000000e+00
0.000000000000000000e+00
0.000000000000000000e+00
0.000000000000000000e+00
0.000000000000000000e+00
0.000000000000000000e+00
0.000000000000000000e+00
0.000000000000000000e+00
0.000000000000000000e+00
0.000000000000000000e+00
0.000000000000000000e+00
0.000000000000000000e+00
0.000000000000000000e+00
0.000000000000000000e+00
0.000000000000000000e+00
0.000000000000000000e+00
0.000000000000000000e+00
0.000000000000000000e+00
0.000000000000000000e+00
0.000000000000000000e+00
0.000000000000000000e+00
0.000000000000000000e+00
0.000000000000000000e+00
0.000000000000000000e+00
0.000000000000000000e+00
0.000000000000000000e+00
0.000000000000000000e+00
0.000000000000000000e+00
0.000000000000000000e+00
0.000000000000000000e+00
0.000000000000000000e+00
0.000000000000000000e+00
0.000000000000000000e+00
0.000000000000000000e+00
0.000000000000000000e+00
0.000000000000000000e+00
0.000000000000000000e+00
0.000000000000000000e+00
0.000000000000000000e+00
0.000000000000000000e+00
0.000000000000000000e+00
0.000000000000000000e+00
0.000000000000000000e+00
0.000000000000000000e+00
0.000000000000000000e+00
0.000000000000000000e+00
0.000000000000000000e+00
0.000000000000000000e+00
0.000000000000000000e+00
0.000000000000000000e+00
0.000000000000000000e+00
0.000000000000000000e+00
0.000000000000000000e+00
0.000000000000000000e+00
0.000000000000000000e+00
0.000000000000000000e+00
0.000000000000000000e+00
0.000000000000000000e+00
0.000000000000000000e+00
0.000000000000000000e+00
0.000000000000000000e+00
0.000000000000000000e+00
0.000000000000000000e+00
0.000000000000000000e+00
0.000000000000000000e+00
0.000000000000000000e+00
0.000000000000000000e+00
0.000000000000000000e+00
0.000000000000000000e+00
0.000000000000000000e+00
0.000000000000000000e+00
0.000000000000000000e+00
0.000000000000000000e+00
0.000000000000000000e+00
0.000000000000000000e+00
0.000000000000000000e+00
0.000000000000000000e+00
0.000000000000000000e+00
0.000000000000000000e+00
0.000000000000000000e+00
0.000000000000000000e+00
0.000000000000000000e+00
0.000000000000000000e+00
0.000000000000000000e+00
0.000000000000000000e+00
0.000000000000000000e+00
0.000000000000000000e+00
0.000000000000000000e+00
0.000000000000000000e+00
0.000000000000000000e+00
0.000000000000000000e+00
0.000000000000000000e+00
0.000000000000000000e+00
0.000000000000000000e+00
0.000000000000000000e+00
0.000000000000000000e+00
0.000000000000000000e+00
0.000000000000000000e+00
0.000000000000000000e+00
0.000000000000000000e+00
0.000000000000000000e+00
0.000000000000000000e+00
0.000000000000000000e+00
0.000000000000000000e+00
0.000000000000000000e+00
0.000000000000000000e+00
0.000000000000000000e+00
0.000000000000000000e+00
0.000000000000000000e+00
0.000000000000000000e+00
0.000000000000000000e+00
