2.144201405443962871e-01
2.961679629571850950e-02
1.250322833026852078e-02
1.015123983110574613e-02
1.040810833098709635e-02
1.111964192400467268e-02
1.184866462496329993e-02
1.252115189944961494e-02
1.313432659483662612e-02
1.369394487557727344e-02
1.420369620489230107e-02
1.466489621161062157e-02
1.507746857004676339e-02
1.544072669233706452e-02
1.575387650458198729e-02
1.601632523201208108e-02
1.622786065006432896e-02
1.638874074472662992e-02
1.649972040210477206e-02
1.656203468933232018e-02
1.657735383465159390e-02
1.654772161220816051e-02
1.647548597639854340e-02
1.636322835186642538e-02
1.621369595743537076e-02
1.602973992039545548e-02
1.581426069577874030e-02
1.557016139814653734e-02
1.530030902500387202e-02
1.500750314350545074e-02
1.469445137212898288e-02
1.436375087051026261e-02
1.401787501631911702e-02
1.365916446893550122e-02
1.328982187417250896e-02
1.291190953689365199e-02
1.252734946842063747e-02
1.213792529609511971e-02
1.174528559891556759e-02
1.135094830336813229e-02
1.095630583628104567e-02
1.056263078647334125e-02
1.017108187439592394e-02
9.782710069439124606e-03
9.398464728811948762e-03
9.019199660638377650e-03
8.645679037899077837e-03
8.278583109744516375e-03
7.918513673116266138e-03
7.565999281055062371e-03
7.221500174980565248e-03
6.885412936971147847e-03
6.558074864958569720e-03
6.239768079043565667e-03
5.930723371057675629e-03
5.631123812239469291e-03
5.341108135631230866e-03
5.060773910693184240e-03
4.790180527820113790e-03
4.529352010060344429e-03
4.278279668503772587e-03
4.036924616633703194e-03
3.805220157528155667e-03
3.583074056239620060e-03
3.370370708056108673e-03
3.166973211716182356e-03
2.972725355071724040e-03
2.787453519206838180e-03
2.610968505661452783e-03
2.443067290196732685e-03
2.283534705489252779e-03
2.132145054257491082e-03
1.988663653607800584e-03
1.852848310830688483e-03
1.724450730472922152e-03
1.603217852243332860e-03
1.488893119166219024e-03
1.381217675359178425e-03
1.279931492867007184e-03
1.184774427113268131e-03
1.095487200720982176e-03
1.011812315690074080e-03
9.334948941873606482e-04
8.602834484943331327e-04
7.919305809577568793e-04
7.281936150890732339e-04
6.688351592537963505e-04
6.136236046743234057e-04
5.623335597345352358e-04
5.147462228175112486e-04
4.706496961262907931e-04
4.298392431291673003e-04
3.921174924345074368e-04
3.572945910348665813e-04
3.251883099659585714e-04
2.956241055033340700e-04
2.684351390694539514e-04
2.434622590469369852e-04
2.205539476920550807e-04
1.995662363172860860e-04
1.803625918649826617e-04
1.628137779278317589e-04
1.467976931876722449e-04
1.321991901447624833e-04
1.189098768963363557e-04
1.068279045987623237e-04
9.585774311350919090e-05
8.590994719546601627e-05
7.690091543483229368e-05
6.875264401249691747e-05
6.139247717516413926e-05
5.475285618215308870e-05
4.877106832197294803e-05
4.338899744495206462e-05
3.855287730930919706e-05
3.421304889330185488e-05
3.032372268632329830e-05
2.684274683748727439e-05
2.373138191261404546e-05
2.095408288935036493e-05
1.847828890643008517e-05
1.627422117678670443e-05
1.431468937554539142e-05
1.257490672312826664e-05
1.103231390058859414e-05
9.666411858939792296e-06
8.458603516412747556e-06
7.392044277118388220e-06
6.451501251346328444e-06
5.623221011045277185e-06
4.894805674183204080e-06
4.255097077701225136e-06
3.694068770601987932e-06
3.202725535977843464e-06
2.773010132943151152e-06
2.397716936045446661e-06
2.070412140688653565e-06
1.785360197551571147e-06
1.537456136962221821e-06
1.322163445047509951e-06
1.135457156883894535e-06
9.737718376782863127e-07
8.339541305648085832e-07
7.132195589203199465e-07
6.091132816031558793e-07
5.194745112745898017e-07
4.424043183149722563e-07
3.762365560287502438e-07
3.195116562323897414e-07
2.709530580966343391e-07
2.294460468768667812e-07
1.940187929053905246e-07
1.638253947602943112e-07
1.381307438387344087e-07
1.162970404487849209e-07
9.777180400830682630e-08
8.207723200877556130e-08
6.880077378448822524e-08
5.758679611312541835e-08
4.812922802222261108e-08
4.016508183859421477e-08
3.346875676781545655e-08
2.784703981381743730e-08
2.313472679729099074e-08
1.919079368332058951e-08
1.589505527163807170e-08
1.314525456278203703e-08
1.085453202457219746e-08
8.949229178849499496e-09
7.366985918607440648e-09
6.055095261238389348e-09
4.969083349195005820e-09
4.071486123762580377e-09
3.330797360606817569e-09
2.720565730306910527e-09
2.218621208578395973e-09
1.806413514941451550e-09
1.468447414292808133e-09
1.191801570350264382e-09
9.657193635721229100e-10
7.812615339077537670e-10
6.310118716165819552e-10
5.088282970286523294e-10
4.096327308178856591e-10
3.292340435129199615e-10
2.641791320549662056e-10
2.116279153440232684e-10
1.692485816493369218e-10
1.351299768196583244e-10
1.077084780304861122e-10
8.570704076507674953e-11
6.808452832298080197e-11
5.399363450392725987e-11
4.274602639151008447e-11
3.378351616281002999e-11
2.665426010527916039e-11
2.099316721128649121e-11
1.650576210462996510e-11
1.295496587758622151e-11
1.015025044531701647e-11
7.938780757902046147e-12
6.198177544055919649e-12
4.830636693450986742e-12
3.758124133066439660e-12
2.918509601661859188e-12
2.262408638662054133e-12
1.750642987225076960e-12
1.352187663924144078e-12
1.042524286547212068e-12
8.023080498895999907e-13
6.163099965646575502e-13
4.725596486268791307e-13
3.616670457053830974e-13
2.762828721626471123e-13
2.106627996343206206e-13
1.603264324637776326e-13
1.217881750896263984e-13
9.233846385267086030e-14
6.987717786445967802e-14
5.277810398145182033e-14
3.978679089454551950e-14
2.993645455859078905e-14
2.248024310274964061e-14
1.684893431400930967e-14
1.260304808677472158e-14
9.408864957971100540e-15
7.010338742815879695e-15
5.213493411608883015e-15
3.868812216981968299e-15
2.864912353485317854e-15
2.117952292756302498e-15
1.562144148673315641e-15
1.149471374555476751e-15
8.445887798311314121e-16
6.191043219661338985e-16
4.529666136410009792e-16
3.304230081993162722e-16
2.406958430167057719e-16
1.746048672786031335e-16
1.266806252515012125e-16
9.168844929964533166e-17
6.598018516982421848e-17
4.753695421866223110e-17
3.424959993856298878e-17
2.421792126930359624e-17
1.758587587254938645e-17
1.242327844069233675e-17
9.236815020081839883e-18
6.273442990577070230e-18
4.649858933781082933e-18
3.675670820808817802e-18
2.356549771000335604e-18
2.236467809809275205e-18
1.070930671501897530e-18
1.015876257584330382e-18
6.289048974309090409e-19
5.317074124100393810e-19
3.388241989447623484e-19
2.475316881693950547e-19
2.704010585598324515e-19
4.871704658538127588e-19
0.000000000000000000e+00
9.938343993260887685e-20
8.420198962973428032e-20
0.000000000000000000e+00
3.103412359166537821e-19
3.290420938350451201e-19
4.962484212722932556e-19
9.586017074275475097e-20
0.000000000000000000e+00
3.862547700986605988e-19
0.000000000000000000e+00
3.872250699769500899e-19
0.000000000000000000e+00
2.210220475570286726e-19
4.825223527061675784e-19
2.562030561526464589e-19
6.983761503578481240e-20
1.419306026231897058e-19
6.407406309991610042e-20
3.048883619271393613e-19
1.564745965463186182e-19
1.470666389883006374e-19
2.283322561648742313e-19
6.097951370710728656e-20
0.000000000000000000e+00
2.126320971729389282e-19
5.775756867184253336e-20
0.000000000000000000e+00
2.068117077539915399e-19
4.666234302439535897e-19
1.536797799051724948e-19
0.000000000000000000e+00
4.130297780730828884e-20
3.972462000357655363e-20
4.528262879292360156e-19
1.474046293450093328e-19
0.000000000000000000e+00
4.530181950236937614e-19
3.966149064108100135e-19
6.461700582477907747e-20
4.519895471804819383e-20
3.740157772547554866e-19
6.117147027572809284e-20
1.269407264103110805e-19
4.670206807163975016e-20
3.988282726556508902e-20
3.717466425458652483e-20
0.000000000000000000e+00
1.142547234392737734e-19
3.540578942526536983e-20
2.780222587966413543e-19
1.243593451230058332e-19
3.440929638107669038e-20
2.738973654587526275e-20
4.403461946593202066e-19
0.000000000000000000e+00
2.762370239217744968e-19
1.219773982498700804e-19
2.821774328377466997e-19
0.000000000000000000e+00
4.433462732454445431e-19
0.000000000000000000e+00
0.000000000000000000e+00
0.000000000000000000e+00
4.406830085340147652e-19
2.106097023921793865e-19
1.197851272321228055e-19
0.000000000000000000e+00
1.929764784536908305e-19
1.991745788077881038e-19
3.658013695103150478e-19
2.072137204668423597e-19
0.000000000000000000e+00
2.768633651885597174e-20
0.000000000000000000e+00
2.343163908764872090e-20
2.177267655196284410e-20
1.028036151338707027e-19
4.371161545191828675e-19
3.380445149244613483e-20
0.000000000000000000e+00
1.841836784066061829e-19
2.297488981487689800e-20
1.833840301763258754e-19
0.000000000000000000e+00
0.000000000000000000e+00
1.307675216556735676e-20
3.440594670680440785e-19
4.370809432540792597e-19
2.718857185683184350e-20
1.662425056583392366e-20
0.000000000000000000e+00
2.626450479408866595e-19
5.185768233150933389e-19
1.951612897191226716e-19
1.889837473165016397e-19
4.380782667995334290e-19
1.962056651501716612e-19
4.409246932800220669e-19
0.000000000000000000e+00
3.548078872036329339e-19
4.445010435629602365e-19
3.244862732331303732e-20
1.065929741538872198e-19
5.216984623174448414e-19
1.974430908605349438e-19
0.000000000000000000e+00
5.186056215937806816e-19
2.880141362686496328e-20
1.861402460530046226e-19
0.000000000000000000e+00
5.145163158672384904e-19
0.000000000000000000e+00
1.561678331537970572e-20
9.645035060699808753e-20
1.791850426064491426e-19
0.000000000000000000e+00
0.000000000000000000e+00
7.811323622051275034e-21
1.724858939657913389e-19
4.228014378689919966e-19
1.101499724656582171e-20
6.934655054321905983e-21
5.786102739674924705e-21
4.724119940575804885e-21
6.681875211910549150e-19
1.028478429086377432e-20
1.721093756701245847e-19
5.913998839809751704e-21
0.000000000000000000e+00
2.524926252479156148e-19
0.000000000000000000e+00
5.842546062768070828e-19
2.553290164095446231e-19
8.845187558715535995e-20
4.140979245625403534e-21
2.660550682504636865e-21
1.535077112177634627e-21
0.000000000000000000e+00
0.000000000000000000e+00
8.706423711514879748e-23
1.854024082128593201e-23
2.430121568775391527e-24
2.182849121699860404e-25
2.162227181360239468e-26
2.468430559150307441e-27
2.702078588347158989e-28
3.031340125105750660e-29
3.707648903752816593e-30
4.777790330277966536e-31
6.244558003154475245e-32
8.003345488793702680e-33
9.852790287396371860e-34
1.162545719376732670e-34
1.318685799694997818e-35
1.439784702121784490e-36
1.520512504907640333e-37
1.556377795025141677e-38
1.559001195822062382e-39
1.554049834836679362e-40
1.575417975159246989e-41
1.656227993558988652e-42
1.821744096289145392e-43
2.086545748243866546e-44
2.454276470592204276e-45
2.917645966961813334e-46
3.458538040385577300e-47
4.049955240075702146e-48
4.661430477854071124e-49
5.267879925051252730e-50
5.859772078579452226e-51
6.451160928165238883e-52
7.082480408892850300e-53
7.816644400039511391e-54
8.728712464944320342e-55
9.890891742215959028e-56
1.135656657615946240e-56
1.314911857501587198e-57
1.526160649449289024e-58
1.767017128588703059e-59
2.035794181928611013e-60
2.334034574226071307e-61
2.668062277165977731e-62
3.048761204300226117e-63
3.489522607577914841e-64
4.003098897548044527e-65
4.598594334313174363e-66
5.279805035394004814e-67
6.045622667499724195e-68
6.892461680003284383e-69
7.817959446273048561e-70
8.824791455986456144e-71
9.923477902450625315e-72
1.113351282291668258e-72
1.248284462272142166e-73
1.400639597706075635e-74
1.574466112793606838e-75
1.774335778510570593e-76
2.005487410464129345e-77
2.274260543083305226e-78
2.589195732913855118e-79
2.964089178034613488e-80
3.426910451077055163e-81
4.045773749920840420e-82
5.003302461022765176e-83
6.806400595676520700e-84
1.087152005241263560e-84
2.114330684453936824e-85
4.853531876960693049e-86
1.230158566251990437e-86
3.262336306257139935e-87
8.788626823331385075e-88
2.372481436142428417e-88
6.379940720846613132e-89
1.704828504563153907e-89
4.522007553794298300e-90
1.190036666823756551e-90
3.106458605408995999e-91
8.042454856145317615e-92
2.064855044090718282e-92
5.256977380847397479e-93
1.327086220697361870e-93
3.321626417853787016e-94
8.242587538294291561e-95
2.027729612398460780e-95
4.944958417301815717e-96
1.195345922237787026e-96
2.864012637199557803e-97
6.801087774927078006e-98
1.600572898898952319e-98
3.732823131978342448e-99
8.626511838109389155e-100
1.975329746903667115e-100
4.481475248777375127e-101
1.007278560942125202e-101
2.242824371439142765e-102
4.946837569631045305e-103
1.080727196106885332e-103
2.338458200765785958e-104
5.011145481501162613e-105
1.063424735049496343e-105
2.234637261148761424e-106
4.649494469446252862e-107
9.577903254564027130e-108
1.953297775786675402e-108
3.943362905295236933e-109
7.880104806252652458e-110
1.558585237891597933e-110
3.050903620695325121e-111
5.910054853265666990e-112
1.132882936652011672e-112
2.148691873353249878e-113
4.032028392590151438e-114
7.485102935499429829e-115
1.374550855440739196e-115
2.496757899819503577e-116
4.485470862756419062e-117
7.969272719714232385e-118
1.400138782518447171e-118
2.432358461575062529e-119
4.177824183914284517e-120
7.094151499969677158e-121
1.190802504196925422e-121
1.975735910567989346e-122
3.239876382727526281e-123
5.250474074082271282e-124
8.408119689069034980e-125
1.330420444865913047e-125
2.079828720403004741e-126
3.211984566876973890e-127
4.899871919066073447e-128
7.382767321688856356e-129
1.098586293886599312e-129
1.614308989844249595e-130
2.342249638284697289e-131
3.355288209012505460e-132
4.744957152793466455e-133
6.623626257017927827e-134
9.125889562519604389e-135
1.240865831859463197e-135
1.664939984023260410e-136
2.204194615773711070e-137
2.878935170071513042e-138
3.709342695303540720e-139
4.714082908161984278e-140
5.908595260031598376e-141
7.303131730861567746e-142
8.900666017194002998e-143
1.069484440401616878e-143
1.266819226507031608e-144
1.479081619928549050e-145
1.701984296038667836e-146
1.929980614323211515e-147
2.156412716972114697e-148
2.373774050920321260e-149
2.574079198210844942e-150
2.749320661232864895e-151
2.891979616701521021e-152
2.995547542573380911e-153
3.055009824652301731e-154
3.067242292509203119e-155
3.031277694566482584e-156
2.948411044740778496e-157
2.822129248443342219e-158
2.657869336817862883e-159
2.462628418198793265e-160
2.244464454350075982e-161
2.011937943261664778e-162
1.773549082106326313e-163
1.537222563437668671e-164
1.309883473299504894e-165
1.097154388516369873e-166
9.031879029459403404e-168
7.306328447876024253e-169
5.807185631032488875e-170
4.534314914088147940e-171
3.477526084391502467e-172
2.619234732355750322e-173
1.937115742366812619e-174
1.406516741417693689e-175
1.002473083338236913e-176
7.012429825247212569e-178
4.813500818079310753e-179
3.241740160998767340e-180
2.141643006829674494e-181
1.387694761040541298e-182
8.817474807672367396e-184
5.493162841110814814e-185
3.354689807424102540e-186
2.007967623903814759e-187
1.177761544326434597e-188
6.768233358450548302e-190
3.810049286842448719e-191
2.100594616995368279e-192
1.134040028029678105e-193
5.993853266792097975e-195
3.100926792186841999e-196
1.570000069441842460e-197
7.777582064738142056e-199
3.769113867836122188e-200
1.786469077494544156e-201
8.279880952758030326e-203
3.751756545401070702e-204
1.661635036249318352e-205
7.191746321616600605e-207
3.041143377055253057e-208
1.256169118236022521e-209
5.067241729262434973e-211
1.995766648982196245e-212
7.672971026511683068e-214
2.878940658044839339e-215
1.053939212755256775e-216
3.763648496603951786e-218
1.310716356388239559e-219
4.450498180076103845e-221
1.472995344468434873e-222
4.750923455900689762e-224
1.492891101268352111e-225
4.569194023340476756e-227
1.361754318465078267e-228
3.950847521060005189e-230
1.115570653353012371e-231
3.064787855927657178e-233
8.189921179091469487e-235
2.128200860115179170e-236
5.376193019531212517e-238
1.319897742238242983e-239
3.148334068022871550e-241
7.294009318150892865e-243
1.640833983073801437e-244
3.582956483238924813e-246
7.592076475797359189e-248
1.560569600396676102e-249
3.110773243799932357e-251
6.011363724737151480e-253
1.125774774818045936e-254
2.042470778386719801e-256
3.588686284518607359e-258
6.104320771947371527e-260
1.004860274118263387e-261
1.600228680554523100e-263
2.464366250341341837e-265
3.668691738994313321e-267
5.277557422191945548e-269
7.333317558989505628e-271
9.838767771992272024e-273
1.274023275406398227e-274
1.591589001378904523e-276
1.917425679754974451e-278
2.226659838830515014e-280
2.491420763234983215e-282
2.684754922703634104e-284
2.785026487286913205e-286
2.779841424984267658e-288
2.668527320595522520e-290
2.462493366430078604e-292
2.183317589591417865e-294
1.859000489095350642e-296
1.519290081625518407e-298
1.191170098140645977e-300
8.954622678253957516e-303
6.450968206224200077e-305
4.451078674774601151e-307
2.939827712266620510e-309
1.857560100628188446e-311
1.122201641575281870e-313
6.478029560319334638e-316
3.571002734354903360e-318
1.878437585488419361e-320
9.387247270983684339e-323
0.000000000000000000e+00
0.000000000000000000e+00
0.000000000000000000e+00
0.000000000000000000e+00
0.000000000000000000e+00
0.000000000000000000e+00
0.000000000000000000e+00
0.000000000000000000e+00
0.000000000000000000e+00
0.000000000000000000e+00
0.000000000000000000e+00
0.000000000000000000e+00
0.000000000000000000e+00
0.000000000000000000e+00
0.000000000000000000e+00
0.000000000000000000e+00
0.000000000000000000e+00
0.000000000000000000e+00
0.000000000000000000e+00
0.000000000000000000e+00
0.000000000000000000e+00
0.000000000000000000e+00
0.000000000000000000e+00
0.000000000000000000e+00
0.000000000000000000e+00
0.000000000000000000e+00
0.000000000000000000e+00
0.000000000000000000e+00
0.000000000000000000e+00
0.000000000000000000e+00
0.000000000000000000e+00
0.000000000000000000e+00
0.000000000000000000e+00
0.000000000000000000e+00
0.000000000000000000e+00
0.000000000000000000e+00
0.000000000000000000e+00
0.000000000000000000e+00
0.000000000000000000e+00
0.000000000000000000e+00
0.000000000000000000e+00
0.000000000000000000e+00
0.000000000000000000e+00
0.000000000000000000e+00
0.000000000000000000e+00
0.000000000000000000e+00
0.000000000000000000e+00
0.000000000000000000e+00
0.000000000000000000e+00
0.000000000000000000e+00
0.000000000000000000e+00
0.000000000000000000e+00
0.000000000000000000e+00
0.000000000000000000e+00
0.000000000000000000e+00
0.000000000000000000e+00
0.000000000000000000e+00
0.000000000000000000e+00
0.000000000000000000e+00
0.000000000000000000e+00
0.000000000000000000e+00
0.000000000000000000e+00
0.000000000000000000e+00
0.000000000000000000e+00
0.000000000000000000e+00
0.000000000000000000e+00
0.000000000000000000e+00
0.000000000000000000e+00
0.000000000000000000e+00
0.000000000000000000e+00
0.000000000000000000e+00
0.000000000000000000e+00
0.000000000000000000e+00
0.000000000000000000e+00
0.000000000000000000e+00
0.000000000000000000e+00
0.000000000000000000e+00
0.000000000000000000e+00
0.000000000000000000e+00
0.000000000000000000e+00
0.000000000000000000e+00
0.000000000000000000e+00
0.000000000000000000e+00
0.000000000000000000e+00
0.000000000000000000e+00
0.000000000000000000e+00
0.000000000000000000e+00
0.000000000000000000e+00
0.000000000000000000e+00
0.000000000000000000e+00
0.000000000000000000e+00
0.000000000000000000e+00
0.000000000000000000e+00
0.000000000000000000e+00
0.000000000000000000e+00
0.000000000000000000e+00
0.000000000000000000e+00
0.000000000000000000e+00
0.000000000000000000e+00
0.000000000000000000e+00
0.000000000000000000e+00
0.000000000000000000e+00
0.000000000000000000e+00
0.000000000000000000e+00
0.000000000000000000e+00
0.000000000000000000e+00
0.000000000000000000e+00
0.000000000000000000e+00
0.000000000000000000e+00
0.000000000000000000e+00
0.000000000000000000e+00
0.000000000000000000e+00
0.000000000000000000e+00
0.000000000000000000e+00
0.000000000000000000e+00
0.000000000000000000e+00
0.000000000000000000e+00
0.000000000000000000e+00
0.000000000000000000e+00
0.000000000000000000e+00
0.000000000000000000e+00
0.000000000000000000e+00
0.000000000000000000e+00
0.000000000000000000e+00
0.000000000000000000e+00
0.000000000000000000e+00
0.000000000000000000e+00
0.000000000000000000e+00
0.000000000000000000e+00
0.000000000000000000e+00
0.000000000000000000e+00
