2.155264457891706287e-01
3.400817867276020173e-02
1.969595497419120156e-02
1.935438337834235675e-02
2.104837256132208873e-02
2.284685121795627591e-02
2.443672469493917906e-02
2.578148636148097639e-02
2.687498341636044424e-02
2.771112620870343213e-02
2.828722982975422767e-02
2.860736168708827645e-02
2.868279757686551662e-02
2.853085025879962058e-02
2.817311457823983012e-02
2.763369934775050316e-02
2.693771184646145261e-02
2.611008467750740997e-02
2.517474049084511903e-02
2.415404706995831832e-02
2.306850200565195227e-02
2.193658822216971310e-02
2.077475018645344798e-02
1.959745089434245663e-02
1.841727936006102434e-02
1.724508643994928161e-02
1.609013324446332757e-02
1.496024131648373938e-02
1.386193746946644094e-02
1.280058896739370844e-02
1.178052681308216533e-02
1.080515644901488929e-02
9.877056269271374672e-03
8.998065063734978636e-03
8.169359924145490337e-03
7.391526291281363438e-03
6.664621771592139053e-03
5.988235159312384204e-03
5.361541823318287728e-03
4.783356306719403241e-03
4.252182681301505847e-03
3.766262926759763371e-03
3.323623383151841793e-03
2.922119161298811045e-03
2.559476289523705123e-03
2.233331320537264991e-03
1.941268110914286769e-03
1.680851507761439581e-03
1.449657723302058250e-03
1.245301239568440263e-03
1.065458154897647907e-03
9.078859556133505888e-04
7.704397656606590478e-04
6.510851907759443360e-04
5.479079297820481581e-04
4.591203724055673572e-04
3.830654399011254878e-04
3.182179515635542768e-04
2.631838171647269482e-04
2.166973630536937593e-04
1.776170989433254604e-04
1.449202242915297544e-04
1.176961588063839427e-04
9.513936215753560760e-05
7.654168466919533296e-05
6.128446477518729486e-05
4.883056143866657233e-05
3.871648158130281027e-05
3.054473471226630429e-05
2.397652014269967242e-05
1.872482702074197803e-05
1.454800438579413871e-05
1.124383783945008151e-05
8.644151457492676456e-06
6.609938297108224054e-06
5.027010263046808697e-06
3.802148077363320597e-06
2.859724476988313144e-06
2.138768321086671724e-06
1.590433773009553324e-06
1.175836860856206649e-06
8.642212435650990909e-07
6.314156493760270600e-07
4.585469612596669768e-07
3.309750694779590626e-07
2.374181932499969577e-07
1.692402161571941095e-07
1.198745382823192557e-07
8.436190431660517325e-08
5.898253033854479044e-08
4.096555561320470926e-08
2.826134413388735589e-08
1.936442591186045873e-08
1.317688786227779811e-08
8.903797130775436369e-09
5.973774241010389132e-09
3.979143775285321411e-09
2.631194877039430956e-09
1.727004102584706766e-09
1.125030289644789869e-09
7.273076590415789761e-10
4.665593314492013080e-10
2.969484657825423588e-10
1.874953548012820451e-10
1.174313016460692591e-10
7.294724442714407699e-11
4.493783653348532162e-11
2.744980541535323181e-11
1.662396616062687021e-11
9.980251829288751997e-12
5.938847918693047417e-12
3.502332790563175092e-12
2.046665192917506584e-12
1.184974267920957816e-12
6.796445020128372835e-13
3.860988956731371248e-13
2.172180417865841395e-13
1.210068026831625701e-13
6.673569283465421210e-14
3.643392326400613189e-14
1.968447906467385187e-14
1.052502595096326198e-14
5.565543556362182391e-15
2.912670561575938150e-15
1.507066985385556559e-15
7.704953725764270551e-16
3.895796620111344399e-16
1.942341350557224450e-16
9.551428768851101156e-17
4.662158263295330283e-17
2.248272142103593481e-17
1.094662744582100340e-17
5.040056985197628366e-18
2.339530058523093921e-18
5.913061411267588658e-19
0.000000000000000000e+00
4.522441327212383439e-19
1.298174364908952878e-18
4.565748648011972253e-20
1.762094856313150836e-20
7.452221911234891448e-21
3.097680159640172319e-21
1.268146630550742599e-21
5.111279467112044887e-22
2.027920225865143371e-22
7.918653458977748647e-23
3.042356051353717497e-23
1.149722760933722428e-23
4.272318230480718808e-24
1.560565174291293407e-24
5.601513806716948291e-25
1.975094767775294059e-25
6.838797017788796425e-26
2.324487679798366110e-26
7.753062075632188022e-27
2.536626668657438610e-27
8.137890846265029228e-28
2.558996343688507773e-28
7.884170830981119777e-29
2.378988798907223842e-29
7.027413250347266407e-30
2.031314384100231594e-30
5.743071333080445819e-31
1.587444157111288474e-31
4.287818421108877329e-32
1.131225361344862747e-32
2.913548843976472525e-33
7.322104566206192680e-34
1.794585808012886702e-34
4.287216841434303824e-35
9.977727922316302979e-36
2.260937459550956905e-36
4.985345462134511471e-37
1.069040469664015132e-37
2.228027772340703044e-38
4.510272936832244821e-39
8.862609736986802241e-40
1.689313290094998992e-40
3.121432103741787746e-41
5.587145415125942091e-42
9.680713708995046936e-43
1.622506440023940319e-43
2.628443103133285204e-44
4.112501801417948149e-45
6.209573561281778846e-46
9.040835823765033370e-47
1.268175491544902947e-47
1.712365394953845387e-48
2.223675154118607436e-49
2.774625292352336827e-50
3.323411447374576440e-51
3.817572763884038496e-52
4.201246963049750755e-53
4.424947546642281181e-54
4.455690960777416273e-55
4.284726810161753646e-56
3.930448075132184621e-57
3.435314909144763538e-58
2.857430703327147394e-59
2.259083772532252371e-60
1.695439362119251351e-61
1.206295058120890247e-62
8.125604637249425591e-64
5.174623007069580269e-65
3.110944533490702693e-66
1.762968508546301650e-67
9.402887628676476954e-69
4.712423003960718378e-70
2.215493528977631655e-71
9.754169098877750401e-73
4.014449342615935101e-74
1.541594584920516672e-75
5.512947402118326278e-77
1.832290671654184661e-78
5.647981908427639363e-80
1.611142587302508157e-81
4.243546350703271184e-83
1.029549194620789027e-84
2.295147392746729855e-86
4.689120628364497064e-88
8.756040915921509434e-90
1.490115929213692775e-91
2.304232388610913597e-93
3.227433582905162555e-95
4.081046113646157031e-97
4.642465927494833281e-99
4.733516430633676513e-101
4.309031919006936118e-103
3.487696892807208483e-105
2.498932202922471048e-107
1.577617018353894109e-109
8.732224944284395857e-112
4.215288815443666935e-114
1.764640013171484722e-116
6.367775655298156677e-119
1.967935633722997647e-121
5.172580588363562332e-124
1.147704879093667774e-126
2.132458275140065894e-129
3.289115125928137799e-132
4.171918825871402295e-135
4.307396957538796208e-138
3.580092086990234930e-141
2.366572878189188422e-144
1.227873663037119192e-147
4.928473335548924032e-151
1.506253167303117466e-154
3.444420066028437602e-158
5.780715299133032616e-162
6.969585893035851578e-166
5.894834608520889760e-170
3.406168395832925386e-174
1.305288941636330773e-178
3.208573110875753058e-183
4.872286212369841104e-188
4.379475064807482901e-193
2.219360287812932445e-198
5.996355397065951113e-204
8.098253330035064631e-210
5.071956855021694816e-216
1.349214629544393259e-222
1.374037006061020822e-229
4.732310759160669591e-237
4.745596228049818204e-245
1.153887838898627709e-253
5.421134495442831745e-263
3.695632819312229576e-273
2.528977831999454648e-284
1.069424508722405199e-296
1.448543062955763322e-310
0.000000000000000000e+00
0.000000000000000000e+00
0.000000000000000000e+00
0.000000000000000000e+00
0.000000000000000000e+00
0.000000000000000000e+00
0.000000000000000000e+00
